/*--------------------------------*- C++ -*----------------------------------*\
  =========                 |
  \\      /  F ield         | OpenFOAM: The Open Source CFD Toolbox
   \\    /   O peration     | Website:  https://openfoam.org
    \\  /    A nd           | Version:  10
     \\/     M anipulation  |
\*---------------------------------------------------------------------------*/
FoamFile
{
    format      ascii;
    class       volVectorField;
    location    "1.045";
    object      Ua;
}
// * * * * * * * * * * * * * * * * * * * * * * * * * * * * * * * * * * * * * //

dimensions      [0 1 -1 0 0 0 0];

internalField   nonuniform List<vector> 
100
(
(0.0071207 0 0)
(0.0142213 0 0)
(0.0141807 0 0)
(0.0141398 0 0)
(0.0140987 0 0)
(0.0140576 0 0)
(0.0140166 0 0)
(0.0139756 0 0)
(0.0139348 0 0)
(0.013894 0 0)
(0.0138532 0 0)
(0.0138126 0 0)
(0.013772 0 0)
(0.0137314 0 0)
(0.0136909 0 0)
(0.0136504 0 0)
(0.01361 0 0)
(0.0135696 0 0)
(0.0135292 0 0)
(0.0134887 0 0)
(0.0134483 0 0)
(0.0134079 0 0)
(0.0133675 0 0)
(0.013327 0 0)
(0.0132865 0 0)
(0.013246 0 0)
(0.0132054 0 0)
(0.0131648 0 0)
(0.0131241 0 0)
(0.0130834 0 0)
(0.0130426 0 0)
(0.0130017 0 0)
(0.0129608 0 0)
(0.0129198 0 0)
(0.0128786 0 0)
(0.0128374 0 0)
(0.0127961 0 0)
(0.0127546 0 0)
(0.012713 0 0)
(0.0126713 0 0)
(0.0126295 0 0)
(0.0125875 0 0)
(0.0125454 0 0)
(0.0125031 0 0)
(0.0124606 0 0)
(0.0124179 0 0)
(0.0123751 0 0)
(0.012332 0 0)
(0.0122887 0 0)
(0.0122452 0 0)
(0.0122014 0 0)
(0.0121573 0 0)
(0.012113 0 0)
(0.0120683 0 0)
(0.0120233 0 0)
(0.011978 0 0)
(0.0119322 0 0)
(0.0118861 0 0)
(0.0118394 0 0)
(0.0117923 0 0)
(0.0117446 0 0)
(0.0116962 0 0)
(0.0116472 0 0)
(0.0115973 0 0)
(0.0115466 0 0)
(0.0114949 0 0)
(0.011442 0 0)
(0.0113878 0 0)
(0.0113321 0 0)
(0.0112744 0 0)
(0.0112146 0 0)
(0.011152 0 0)
(0.0110861 0 0)
(0.0110159 0 0)
(0.0109403 0 0)
(0.0108576 0 0)
(0.010765 0 0)
(0.0106587 0 0)
(0.0105318 0 0)
(0.0103728 0 0)
(0.0101587 0 0)
(0.00983867 0 0)
(0.00927301 0 0)
(0.00792572 0 0)
(0.00404473 0 0)
(0.000570409 0 0)
(2.57612e-08 0 0)
(0 0 0)
(0 0 0)
(0 0 0)
(0 0 0)
(0 0 0)
(0 0 0)
(0 0 0)
(0 0 0)
(0 0 0)
(0 0 0)
(0 0 0)
(0 0 0)
(0 0 0)
)
;

boundaryField
{
    inlet
    {
        type            fixedValue;
        value           uniform (0 0 0);
    }
    outlet
    {
        type            zeroGradient;
    }
    yzfaces
    {
        type            empty;
    }
}


// ************************************************************************* //
