/*--------------------------------*- C++ -*----------------------------------*\
  =========                 |
  \\      /  F ield         | OpenFOAM: The Open Source CFD Toolbox
   \\    /   O peration     | Website:  https://openfoam.org
    \\  /    A nd           | Version:  10
     \\/     M anipulation  |
\*---------------------------------------------------------------------------*/
FoamFile
{
    format      ascii;
    class       volVectorField;
    location    "1.045";
    object      Ub;
}
// * * * * * * * * * * * * * * * * * * * * * * * * * * * * * * * * * * * * * //

dimensions      [0 1 -1 0 0 0 0];

internalField   nonuniform List<vector> 
100
(
(1.91707e-05 0 0)
(5.84747e-05 0 0)
(9.90372e-05 0 0)
(0.000139991 0 0)
(0.000181059 0 0)
(0.000222128 0 0)
(0.000263148 0 0)
(0.000304099 0 0)
(0.000344975 0 0)
(0.000385774 0 0)
(0.000426501 0 0)
(0.000467163 0 0)
(0.000507766 0 0)
(0.000548318 0 0)
(0.000588827 0 0)
(0.000629302 0 0)
(0.000669749 0 0)
(0.000710176 0 0)
(0.000750592 0 0)
(0.000791002 0 0)
(0.000831415 0 0)
(0.000871837 0 0)
(0.000912275 0 0)
(0.000952735 0 0)
(0.000993225 0 0)
(0.00103375 0 0)
(0.00107432 0 0)
(0.00111493 0 0)
(0.0011556 0 0)
(0.00119633 0 0)
(0.00123713 0 0)
(0.001278 0 0)
(0.00131895 0 0)
(0.00135999 0 0)
(0.00140112 0 0)
(0.00144235 0 0)
(0.00148369 0 0)
(0.00152514 0 0)
(0.00156671 0 0)
(0.00160841 0 0)
(0.00165025 0 0)
(0.00169224 0 0)
(0.00173438 0 0)
(0.00177668 0 0)
(0.00181916 0 0)
(0.00186182 0 0)
(0.00190468 0 0)
(0.00194775 0 0)
(0.00199104 0 0)
(0.00203457 0 0)
(0.00207836 0 0)
(0.00212241 0 0)
(0.00216675 0 0)
(0.00221141 0 0)
(0.0022564 0 0)
(0.00230175 0 0)
(0.0023475 0 0)
(0.00239367 0 0)
(0.00244032 0 0)
(0.00248747 0 0)
(0.00253519 0 0)
(0.00258354 0 0)
(0.00263258 0 0)
(0.0026824 0 0)
(0.00273311 0 0)
(0.00278483 0 0)
(0.0028377 0 0)
(0.00289191 0 0)
(0.00294769 0 0)
(0.00300533 0 0)
(0.00306519 0 0)
(0.00312776 0 0)
(0.00319368 0 0)
(0.00326382 0 0)
(0.00333941 0 0)
(0.00342217 0 0)
(0.00351471 0 0)
(0.00362108 0 0)
(0.00374792 0 0)
(0.00390696 0 0)
(0.00412105 0 0)
(0.00444108 0 0)
(0.00500674 0 0)
(0.00635403 0 0)
(0.010235 0 0)
(0.0137093 0 0)
(0.0142797 0 0)
(0.0142797 0 0)
(0.0142797 0 0)
(0.0142797 0 0)
(0.0142797 0 0)
(0.0142797 0 0)
(0.0142797 0 0)
(0.0142797 0 0)
(0.0142797 0 0)
(0.0142797 0 0)
(0.0142797 0 0)
(0.0142797 0 0)
(0.0142797 0 0)
(0.0142797 0 0)
)
;

boundaryField
{
    inlet
    {
        type            fixedValue;
        value           uniform (0 0 0);
    }
    outlet
    {
        type            zeroGradient;
    }
    yzfaces
    {
        type            empty;
    }
}


// ************************************************************************* //
