/*--------------------------------*- C++ -*----------------------------------*\
  =========                 |
  \\      /  F ield         | OpenFOAM: The Open Source CFD Toolbox
   \\    /   O peration     | Website:  https://openfoam.org
    \\  /    A nd           | Version:  10
     \\/     M anipulation  |
\*---------------------------------------------------------------------------*/
FoamFile
{
    format      ascii;
    class       volVectorField;
    location    "1.315";
    object      Ua;
}
// * * * * * * * * * * * * * * * * * * * * * * * * * * * * * * * * * * * * * //

dimensions      [0 1 -1 0 0 0 0];

internalField   nonuniform List<vector> 
100
(
(0.00712412 0 0)
(0.0142324 0 0)
(0.0142003 0 0)
(0.0141679 0 0)
(0.0141353 0 0)
(0.0141026 0 0)
(0.0140699 0 0)
(0.0140373 0 0)
(0.0140047 0 0)
(0.0139721 0 0)
(0.0139397 0 0)
(0.0139072 0 0)
(0.0138748 0 0)
(0.0138425 0 0)
(0.0138102 0 0)
(0.013778 0 0)
(0.0137458 0 0)
(0.0137136 0 0)
(0.0136815 0 0)
(0.0136493 0 0)
(0.0136172 0 0)
(0.0135851 0 0)
(0.0135531 0 0)
(0.013521 0 0)
(0.013489 0 0)
(0.0134569 0 0)
(0.0134248 0 0)
(0.0133928 0 0)
(0.0133607 0 0)
(0.0133286 0 0)
(0.0132965 0 0)
(0.0132644 0 0)
(0.0132323 0 0)
(0.0132001 0 0)
(0.013168 0 0)
(0.0131357 0 0)
(0.0131035 0 0)
(0.0130712 0 0)
(0.0130389 0 0)
(0.0130065 0 0)
(0.0129741 0 0)
(0.0129416 0 0)
(0.0129091 0 0)
(0.0128766 0 0)
(0.0128439 0 0)
(0.0128113 0 0)
(0.0127785 0 0)
(0.0127457 0 0)
(0.0127128 0 0)
(0.0126799 0 0)
(0.0126468 0 0)
(0.0126137 0 0)
(0.0125805 0 0)
(0.0125472 0 0)
(0.0125138 0 0)
(0.0124803 0 0)
(0.0124467 0 0)
(0.012413 0 0)
(0.0123792 0 0)
(0.0123452 0 0)
(0.0123112 0 0)
(0.012277 0 0)
(0.0122427 0 0)
(0.0122082 0 0)
(0.0121735 0 0)
(0.0121388 0 0)
(0.0121038 0 0)
(0.0120686 0 0)
(0.0120333 0 0)
(0.0119978 0 0)
(0.011962 0 0)
(0.011926 0 0)
(0.0118898 0 0)
(0.0118533 0 0)
(0.0118166 0 0)
(0.0117795 0 0)
(0.0117421 0 0)
(0.0117043 0 0)
(0.0116662 0 0)
(0.0116276 0 0)
(0.0115886 0 0)
(0.011549 0 0)
(0.0115089 0 0)
(0.0114681 0 0)
(0.0114267 0 0)
(0.0113844 0 0)
(0.0113411 0 0)
(0.0112969 0 0)
(0.0112513 0 0)
(0.0112044 0 0)
(0.0111557 0 0)
(0.011105 0 0)
(0.0110517 0 0)
(0.0109954 0 0)
(0.0109353 0 0)
(0.0108702 0 0)
(0.0107987 0 0)
(0.0107184 0 0)
(0.010626 0 0)
(0.0105159 0 0)
)
;

boundaryField
{
    inlet
    {
        type            fixedValue;
        value           uniform (0 0 0);
    }
    outlet
    {
        type            zeroGradient;
    }
    yzfaces
    {
        type            empty;
    }
}


// ************************************************************************* //
