/*--------------------------------*- C++ -*----------------------------------*\
  =========                 |
  \\      /  F ield         | OpenFOAM: The Open Source CFD Toolbox
   \\    /   O peration     | Website:  https://openfoam.org
    \\  /    A nd           | Version:  10
     \\/     M anipulation  |
\*---------------------------------------------------------------------------*/
FoamFile
{
    format      ascii;
    class       volVectorField;
    location    "1.315";
    object      Ub;
}
// * * * * * * * * * * * * * * * * * * * * * * * * * * * * * * * * * * * * * //

dimensions      [0 1 -1 0 0 0 0];

internalField   nonuniform List<vector> 
100
(
(1.49789e-05 0 0)
(4.58213e-05 0 0)
(7.78542e-05 0 0)
(0.000110314 0 0)
(0.000142939 0 0)
(0.000175616 0 0)
(0.000208288 0 0)
(0.000240928 0 0)
(0.000273522 0 0)
(0.000306063 0 0)
(0.000338549 0 0)
(0.000370981 0 0)
(0.000403361 0 0)
(0.000435692 0 0)
(0.000467978 0 0)
(0.000500223 0 0)
(0.000532431 0 0)
(0.000564606 0 0)
(0.000596752 0 0)
(0.000628874 0 0)
(0.000660974 0 0)
(0.000693058 0 0)
(0.000725129 0 0)
(0.000757191 0 0)
(0.000789247 0 0)
(0.000821301 0 0)
(0.000853357 0 0)
(0.000885417 0 0)
(0.000917486 0 0)
(0.000949566 0 0)
(0.000981661 0 0)
(0.00101377 0 0)
(0.00104591 0 0)
(0.00107806 0 0)
(0.00111025 0 0)
(0.00114246 0 0)
(0.00117471 0 0)
(0.001207 0 0)
(0.00123932 0 0)
(0.00127169 0 0)
(0.0013041 0 0)
(0.00133656 0 0)
(0.00136907 0 0)
(0.00140163 0 0)
(0.00143425 0 0)
(0.00146694 0 0)
(0.00149969 0 0)
(0.0015325 0 0)
(0.00156539 0 0)
(0.00159835 0 0)
(0.00163139 0 0)
(0.00166451 0 0)
(0.00169772 0 0)
(0.00173102 0 0)
(0.00176441 0 0)
(0.0017979 0 0)
(0.0018315 0 0)
(0.00186521 0 0)
(0.00189902 0 0)
(0.00193296 0 0)
(0.00196702 0 0)
(0.00200122 0 0)
(0.00203555 0 0)
(0.00207003 0 0)
(0.00210466 0 0)
(0.00213945 0 0)
(0.00217441 0 0)
(0.00220956 0 0)
(0.00224489 0 0)
(0.00228042 0 0)
(0.00231618 0 0)
(0.00235216 0 0)
(0.00238838 0 0)
(0.00242487 0 0)
(0.00246164 0 0)
(0.00249871 0 0)
(0.00253611 0 0)
(0.00257387 0 0)
(0.00261201 0 0)
(0.00265058 0 0)
(0.00268962 0 0)
(0.00272917 0 0)
(0.0027693 0 0)
(0.00281006 0 0)
(0.00285154 0 0)
(0.00289384 0 0)
(0.00293706 0 0)
(0.00298135 0 0)
(0.00302687 0 0)
(0.00307384 0 0)
(0.00312252 0 0)
(0.00317325 0 0)
(0.00322647 0 0)
(0.00328276 0 0)
(0.0033429 0 0)
(0.00340797 0 0)
(0.00347951 0 0)
(0.00355976 0 0)
(0.00365217 0 0)
(0.00376226 0 0)
)
;

boundaryField
{
    inlet
    {
        type            fixedValue;
        value           uniform (0 0 0);
    }
    outlet
    {
        type            zeroGradient;
    }
    yzfaces
    {
        type            empty;
    }
}


// ************************************************************************* //
