/*--------------------------------*- C++ -*----------------------------------*\
  =========                 |
  \\      /  F ield         | OpenFOAM: The Open Source CFD Toolbox
   \\    /   O peration     | Website:  https://openfoam.org
    \\  /    A nd           | Version:  10
     \\/     M anipulation  |
\*---------------------------------------------------------------------------*/
FoamFile
{
    format      ascii;
    class       volVectorField;
    location    "0.82";
    object      Ua;
}
// * * * * * * * * * * * * * * * * * * * * * * * * * * * * * * * * * * * * * //

dimensions      [0 1 -1 0 0 0 0];

internalField   nonuniform List<vector> 
100
(
(0.00711571 0 0)
(0.0142056 0 0)
(0.0141537 0 0)
(0.0141014 0 0)
(0.0140491 0 0)
(0.0139969 0 0)
(0.0139448 0 0)
(0.0138928 0 0)
(0.0138409 0 0)
(0.013789 0 0)
(0.0137373 0 0)
(0.0136856 0 0)
(0.0136339 0 0)
(0.0135823 0 0)
(0.0135307 0 0)
(0.0134791 0 0)
(0.0134274 0 0)
(0.0133758 0 0)
(0.0133241 0 0)
(0.0132723 0 0)
(0.0132204 0 0)
(0.0131685 0 0)
(0.0131165 0 0)
(0.0130643 0 0)
(0.0130121 0 0)
(0.0129597 0 0)
(0.0129071 0 0)
(0.0128543 0 0)
(0.0128014 0 0)
(0.0127483 0 0)
(0.0126949 0 0)
(0.0126413 0 0)
(0.0125875 0 0)
(0.0125333 0 0)
(0.0124789 0 0)
(0.0124242 0 0)
(0.012369 0 0)
(0.0123136 0 0)
(0.0122577 0 0)
(0.0122013 0 0)
(0.0121445 0 0)
(0.0120871 0 0)
(0.0120291 0 0)
(0.0119705 0 0)
(0.0119111 0 0)
(0.011851 0 0)
(0.0117899 0 0)
(0.0117278 0 0)
(0.0116645 0 0)
(0.0115999 0 0)
(0.0115337 0 0)
(0.0114656 0 0)
(0.0113954 0 0)
(0.0113225 0 0)
(0.0112463 0 0)
(0.011166 0 0)
(0.0110805 0 0)
(0.0109881 0 0)
(0.0108864 0 0)
(0.0107718 0 0)
(0.0106382 0 0)
(0.010475 0 0)
(0.0102623 0 0)
(0.00995667 0 0)
(0.00944432 0 0)
(0.00831876 0 0)
(0.00489092 0 0)
(0.00113043 0 0)
(4.99953e-07 0 0)
(0 0 0)
(0 0 0)
(0 0 0)
(0 0 0)
(0 0 0)
(0 0 0)
(0 0 0)
(0 0 0)
(0 0 0)
(0 0 0)
(0 0 0)
(0 0 0)
(0 0 0)
(0 0 0)
(0 0 0)
(0 0 0)
(0 0 0)
(0 0 0)
(0 0 0)
(0 0 0)
(0 0 0)
(0 0 0)
(0 0 0)
(0 0 0)
(0 0 0)
(0 0 0)
(0 0 0)
(0 0 0)
(0 0 0)
(0 0 0)
(0 0 0)
)
;

boundaryField
{
    inlet
    {
        type            fixedValue;
        value           uniform (0 0 0);
    }
    outlet
    {
        type            zeroGradient;
    }
    yzfaces
    {
        type            empty;
    }
}


// ************************************************************************* //
