/*--------------------------------*- C++ -*----------------------------------*\
  =========                 |
  \\      /  F ield         | OpenFOAM: The Open Source CFD Toolbox
   \\    /   O peration     | Website:  https://openfoam.org
    \\  /    A nd           | Version:  10
     \\/     M anipulation  |
\*---------------------------------------------------------------------------*/
FoamFile
{
    format      ascii;
    class       volVectorField;
    location    "0.82";
    object      Ub;
}
// * * * * * * * * * * * * * * * * * * * * * * * * * * * * * * * * * * * * * //

dimensions      [0 1 -1 0 0 0 0];

internalField   nonuniform List<vector> 
100
(
(2.48033e-05 0 0)
(7.54354e-05 0 0)
(0.000127359 0 0)
(0.000179605 0 0)
(0.00023189 0 0)
(0.000284111 0 0)
(0.000336235 0 0)
(0.000388252 0 0)
(0.00044017 0 0)
(0.000492 0 0)
(0.000543755 0 0)
(0.000595451 0 0)
(0.000647104 0 0)
(0.000698729 0 0)
(0.000750342 0 0)
(0.000801958 0 0)
(0.000853592 0 0)
(0.000905257 0 0)
(0.000956968 0 0)
(0.00100874 0 0)
(0.00106058 0 0)
(0.00111251 0 0)
(0.00116454 0 0)
(0.00121669 0 0)
(0.00126896 0 0)
(0.00132138 0 0)
(0.00137395 0 0)
(0.0014267 0 0)
(0.00147963 0 0)
(0.00153276 0 0)
(0.00158612 0 0)
(0.00163971 0 0)
(0.00169356 0 0)
(0.00174769 0 0)
(0.00180212 0 0)
(0.00185688 0 0)
(0.00191198 0 0)
(0.00196747 0 0)
(0.00202337 0 0)
(0.00207973 0 0)
(0.00213657 0 0)
(0.00219395 0 0)
(0.00225192 0 0)
(0.00231055 0 0)
(0.0023699 0 0)
(0.00243006 0 0)
(0.00249113 0 0)
(0.00255323 0 0)
(0.0026165 0 0)
(0.00268113 0 0)
(0.00274733 0 0)
(0.00281538 0 0)
(0.00288564 0 0)
(0.00295857 0 0)
(0.00303476 0 0)
(0.00311505 0 0)
(0.00320058 0 0)
(0.00329296 0 0)
(0.00339461 0 0)
(0.00350924 0 0)
(0.00364287 0 0)
(0.00380603 0 0)
(0.00401873 0 0)
(0.00432436 0 0)
(0.00483671 0 0)
(0.00596228 0 0)
(0.00939011 0 0)
(0.0131506 0 0)
(0.0142805 0 0)
(0.014281 0 0)
(0.014281 0 0)
(0.014281 0 0)
(0.014281 0 0)
(0.014281 0 0)
(0.014281 0 0)
(0.014281 0 0)
(0.014281 0 0)
(0.014281 0 0)
(0.014281 0 0)
(0.014281 0 0)
(0.014281 0 0)
(0.014281 0 0)
(0.014281 0 0)
(0.014281 0 0)
(0.014281 0 0)
(0.014281 0 0)
(0.014281 0 0)
(0.014281 0 0)
(0.014281 0 0)
(0.014281 0 0)
(0.014281 0 0)
(0.014281 0 0)
(0.014281 0 0)
(0.014281 0 0)
(0.014281 0 0)
(0.014281 0 0)
(0.014281 0 0)
(0.014281 0 0)
(0.014281 0 0)
(0.014281 0 0)
)
;

boundaryField
{
    inlet
    {
        type            fixedValue;
        value           uniform (0 0 0);
    }
    outlet
    {
        type            zeroGradient;
    }
    yzfaces
    {
        type            empty;
    }
}


// ************************************************************************* //
