/*--------------------------------*- C++ -*----------------------------------*\
  =========                 |
  \\      /  F ield         | OpenFOAM: The Open Source CFD Toolbox
   \\    /   O peration     | Website:  https://openfoam.org
    \\  /    A nd           | Version:  10
     \\/     M anipulation  |
\*---------------------------------------------------------------------------*/
FoamFile
{
    format      ascii;
    class       volVectorField;
    location    "0.25";
    object      Ub;
}
// * * * * * * * * * * * * * * * * * * * * * * * * * * * * * * * * * * * * * //

dimensions      [0 1 -1 0 0 0 0];

internalField   nonuniform List<vector> 
100
(
(8.48523e-05 0 0)
(0.00025539 0 0)
(0.000426819 0 0)
(0.000598465 0 0)
(0.000770665 0 0)
(0.000943925 0 0)
(0.00111881 0 0)
(0.00129595 0 0)
(0.00147606 0 0)
(0.00165998 0 0)
(0.00184881 0 0)
(0.00204398 0 0)
(0.00224748 0 0)
(0.00246222 0 0)
(0.00269271 0 0)
(0.00294641 0 0)
(0.00323665 0 0)
(0.00359002 0 0)
(0.00406805 0 0)
(0.00485026 0 0)
(0.0066881 0 0)
(0.0109659 0 0)
(0.0140956 0 0)
(0.0142843 0 0)
(0.0142843 0 0)
(0.0142843 0 0)
(0.0142843 0 0)
(0.0142843 0 0)
(0.0142843 0 0)
(0.0142843 0 0)
(0.0142843 0 0)
(0.0142843 0 0)
(0.0142843 0 0)
(0.0142843 0 0)
(0.0142843 0 0)
(0.0142843 0 0)
(0.0142843 0 0)
(0.0142843 0 0)
(0.0142843 0 0)
(0.0142843 0 0)
(0.0142843 0 0)
(0.0142843 0 0)
(0.0142843 0 0)
(0.0142843 0 0)
(0.0142843 0 0)
(0.0142843 0 0)
(0.0142843 0 0)
(0.0142843 0 0)
(0.0142843 0 0)
(0.0142843 0 0)
(0.0142843 0 0)
(0.0142843 0 0)
(0.0142843 0 0)
(0.0142843 0 0)
(0.0142843 0 0)
(0.0142843 0 0)
(0.0142843 0 0)
(0.0142843 0 0)
(0.0142843 0 0)
(0.0142843 0 0)
(0.0142843 0 0)
(0.0142843 0 0)
(0.0142843 0 0)
(0.0142843 0 0)
(0.0142843 0 0)
(0.0142843 0 0)
(0.0142843 0 0)
(0.0142843 0 0)
(0.0142843 0 0)
(0.0142843 0 0)
(0.0142843 0 0)
(0.0142843 0 0)
(0.0142843 0 0)
(0.0142843 0 0)
(0.0142843 0 0)
(0.0142843 0 0)
(0.0142843 0 0)
(0.0142843 0 0)
(0.0142843 0 0)
(0.0142843 0 0)
(0.0142843 0 0)
(0.0142843 0 0)
(0.0142843 0 0)
(0.0142843 0 0)
(0.0142843 0 0)
(0.0142843 0 0)
(0.0142843 0 0)
(0.0142843 0 0)
(0.0142843 0 0)
(0.0142843 0 0)
(0.0142843 0 0)
(0.0142843 0 0)
(0.0142843 0 0)
(0.0142843 0 0)
(0.0142843 0 0)
(0.0142843 0 0)
(0.0142843 0 0)
(0.0142843 0 0)
(0.0142843 0 0)
(0.0142843 0 0)
)
;

boundaryField
{
    inlet
    {
        type            fixedValue;
        value           uniform (0 0 0);
    }
    outlet
    {
        type            zeroGradient;
    }
    yzfaces
    {
        type            empty;
    }
}


// ************************************************************************* //
