/*--------------------------------*- C++ -*----------------------------------*\
  =========                 |
  \\      /  F ield         | OpenFOAM: The Open Source CFD Toolbox
   \\    /   O peration     | Website:  https://openfoam.org
    \\  /    A nd           | Version:  10
     \\/     M anipulation  |
\*---------------------------------------------------------------------------*/
FoamFile
{
    format      ascii;
    class       volVectorField;
    location    "0.76";
    object      Ua;
}
// * * * * * * * * * * * * * * * * * * * * * * * * * * * * * * * * * * * * * //

dimensions      [0 1 -1 0 0 0 0];

internalField   nonuniform List<vector> 
100
(
(0.00711381 0 0)
(0.0141997 0 0)
(0.0141436 0 0)
(0.0140873 0 0)
(0.0140309 0 0)
(0.0139746 0 0)
(0.0139184 0 0)
(0.0138623 0 0)
(0.0138063 0 0)
(0.0137505 0 0)
(0.0136946 0 0)
(0.0136389 0 0)
(0.0135831 0 0)
(0.0135274 0 0)
(0.0134717 0 0)
(0.0134159 0 0)
(0.0133601 0 0)
(0.0133042 0 0)
(0.0132483 0 0)
(0.0131922 0 0)
(0.0131361 0 0)
(0.0130798 0 0)
(0.0130233 0 0)
(0.0129667 0 0)
(0.0129099 0 0)
(0.0128529 0 0)
(0.0127956 0 0)
(0.0127382 0 0)
(0.0126804 0 0)
(0.0126224 0 0)
(0.012564 0 0)
(0.0125053 0 0)
(0.0124462 0 0)
(0.0123867 0 0)
(0.0123268 0 0)
(0.0122663 0 0)
(0.0122054 0 0)
(0.0121438 0 0)
(0.0120816 0 0)
(0.0120187 0 0)
(0.011955 0 0)
(0.0118903 0 0)
(0.0118247 0 0)
(0.0117579 0 0)
(0.0116898 0 0)
(0.0116201 0 0)
(0.0115487 0 0)
(0.0114751 0 0)
(0.0113989 0 0)
(0.0113197 0 0)
(0.0112365 0 0)
(0.0111484 0 0)
(0.0110538 0 0)
(0.0109507 0 0)
(0.0108356 0 0)
(0.0107033 0 0)
(0.0105446 0 0)
(0.0103426 0 0)
(0.0100619 0 0)
(0.00961445 0 0)
(0.00871298 0 0)
(0.00605179 0 0)
(0.00201521 0 0)
(9.81837e-06 0 0)
(7.12624e-15 0 0)
(0 0 0)
(0 0 0)
(0 0 0)
(0 0 0)
(0 0 0)
(0 0 0)
(0 0 0)
(0 0 0)
(0 0 0)
(0 0 0)
(0 0 0)
(0 0 0)
(0 0 0)
(0 0 0)
(0 0 0)
(0 0 0)
(0 0 0)
(0 0 0)
(0 0 0)
(0 0 0)
(0 0 0)
(0 0 0)
(0 0 0)
(0 0 0)
(0 0 0)
(0 0 0)
(0 0 0)
(0 0 0)
(0 0 0)
(0 0 0)
(0 0 0)
(0 0 0)
(0 0 0)
(0 0 0)
(0 0 0)
)
;

boundaryField
{
    inlet
    {
        type            fixedValue;
        value           uniform (0 0 0);
    }
    outlet
    {
        type            zeroGradient;
    }
    yzfaces
    {
        type            empty;
    }
}


// ************************************************************************* //
