/*--------------------------------*- C++ -*----------------------------------*\
  =========                 |
  \\      /  F ield         | OpenFOAM: The Open Source CFD Toolbox
   \\    /   O peration     | Website:  https://openfoam.org
    \\  /    A nd           | Version:  10
     \\/     M anipulation  |
\*---------------------------------------------------------------------------*/
FoamFile
{
    format      ascii;
    class       volVectorField;
    location    "0.76";
    object      Ub;
}
// * * * * * * * * * * * * * * * * * * * * * * * * * * * * * * * * * * * * * //

dimensions      [0 1 -1 0 0 0 0];

internalField   nonuniform List<vector> 
100
(
(2.68741e-05 0 0)
(8.16615e-05 0 0)
(0.000137741 0 0)
(0.000194114 0 0)
(0.000250498 0 0)
(0.000306798 0 0)
(0.000362986 0 0)
(0.00041906 0 0)
(0.000475031 0 0)
(0.000530916 0 0)
(0.000586732 0 0)
(0.0006425 0 0)
(0.000698238 0 0)
(0.000753967 0 0)
(0.000809705 0 0)
(0.000865469 0 0)
(0.00092128 0 0)
(0.000977153 0 0)
(0.00103311 0 0)
(0.00108916 0 0)
(0.00114532 0 0)
(0.00120162 0 0)
(0.00125807 0 0)
(0.00131469 0 0)
(0.00137149 0 0)
(0.0014285 0 0)
(0.00148574 0 0)
(0.00154322 0 0)
(0.00160097 0 0)
(0.00165901 0 0)
(0.00171738 0 0)
(0.00177609 0 0)
(0.00183517 0 0)
(0.00189467 0 0)
(0.00195461 0 0)
(0.00201504 0 0)
(0.00207601 0 0)
(0.00213757 0 0)
(0.00219977 0 0)
(0.0022627 0 0)
(0.00232642 0 0)
(0.00239105 0 0)
(0.00245669 0 0)
(0.00252349 0 0)
(0.00259161 0 0)
(0.00266126 0 0)
(0.00273271 0 0)
(0.0028063 0 0)
(0.00288245 0 0)
(0.00296172 0 0)
(0.00304489 0 0)
(0.003133 0 0)
(0.00322754 0 0)
(0.00333068 0 0)
(0.00344575 0 0)
(0.00357807 0 0)
(0.00373677 0 0)
(0.00393877 0 0)
(0.00421951 0 0)
(0.00466692 0 0)
(0.0055684 0 0)
(0.00822958 0 0)
(0.0122662 0 0)
(0.0142716 0 0)
(0.0142814 0 0)
(0.0142814 0 0)
(0.0142814 0 0)
(0.0142814 0 0)
(0.0142814 0 0)
(0.0142814 0 0)
(0.0142814 0 0)
(0.0142814 0 0)
(0.0142814 0 0)
(0.0142814 0 0)
(0.0142814 0 0)
(0.0142814 0 0)
(0.0142814 0 0)
(0.0142814 0 0)
(0.0142814 0 0)
(0.0142814 0 0)
(0.0142814 0 0)
(0.0142814 0 0)
(0.0142814 0 0)
(0.0142814 0 0)
(0.0142814 0 0)
(0.0142814 0 0)
(0.0142814 0 0)
(0.0142814 0 0)
(0.0142814 0 0)
(0.0142814 0 0)
(0.0142814 0 0)
(0.0142814 0 0)
(0.0142814 0 0)
(0.0142814 0 0)
(0.0142814 0 0)
(0.0142814 0 0)
(0.0142814 0 0)
(0.0142814 0 0)
(0.0142814 0 0)
(0.0142814 0 0)
)
;

boundaryField
{
    inlet
    {
        type            fixedValue;
        value           uniform (0 0 0);
    }
    outlet
    {
        type            zeroGradient;
    }
    yzfaces
    {
        type            empty;
    }
}


// ************************************************************************* //
