/*--------------------------------*- C++ -*----------------------------------*\
  =========                 |
  \\      /  F ield         | OpenFOAM: The Open Source CFD Toolbox
   \\    /   O peration     | Website:  https://openfoam.org
    \\  /    A nd           | Version:  10
     \\/     M anipulation  |
\*---------------------------------------------------------------------------*/
FoamFile
{
    format      ascii;
    class       volVectorField;
    location    "0.875";
    object      Ub;
}
// * * * * * * * * * * * * * * * * * * * * * * * * * * * * * * * * * * * * * //

dimensions      [0 1 -1 0 0 0 0];

internalField   nonuniform List<vector> 
100
(
(2.31564e-05 0 0)
(7.04803e-05 0 0)
(0.000119092 0 0)
(0.000168047 0 0)
(0.000217063 0 0)
(0.000266034 0 0)
(0.00031492 0 0)
(0.000363709 0 0)
(0.000412402 0 0)
(0.000461009 0 0)
(0.000509539 0 0)
(0.000558005 0 0)
(0.00060642 0 0)
(0.000654797 0 0)
(0.000703149 0 0)
(0.000751489 0 0)
(0.000799829 0 0)
(0.000848181 0 0)
(0.000896557 0 0)
(0.000944968 0 0)
(0.000993426 0 0)
(0.00104194 0 0)
(0.00109053 0 0)
(0.00113919 0 0)
(0.00118795 0 0)
(0.00123681 0 0)
(0.00128578 0 0)
(0.00133488 0 0)
(0.00138411 0 0)
(0.0014335 0 0)
(0.00148304 0 0)
(0.00153276 0 0)
(0.00158267 0 0)
(0.00163278 0 0)
(0.00168311 0 0)
(0.00173367 0 0)
(0.00178449 0 0)
(0.00183557 0 0)
(0.00188695 0 0)
(0.00193864 0 0)
(0.00199067 0 0)
(0.00204306 0 0)
(0.00209585 0 0)
(0.00214907 0 0)
(0.00220276 0 0)
(0.00225695 0 0)
(0.00231172 0 0)
(0.0023671 0 0)
(0.00242316 0 0)
(0.00248 0 0)
(0.00253769 0 0)
(0.00259635 0 0)
(0.00265612 0 0)
(0.00271716 0 0)
(0.00277968 0 0)
(0.00284392 0 0)
(0.00291021 0 0)
(0.00297897 0 0)
(0.00305075 0 0)
(0.00312629 0 0)
(0.00320659 0 0)
(0.00329308 0 0)
(0.00338785 0 0)
(0.00349405 0 0)
(0.00361672 0 0)
(0.0037644 0 0)
(0.0039528 0 0)
(0.00421424 0 0)
(0.00462708 0 0)
(0.00543757 0 0)
(0.00775166 0 0)
(0.0118679 0 0)
(0.0142515 0 0)
(0.0142807 0 0)
(0.0142807 0 0)
(0.0142807 0 0)
(0.0142807 0 0)
(0.0142807 0 0)
(0.0142807 0 0)
(0.0142807 0 0)
(0.0142807 0 0)
(0.0142807 0 0)
(0.0142807 0 0)
(0.0142807 0 0)
(0.0142807 0 0)
(0.0142807 0 0)
(0.0142807 0 0)
(0.0142807 0 0)
(0.0142807 0 0)
(0.0142807 0 0)
(0.0142807 0 0)
(0.0142807 0 0)
(0.0142807 0 0)
(0.0142807 0 0)
(0.0142807 0 0)
(0.0142807 0 0)
(0.0142807 0 0)
(0.0142807 0 0)
(0.0142807 0 0)
(0.0142807 0 0)
)
;

boundaryField
{
    inlet
    {
        type            fixedValue;
        value           uniform (0 0 0);
    }
    outlet
    {
        type            zeroGradient;
    }
    yzfaces
    {
        type            empty;
    }
}


// ************************************************************************* //
