/*--------------------------------*- C++ -*----------------------------------*\
  =========                 |
  \\      /  F ield         | OpenFOAM: The Open Source CFD Toolbox
   \\    /   O peration     | Website:  https://openfoam.org
    \\  /    A nd           | Version:  10
     \\/     M anipulation  |
\*---------------------------------------------------------------------------*/
FoamFile
{
    format      ascii;
    class       volVectorField;
    location    "1.275";
    object      Ua;
}
// * * * * * * * * * * * * * * * * * * * * * * * * * * * * * * * * * * * * * //

dimensions      [0 1 -1 0 0 0 0];

internalField   nonuniform List<vector> 
100
(
(0.00712373 0 0)
(0.0142311 0 0)
(0.014198 0 0)
(0.0141645 0 0)
(0.0141309 0 0)
(0.0140972 0 0)
(0.0140635 0 0)
(0.0140298 0 0)
(0.0139962 0 0)
(0.0139627 0 0)
(0.0139292 0 0)
(0.0138958 0 0)
(0.0138624 0 0)
(0.013829 0 0)
(0.0137958 0 0)
(0.0137625 0 0)
(0.0137293 0 0)
(0.0136961 0 0)
(0.013663 0 0)
(0.0136299 0 0)
(0.0135968 0 0)
(0.0135637 0 0)
(0.0135306 0 0)
(0.0134975 0 0)
(0.0134645 0 0)
(0.0134314 0 0)
(0.0133983 0 0)
(0.0133653 0 0)
(0.0133322 0 0)
(0.013299 0 0)
(0.0132659 0 0)
(0.0132328 0 0)
(0.0131996 0 0)
(0.0131664 0 0)
(0.0131331 0 0)
(0.0130999 0 0)
(0.0130666 0 0)
(0.0130332 0 0)
(0.0129998 0 0)
(0.0129663 0 0)
(0.0129328 0 0)
(0.0128993 0 0)
(0.0128656 0 0)
(0.012832 0 0)
(0.0127982 0 0)
(0.0127644 0 0)
(0.0127305 0 0)
(0.0126965 0 0)
(0.0126624 0 0)
(0.0126283 0 0)
(0.0125941 0 0)
(0.0125597 0 0)
(0.0125253 0 0)
(0.0124908 0 0)
(0.0124561 0 0)
(0.0124214 0 0)
(0.0123865 0 0)
(0.0123515 0 0)
(0.0123163 0 0)
(0.012281 0 0)
(0.0122456 0 0)
(0.01221 0 0)
(0.0121743 0 0)
(0.0121383 0 0)
(0.0121022 0 0)
(0.0120659 0 0)
(0.0120294 0 0)
(0.0119927 0 0)
(0.0119557 0 0)
(0.0119185 0 0)
(0.011881 0 0)
(0.0118432 0 0)
(0.0118052 0 0)
(0.0117667 0 0)
(0.011728 0 0)
(0.0116888 0 0)
(0.0116492 0 0)
(0.0116091 0 0)
(0.0115685 0 0)
(0.0115273 0 0)
(0.0114854 0 0)
(0.0114428 0 0)
(0.0113994 0 0)
(0.011355 0 0)
(0.0113095 0 0)
(0.0112628 0 0)
(0.0112145 0 0)
(0.0111645 0 0)
(0.0111124 0 0)
(0.0110577 0 0)
(0.0109998 0 0)
(0.0109379 0 0)
(0.0108709 0 0)
(0.0107971 0 0)
(0.0107141 0 0)
(0.0106183 0 0)
(0.0105035 0 0)
(0.0103593 0 0)
(0.0101658 0 0)
(0.00988003 0 0)
)
;

boundaryField
{
    inlet
    {
        type            fixedValue;
        value           uniform (0 0 0);
    }
    outlet
    {
        type            zeroGradient;
    }
    yzfaces
    {
        type            empty;
    }
}


// ************************************************************************* //
