/*--------------------------------*- C++ -*----------------------------------*\
  =========                 |
  \\      /  F ield         | OpenFOAM: The Open Source CFD Toolbox
   \\    /   O peration     | Website:  https://openfoam.org
    \\  /    A nd           | Version:  10
     \\/     M anipulation  |
\*---------------------------------------------------------------------------*/
FoamFile
{
    format      ascii;
    class       volVectorField;
    location    "0.885";
    object      Ua;
}
// * * * * * * * * * * * * * * * * * * * * * * * * * * * * * * * * * * * * * //

dimensions      [0 1 -1 0 0 0 0];

internalField   nonuniform List<vector> 
100
(
(0.00711745 0 0)
(0.014211 0 0)
(0.014163 0 0)
(0.0141146 0 0)
(0.0140661 0 0)
(0.0140177 0 0)
(0.0139693 0 0)
(0.0139211 0 0)
(0.0138729 0 0)
(0.0138249 0 0)
(0.0137769 0 0)
(0.013729 0 0)
(0.0136811 0 0)
(0.0136333 0 0)
(0.0135855 0 0)
(0.0135377 0 0)
(0.0134899 0 0)
(0.0134421 0 0)
(0.0133943 0 0)
(0.0133464 0 0)
(0.0132985 0 0)
(0.0132506 0 0)
(0.0132026 0 0)
(0.0131545 0 0)
(0.0131063 0 0)
(0.013058 0 0)
(0.0130097 0 0)
(0.0129612 0 0)
(0.0129126 0 0)
(0.0128638 0 0)
(0.0128149 0 0)
(0.0127658 0 0)
(0.0127165 0 0)
(0.0126671 0 0)
(0.0126174 0 0)
(0.0125675 0 0)
(0.0125174 0 0)
(0.0124671 0 0)
(0.0124164 0 0)
(0.0123655 0 0)
(0.0123142 0 0)
(0.0122626 0 0)
(0.0122106 0 0)
(0.0121582 0 0)
(0.0121054 0 0)
(0.0120521 0 0)
(0.0119983 0 0)
(0.011944 0 0)
(0.011889 0 0)
(0.0118332 0 0)
(0.0117768 0 0)
(0.0117194 0 0)
(0.011661 0 0)
(0.0116015 0 0)
(0.0115407 0 0)
(0.0114784 0 0)
(0.0114143 0 0)
(0.011348 0 0)
(0.0112792 0 0)
(0.0112073 0 0)
(0.0111314 0 0)
(0.0110505 0 0)
(0.010963 0 0)
(0.0108667 0 0)
(0.0107581 0 0)
(0.0106317 0 0)
(0.0104777 0 0)
(0.0102782 0 0)
(0.00999491 0 0)
(0.00953091 0 0)
(0.00855903 0 0)
(0.00561027 0 0)
(0.00167282 0 0)
(3.51986e-06 0 0)
(1.92554e-16 0 0)
(0 0 0)
(0 0 0)
(0 0 0)
(0 0 0)
(0 0 0)
(0 0 0)
(0 0 0)
(0 0 0)
(0 0 0)
(0 0 0)
(0 0 0)
(0 0 0)
(0 0 0)
(0 0 0)
(0 0 0)
(0 0 0)
(0 0 0)
(0 0 0)
(0 0 0)
(0 0 0)
(0 0 0)
(0 0 0)
(0 0 0)
(0 0 0)
(0 0 0)
)
;

boundaryField
{
    inlet
    {
        type            fixedValue;
        value           uniform (0 0 0);
    }
    outlet
    {
        type            zeroGradient;
    }
    yzfaces
    {
        type            empty;
    }
}


// ************************************************************************* //
