/*--------------------------------*- C++ -*----------------------------------*\
  =========                 |
  \\      /  F ield         | OpenFOAM: The Open Source CFD Toolbox
   \\    /   O peration     | Website:  https://openfoam.org
    \\  /    A nd           | Version:  10
     \\/     M anipulation  |
\*---------------------------------------------------------------------------*/
FoamFile
{
    format      ascii;
    class       volVectorField;
    location    "0.895";
    object      Ua;
}
// * * * * * * * * * * * * * * * * * * * * * * * * * * * * * * * * * * * * * //

dimensions      [0 1 -1 0 0 0 0];

internalField   nonuniform List<vector> 
100
(
(0.00711769 0 0)
(0.0142118 0 0)
(0.0141643 0 0)
(0.0141164 0 0)
(0.0140685 0 0)
(0.0140206 0 0)
(0.0139728 0 0)
(0.0139251 0 0)
(0.0138775 0 0)
(0.0138299 0 0)
(0.0137825 0 0)
(0.0137351 0 0)
(0.0136877 0 0)
(0.0136404 0 0)
(0.0135932 0 0)
(0.0135459 0 0)
(0.0134987 0 0)
(0.0134514 0 0)
(0.0134041 0 0)
(0.0133568 0 0)
(0.0133095 0 0)
(0.0132621 0 0)
(0.0132147 0 0)
(0.0131671 0 0)
(0.0131195 0 0)
(0.0130718 0 0)
(0.0130241 0 0)
(0.0129762 0 0)
(0.0129281 0 0)
(0.01288 0 0)
(0.0128317 0 0)
(0.0127832 0 0)
(0.0127346 0 0)
(0.0126858 0 0)
(0.0126367 0 0)
(0.0125875 0 0)
(0.0125381 0 0)
(0.0124884 0 0)
(0.0124385 0 0)
(0.0123882 0 0)
(0.0123377 0 0)
(0.0122869 0 0)
(0.0122357 0 0)
(0.0121841 0 0)
(0.0121321 0 0)
(0.0120797 0 0)
(0.0120268 0 0)
(0.0119734 0 0)
(0.0119194 0 0)
(0.0118647 0 0)
(0.0118094 0 0)
(0.0117532 0 0)
(0.0116962 0 0)
(0.0116381 0 0)
(0.0115788 0 0)
(0.0115182 0 0)
(0.0114561 0 0)
(0.0113921 0 0)
(0.0113259 0 0)
(0.011257 0 0)
(0.0111848 0 0)
(0.0111085 0 0)
(0.0110269 0 0)
(0.0109383 0 0)
(0.0108404 0 0)
(0.0107292 0 0)
(0.0105985 0 0)
(0.0104375 0 0)
(0.0102253 0 0)
(0.00991636 0 0)
(0.00938932 0 0)
(0.00820123 0 0)
(0.00461154 0 0)
(0.000934964 0 0)
(2.11066e-07 0 0)
(0 0 0)
(0 0 0)
(0 0 0)
(0 0 0)
(0 0 0)
(0 0 0)
(0 0 0)
(0 0 0)
(0 0 0)
(0 0 0)
(0 0 0)
(0 0 0)
(0 0 0)
(0 0 0)
(0 0 0)
(0 0 0)
(0 0 0)
(0 0 0)
(0 0 0)
(0 0 0)
(0 0 0)
(0 0 0)
(0 0 0)
(0 0 0)
(0 0 0)
)
;

boundaryField
{
    inlet
    {
        type            fixedValue;
        value           uniform (0 0 0);
    }
    outlet
    {
        type            zeroGradient;
    }
    yzfaces
    {
        type            empty;
    }
}


// ************************************************************************* //
