/*--------------------------------*- C++ -*----------------------------------*\
  =========                 |
  \\      /  F ield         | OpenFOAM: The Open Source CFD Toolbox
   \\    /   O peration     | Website:  https://openfoam.org
    \\  /    A nd           | Version:  10
     \\/     M anipulation  |
\*---------------------------------------------------------------------------*/
FoamFile
{
    format      ascii;
    class       volVectorField;
    location    "0.895";
    object      Ub;
}
// * * * * * * * * * * * * * * * * * * * * * * * * * * * * * * * * * * * * * //

dimensions      [0 1 -1 0 0 0 0];

internalField   nonuniform List<vector> 
100
(
(2.26081e-05 0 0)
(6.88299e-05 0 0)
(0.000116337 0 0)
(0.000164195 0 0)
(0.000212121 0 0)
(0.000260008 0 0)
(0.000307815 0 0)
(0.000355528 0 0)
(0.000403148 0 0)
(0.000450681 0 0)
(0.000498138 0 0)
(0.00054553 0 0)
(0.000592868 0 0)
(0.000640167 0 0)
(0.000687436 0 0)
(0.000734689 0 0)
(0.000781938 0 0)
(0.000829192 0 0)
(0.000876465 0 0)
(0.000923765 0 0)
(0.000971105 0 0)
(0.00101849 0 0)
(0.00106594 0 0)
(0.00111346 0 0)
(0.00116106 0 0)
(0.00120875 0 0)
(0.00125655 0 0)
(0.00130445 0 0)
(0.00135248 0 0)
(0.00140064 0 0)
(0.00144894 0 0)
(0.00149741 0 0)
(0.00154604 0 0)
(0.00159485 0 0)
(0.00164386 0 0)
(0.00169308 0 0)
(0.00174252 0 0)
(0.0017922 0 0)
(0.00184215 0 0)
(0.00189237 0 0)
(0.00194289 0 0)
(0.00199373 0 0)
(0.00204492 0 0)
(0.00209649 0 0)
(0.00214846 0 0)
(0.00220088 0 0)
(0.00225378 0 0)
(0.0023072 0 0)
(0.00236121 0 0)
(0.00241586 0 0)
(0.00247123 0 0)
(0.00252739 0 0)
(0.00258445 0 0)
(0.00264253 0 0)
(0.00270178 0 0)
(0.00276237 0 0)
(0.00282453 0 0)
(0.00288853 0 0)
(0.00295475 0 0)
(0.00302363 0 0)
(0.00309581 0 0)
(0.00317212 0 0)
(0.00325372 0 0)
(0.00334227 0 0)
(0.00344024 0 0)
(0.00355144 0 0)
(0.0036821 0 0)
(0.00384308 0 0)
(0.00405526 0 0)
(0.00436424 0 0)
(0.00489128 0 0)
(0.00607937 0 0)
(0.00966906 0 0)
(0.0133456 0 0)
(0.0142804 0 0)
(0.0142806 0 0)
(0.0142806 0 0)
(0.0142806 0 0)
(0.0142806 0 0)
(0.0142806 0 0)
(0.0142806 0 0)
(0.0142806 0 0)
(0.0142806 0 0)
(0.0142806 0 0)
(0.0142806 0 0)
(0.0142806 0 0)
(0.0142806 0 0)
(0.0142806 0 0)
(0.0142806 0 0)
(0.0142806 0 0)
(0.0142806 0 0)
(0.0142806 0 0)
(0.0142806 0 0)
(0.0142806 0 0)
(0.0142806 0 0)
(0.0142806 0 0)
(0.0142806 0 0)
(0.0142806 0 0)
(0.0142806 0 0)
(0.0142806 0 0)
)
;

boundaryField
{
    inlet
    {
        type            fixedValue;
        value           uniform (0 0 0);
    }
    outlet
    {
        type            zeroGradient;
    }
    yzfaces
    {
        type            empty;
    }
}


// ************************************************************************* //
