/*--------------------------------*- C++ -*----------------------------------*\
  =========                 |
  \\      /  F ield         | OpenFOAM: The Open Source CFD Toolbox
   \\    /   O peration     | Website:  https://openfoam.org
    \\  /    A nd           | Version:  10
     \\/     M anipulation  |
\*---------------------------------------------------------------------------*/
FoamFile
{
    format      ascii;
    class       volVectorField;
    location    "1.085";
    object      Ub;
}
// * * * * * * * * * * * * * * * * * * * * * * * * * * * * * * * * * * * * * //

dimensions      [0 1 -1 0 0 0 0];

internalField   nonuniform List<vector> 
100
(
(1.84162e-05 0 0)
(5.61995e-05 0 0)
(9.52322e-05 0 0)
(0.000134664 0 0)
(0.00017422 0 0)
(0.000213785 0 0)
(0.00025331 0 0)
(0.000292772 0 0)
(0.000332162 0 0)
(0.00037148 0 0)
(0.000410729 0 0)
(0.000449912 0 0)
(0.000489037 0 0)
(0.000528111 0 0)
(0.000567141 0 0)
(0.000606132 0 0)
(0.000645094 0 0)
(0.000684032 0 0)
(0.000722954 0 0)
(0.000761866 0 0)
(0.000800774 0 0)
(0.000839685 0 0)
(0.000878605 0 0)
(0.00091754 0 0)
(0.000956496 0 0)
(0.000995479 0 0)
(0.00103449 0 0)
(0.00107355 0 0)
(0.00111264 0 0)
(0.00115179 0 0)
(0.00119099 0 0)
(0.00123025 0 0)
(0.00126958 0 0)
(0.00130898 0 0)
(0.00134845 0 0)
(0.00138801 0 0)
(0.00142766 0 0)
(0.00146741 0 0)
(0.00150725 0 0)
(0.00154721 0 0)
(0.00158727 0 0)
(0.00162746 0 0)
(0.00166778 0 0)
(0.00170824 0 0)
(0.00174884 0 0)
(0.00178959 0 0)
(0.00183051 0 0)
(0.0018716 0 0)
(0.00191287 0 0)
(0.00195433 0 0)
(0.001996 0 0)
(0.00203789 0 0)
(0.00208 0 0)
(0.00212237 0 0)
(0.002165 0 0)
(0.00220792 0 0)
(0.00225114 0 0)
(0.00229469 0 0)
(0.00233859 0 0)
(0.00238287 0 0)
(0.00242757 0 0)
(0.00247273 0 0)
(0.00251839 0 0)
(0.00256459 0 0)
(0.00261141 0 0)
(0.00265891 0 0)
(0.00270716 0 0)
(0.00275628 0 0)
(0.00280638 0 0)
(0.0028576 0 0)
(0.00291011 0 0)
(0.00296415 0 0)
(0.00301998 0 0)
(0.00307797 0 0)
(0.00313857 0 0)
(0.0032024 0 0)
(0.00327027 0 0)
(0.00334335 0 0)
(0.00342327 0 0)
(0.00351246 0 0)
(0.00361466 0 0)
(0.00373597 0 0)
(0.00388702 0 0)
(0.00408812 0 0)
(0.00438332 0 0)
(0.00488868 0 0)
(0.00602153 0 0)
(0.00948793 0 0)
(0.0132134 0 0)
(0.0142791 0 0)
(0.0142795 0 0)
(0.0142795 0 0)
(0.0142795 0 0)
(0.0142795 0 0)
(0.0142795 0 0)
(0.0142795 0 0)
(0.0142795 0 0)
(0.0142795 0 0)
(0.0142795 0 0)
(0.0142795 0 0)
)
;

boundaryField
{
    inlet
    {
        type            fixedValue;
        value           uniform (0 0 0);
    }
    outlet
    {
        type            zeroGradient;
    }
    yzfaces
    {
        type            empty;
    }
}


// ************************************************************************* //
