/*--------------------------------*- C++ -*----------------------------------*\
  =========                 |
  \\      /  F ield         | OpenFOAM: The Open Source CFD Toolbox
   \\    /   O peration     | Website:  https://openfoam.org
    \\  /    A nd           | Version:  10
     \\/     M anipulation  |
\*---------------------------------------------------------------------------*/
FoamFile
{
    format      ascii;
    class       volVectorField;
    location    "0.715";
    object      Ua;
}
// * * * * * * * * * * * * * * * * * * * * * * * * * * * * * * * * * * * * * //

dimensions      [0 1 -1 0 0 0 0];

internalField   nonuniform List<vector> 
100
(
(0.00711216 0 0)
(0.0141946 0 0)
(0.014135 0 0)
(0.014075 0 0)
(0.0140151 0 0)
(0.0139553 0 0)
(0.0138956 0 0)
(0.0138361 0 0)
(0.0137766 0 0)
(0.0137172 0 0)
(0.0136579 0 0)
(0.0135986 0 0)
(0.0135394 0 0)
(0.0134801 0 0)
(0.0134208 0 0)
(0.0133614 0 0)
(0.013302 0 0)
(0.0132424 0 0)
(0.0131828 0 0)
(0.013123 0 0)
(0.013063 0 0)
(0.0130029 0 0)
(0.0129425 0 0)
(0.012882 0 0)
(0.0128211 0 0)
(0.0127601 0 0)
(0.0126987 0 0)
(0.0126369 0 0)
(0.0125748 0 0)
(0.0125124 0 0)
(0.0124494 0 0)
(0.0123861 0 0)
(0.0123221 0 0)
(0.0122577 0 0)
(0.0121925 0 0)
(0.0121267 0 0)
(0.0120602 0 0)
(0.0119927 0 0)
(0.0119243 0 0)
(0.0118547 0 0)
(0.0117839 0 0)
(0.0117117 0 0)
(0.0116377 0 0)
(0.0115618 0 0)
(0.0114835 0 0)
(0.0114023 0 0)
(0.0113175 0 0)
(0.0112283 0 0)
(0.0111333 0 0)
(0.0110308 0 0)
(0.0109179 0 0)
(0.0107904 0 0)
(0.010641 0 0)
(0.0104571 0 0)
(0.0102132 0 0)
(0.00985137 0 0)
(0.00920641 0 0)
(0.00760676 0 0)
(0.00349478 0 0)
(0.000279032 0 0)
(1.49033e-09 0 0)
(0 0 0)
(0 0 0)
(0 0 0)
(0 0 0)
(0 0 0)
(0 0 0)
(0 0 0)
(0 0 0)
(0 0 0)
(0 0 0)
(0 0 0)
(0 0 0)
(0 0 0)
(0 0 0)
(0 0 0)
(0 0 0)
(0 0 0)
(0 0 0)
(0 0 0)
(0 0 0)
(0 0 0)
(0 0 0)
(0 0 0)
(0 0 0)
(0 0 0)
(0 0 0)
(0 0 0)
(0 0 0)
(0 0 0)
(0 0 0)
(0 0 0)
(0 0 0)
(0 0 0)
(0 0 0)
(0 0 0)
(0 0 0)
(0 0 0)
(0 0 0)
(0 0 0)
)
;

boundaryField
{
    inlet
    {
        type            fixedValue;
        value           uniform (0 0 0);
    }
    outlet
    {
        type            zeroGradient;
    }
    yzfaces
    {
        type            empty;
    }
}


// ************************************************************************* //
