/*--------------------------------*- C++ -*----------------------------------*\
  =========                 |
  \\      /  F ield         | OpenFOAM: The Open Source CFD Toolbox
   \\    /   O peration     | Website:  https://openfoam.org
    \\  /    A nd           | Version:  10
     \\/     M anipulation  |
\*---------------------------------------------------------------------------*/
FoamFile
{
    format      ascii;
    class       volVectorField;
    location    "0.715";
    object      Ub;
}
// * * * * * * * * * * * * * * * * * * * * * * * * * * * * * * * * * * * * * //

dimensions      [0 1 -1 0 0 0 0];

internalField   nonuniform List<vector> 
100
(
(2.86568e-05 0 0)
(8.70185e-05 0 0)
(0.000146668 0 0)
(0.000206586 0 0)
(0.000266493 0 0)
(0.000326299 0 0)
(0.000385983 0 0)
(0.000445548 0 0)
(0.00050501 0 0)
(0.000564391 0 0)
(0.000623713 0 0)
(0.000682998 0 0)
(0.000742271 0 0)
(0.000801554 0 0)
(0.000860868 0 0)
(0.000920237 0 0)
(0.00097968 0 0)
(0.00103922 0 0)
(0.00109888 0 0)
(0.00115867 0 0)
(0.00121863 0 0)
(0.00127876 0 0)
(0.0013391 0 0)
(0.00139967 0 0)
(0.00146049 0 0)
(0.00152158 0 0)
(0.00158297 0 0)
(0.0016447 0 0)
(0.00170679 0 0)
(0.00176927 0 0)
(0.00183219 0 0)
(0.00189558 0 0)
(0.00195949 0 0)
(0.00202397 0 0)
(0.00208908 0 0)
(0.00215489 0 0)
(0.00222148 0 0)
(0.00228893 0 0)
(0.00235736 0 0)
(0.00242689 0 0)
(0.00249769 0 0)
(0.00256994 0 0)
(0.00264389 0 0)
(0.00271983 0 0)
(0.00279815 0 0)
(0.00287936 0 0)
(0.00296412 0 0)
(0.00305334 0 0)
(0.00314831 0 0)
(0.00325085 0 0)
(0.00336372 0 0)
(0.00349125 0 0)
(0.00364058 0 0)
(0.00382454 0 0)
(0.00406847 0 0)
(0.00443026 0 0)
(0.00507522 0 0)
(0.00667487 0 0)
(0.0107869 0 0)
(0.0140026 0 0)
(0.0142816 0 0)
(0.0142816 0 0)
(0.0142816 0 0)
(0.0142816 0 0)
(0.0142816 0 0)
(0.0142816 0 0)
(0.0142816 0 0)
(0.0142816 0 0)
(0.0142816 0 0)
(0.0142816 0 0)
(0.0142816 0 0)
(0.0142816 0 0)
(0.0142816 0 0)
(0.0142816 0 0)
(0.0142816 0 0)
(0.0142816 0 0)
(0.0142816 0 0)
(0.0142816 0 0)
(0.0142816 0 0)
(0.0142816 0 0)
(0.0142816 0 0)
(0.0142816 0 0)
(0.0142816 0 0)
(0.0142816 0 0)
(0.0142816 0 0)
(0.0142816 0 0)
(0.0142816 0 0)
(0.0142816 0 0)
(0.0142816 0 0)
(0.0142816 0 0)
(0.0142816 0 0)
(0.0142816 0 0)
(0.0142816 0 0)
(0.0142816 0 0)
(0.0142816 0 0)
(0.0142816 0 0)
(0.0142816 0 0)
(0.0142816 0 0)
(0.0142816 0 0)
(0.0142816 0 0)
)
;

boundaryField
{
    inlet
    {
        type            fixedValue;
        value           uniform (0 0 0);
    }
    outlet
    {
        type            zeroGradient;
    }
    yzfaces
    {
        type            empty;
    }
}


// ************************************************************************* //
