/*--------------------------------*- C++ -*----------------------------------*\
  =========                 |
  \\      /  F ield         | OpenFOAM: The Open Source CFD Toolbox
   \\    /   O peration     | Website:  https://openfoam.org
    \\  /    A nd           | Version:  10
     \\/     M anipulation  |
\*---------------------------------------------------------------------------*/
FoamFile
{
    format      ascii;
    class       volVectorField;
    location    "0.26";
    object      Ub;
}
// * * * * * * * * * * * * * * * * * * * * * * * * * * * * * * * * * * * * * //

dimensions      [0 1 -1 0 0 0 0];

internalField   nonuniform List<vector> 
100
(
(8.15251e-05 0 0)
(0.00024542 0 0)
(0.000410198 0 0)
(0.000575119 0 0)
(0.000740452 0 0)
(0.000906638 0 0)
(0.00107417 0 0)
(0.00124358 0 0)
(0.00141547 0 0)
(0.00159055 0 0)
(0.00176969 0 0)
(0.001954 0 0)
(0.00214498 0 0)
(0.00234476 0 0)
(0.00255647 0 0)
(0.00278506 0 0)
(0.00303882 0 0)
(0.00333285 0 0)
(0.00369808 0 0)
(0.00420876 0 0)
(0.0050949 0 0)
(0.00738272 0 0)
(0.0116408 0 0)
(0.0142382 0 0)
(0.0142842 0 0)
(0.0142842 0 0)
(0.0142842 0 0)
(0.0142842 0 0)
(0.0142842 0 0)
(0.0142842 0 0)
(0.0142842 0 0)
(0.0142842 0 0)
(0.0142842 0 0)
(0.0142842 0 0)
(0.0142842 0 0)
(0.0142842 0 0)
(0.0142842 0 0)
(0.0142842 0 0)
(0.0142842 0 0)
(0.0142842 0 0)
(0.0142842 0 0)
(0.0142842 0 0)
(0.0142842 0 0)
(0.0142842 0 0)
(0.0142842 0 0)
(0.0142842 0 0)
(0.0142842 0 0)
(0.0142842 0 0)
(0.0142842 0 0)
(0.0142842 0 0)
(0.0142842 0 0)
(0.0142842 0 0)
(0.0142842 0 0)
(0.0142842 0 0)
(0.0142842 0 0)
(0.0142842 0 0)
(0.0142842 0 0)
(0.0142842 0 0)
(0.0142842 0 0)
(0.0142842 0 0)
(0.0142842 0 0)
(0.0142842 0 0)
(0.0142842 0 0)
(0.0142842 0 0)
(0.0142842 0 0)
(0.0142842 0 0)
(0.0142842 0 0)
(0.0142842 0 0)
(0.0142842 0 0)
(0.0142842 0 0)
(0.0142842 0 0)
(0.0142842 0 0)
(0.0142842 0 0)
(0.0142842 0 0)
(0.0142842 0 0)
(0.0142842 0 0)
(0.0142842 0 0)
(0.0142842 0 0)
(0.0142842 0 0)
(0.0142842 0 0)
(0.0142842 0 0)
(0.0142842 0 0)
(0.0142842 0 0)
(0.0142842 0 0)
(0.0142842 0 0)
(0.0142842 0 0)
(0.0142842 0 0)
(0.0142842 0 0)
(0.0142842 0 0)
(0.0142842 0 0)
(0.0142842 0 0)
(0.0142842 0 0)
(0.0142842 0 0)
(0.0142842 0 0)
(0.0142842 0 0)
(0.0142842 0 0)
(0.0142842 0 0)
(0.0142842 0 0)
(0.0142842 0 0)
(0.0142842 0 0)
)
;

boundaryField
{
    inlet
    {
        type            fixedValue;
        value           uniform (0 0 0);
    }
    outlet
    {
        type            zeroGradient;
    }
    yzfaces
    {
        type            empty;
    }
}


// ************************************************************************* //
