/*--------------------------------*- C++ -*----------------------------------*\
  =========                 |
  \\      /  F ield         | OpenFOAM: The Open Source CFD Toolbox
   \\    /   O peration     | Website:  https://openfoam.org
    \\  /    A nd           | Version:  10
     \\/     M anipulation  |
\*---------------------------------------------------------------------------*/
FoamFile
{
    format      ascii;
    class       volVectorField;
    location    "1.04";
    object      Ua;
}
// * * * * * * * * * * * * * * * * * * * * * * * * * * * * * * * * * * * * * //

dimensions      [0 1 -1 0 0 0 0];

internalField   nonuniform List<vector> 
100
(
(0.00712062 0 0)
(0.014221 0 0)
(0.0141802 0 0)
(0.0141391 0 0)
(0.0140978 0 0)
(0.0140566 0 0)
(0.0140153 0 0)
(0.0139742 0 0)
(0.0139331 0 0)
(0.0138921 0 0)
(0.0138512 0 0)
(0.0138104 0 0)
(0.0137696 0 0)
(0.0137288 0 0)
(0.0136881 0 0)
(0.0136475 0 0)
(0.0136068 0 0)
(0.0135662 0 0)
(0.0135256 0 0)
(0.013485 0 0)
(0.0134444 0 0)
(0.0134037 0 0)
(0.0133631 0 0)
(0.0133224 0 0)
(0.0132818 0 0)
(0.013241 0 0)
(0.0132003 0 0)
(0.0131594 0 0)
(0.0131186 0 0)
(0.0130776 0 0)
(0.0130366 0 0)
(0.0129955 0 0)
(0.0129544 0 0)
(0.0129131 0 0)
(0.0128718 0 0)
(0.0128303 0 0)
(0.0127888 0 0)
(0.0127471 0 0)
(0.0127053 0 0)
(0.0126633 0 0)
(0.0126213 0 0)
(0.0125791 0 0)
(0.0125367 0 0)
(0.0124941 0 0)
(0.0124514 0 0)
(0.0124085 0 0)
(0.0123654 0 0)
(0.012322 0 0)
(0.0122785 0 0)
(0.0122347 0 0)
(0.0121906 0 0)
(0.0121462 0 0)
(0.0121016 0 0)
(0.0120566 0 0)
(0.0120113 0 0)
(0.0119656 0 0)
(0.0119195 0 0)
(0.011873 0 0)
(0.011826 0 0)
(0.0117784 0 0)
(0.0117303 0 0)
(0.0116815 0 0)
(0.011632 0 0)
(0.0115816 0 0)
(0.0115303 0 0)
(0.011478 0 0)
(0.0114244 0 0)
(0.0113694 0 0)
(0.0113128 0 0)
(0.0112541 0 0)
(0.011193 0 0)
(0.011129 0 0)
(0.0110614 0 0)
(0.0109891 0 0)
(0.0109107 0 0)
(0.0108242 0 0)
(0.0107266 0 0)
(0.0106129 0 0)
(0.010475 0 0)
(0.0102977 0 0)
(0.0100502 0 0)
(0.00965909 0 0)
(0.00889766 0 0)
(0.00676332 0 0)
(0.00262283 0 0)
(4.99539e-05 0 0)
(2.49559e-12 0 0)
(0 0 0)
(0 0 0)
(0 0 0)
(0 0 0)
(0 0 0)
(0 0 0)
(0 0 0)
(0 0 0)
(0 0 0)
(0 0 0)
(0 0 0)
(0 0 0)
(0 0 0)
)
;

boundaryField
{
    inlet
    {
        type            fixedValue;
        value           uniform (0 0 0);
    }
    outlet
    {
        type            zeroGradient;
    }
    yzfaces
    {
        type            empty;
    }
}


// ************************************************************************* //
