/*--------------------------------*- C++ -*----------------------------------*\
  =========                 |
  \\      /  F ield         | OpenFOAM: The Open Source CFD Toolbox
   \\    /   O peration     | Website:  https://openfoam.org
    \\  /    A nd           | Version:  10
     \\/     M anipulation  |
\*---------------------------------------------------------------------------*/
FoamFile
{
    format      ascii;
    class       volVectorField;
    location    "1.04";
    object      Ub;
}
// * * * * * * * * * * * * * * * * * * * * * * * * * * * * * * * * * * * * * //

dimensions      [0 1 -1 0 0 0 0];

internalField   nonuniform List<vector> 
100
(
(1.92691e-05 0 0)
(5.87715e-05 0 0)
(9.95334e-05 0 0)
(0.000140686 0 0)
(0.000181951 0 0)
(0.000223215 0 0)
(0.000264431 0 0)
(0.000305576 0 0)
(0.000346645 0 0)
(0.000387637 0 0)
(0.000428557 0 0)
(0.000469412 0 0)
(0.000510208 0 0)
(0.000550953 0 0)
(0.000591655 0 0)
(0.000632323 0 0)
(0.000672964 0 0)
(0.000713586 0 0)
(0.000754197 0 0)
(0.000794803 0 0)
(0.000835413 0 0)
(0.000876032 0 0)
(0.000916669 0 0)
(0.000957329 0 0)
(0.000998019 0 0)
(0.00103875 0 0)
(0.00107952 0 0)
(0.00112034 0 0)
(0.00116121 0 0)
(0.00120215 0 0)
(0.00124316 0 0)
(0.00128424 0 0)
(0.00132541 0 0)
(0.00136666 0 0)
(0.00140801 0 0)
(0.00144946 0 0)
(0.00149102 0 0)
(0.00153269 0 0)
(0.00157449 0 0)
(0.00161642 0 0)
(0.0016585 0 0)
(0.00170072 0 0)
(0.0017431 0 0)
(0.00178565 0 0)
(0.00182838 0 0)
(0.00187129 0 0)
(0.00191441 0 0)
(0.00195775 0 0)
(0.00200131 0 0)
(0.00204511 0 0)
(0.00208918 0 0)
(0.00213353 0 0)
(0.00217817 0 0)
(0.00222313 0 0)
(0.00226845 0 0)
(0.00231413 0 0)
(0.00236023 0 0)
(0.00240676 0 0)
(0.00245379 0 0)
(0.00250134 0 0)
(0.00254949 0 0)
(0.00259828 0 0)
(0.00264781 0 0)
(0.00269816 0 0)
(0.00274944 0 0)
(0.00280178 0 0)
(0.00285535 0 0)
(0.00291034 0 0)
(0.00296701 0 0)
(0.00302566 0 0)
(0.00308673 0 0)
(0.00315073 0 0)
(0.00321839 0 0)
(0.00329072 0 0)
(0.00336909 0 0)
(0.00345555 0 0)
(0.00355316 0 0)
(0.00366682 0 0)
(0.00380478 0 0)
(0.0039821 0 0)
(0.00422953 0 0)
(0.00462068 0 0)
(0.00538212 0 0)
(0.00751645 0 0)
(0.0116569 0 0)
(0.0142298 0 0)
(0.0142798 0 0)
(0.0142798 0 0)
(0.0142798 0 0)
(0.0142798 0 0)
(0.0142798 0 0)
(0.0142798 0 0)
(0.0142798 0 0)
(0.0142798 0 0)
(0.0142798 0 0)
(0.0142798 0 0)
(0.0142798 0 0)
(0.0142798 0 0)
(0.0142798 0 0)
(0.0142798 0 0)
)
;

boundaryField
{
    inlet
    {
        type            fixedValue;
        value           uniform (0 0 0);
    }
    outlet
    {
        type            zeroGradient;
    }
    yzfaces
    {
        type            empty;
    }
}


// ************************************************************************* //
