/*--------------------------------*- C++ -*----------------------------------*\
  =========                 |
  \\      /  F ield         | OpenFOAM: The Open Source CFD Toolbox
   \\    /   O peration     | Website:  https://openfoam.org
    \\  /    A nd           | Version:  10
     \\/     M anipulation  |
\*---------------------------------------------------------------------------*/
FoamFile
{
    format      ascii;
    class       volVectorField;
    location    "0.16";
    object      Ub;
}
// * * * * * * * * * * * * * * * * * * * * * * * * * * * * * * * * * * * * * //

dimensions      [0 1 -1 0 0 0 0];

internalField   nonuniform List<vector> 
100
(
(0.000133616 0 0)
(0.000401924 0 0)
(0.000672461 0 0)
(0.000946277 0 0)
(0.00122559 0 0)
(0.0015132 0 0)
(0.00181287 0 0)
(0.00213014 0 0)
(0.00247398 0 0)
(0.00286056 0 0)
(0.00332295 0 0)
(0.00394163 0 0)
(0.00497283 0 0)
(0.00758394 0 0)
(0.0118829 0 0)
(0.0142619 0 0)
(0.0142848 0 0)
(0.0142848 0 0)
(0.0142848 0 0)
(0.0142848 0 0)
(0.0142848 0 0)
(0.0142848 0 0)
(0.0142848 0 0)
(0.0142848 0 0)
(0.0142848 0 0)
(0.0142848 0 0)
(0.0142848 0 0)
(0.0142848 0 0)
(0.0142848 0 0)
(0.0142848 0 0)
(0.0142848 0 0)
(0.0142848 0 0)
(0.0142848 0 0)
(0.0142848 0 0)
(0.0142848 0 0)
(0.0142848 0 0)
(0.0142848 0 0)
(0.0142848 0 0)
(0.0142848 0 0)
(0.0142848 0 0)
(0.0142848 0 0)
(0.0142848 0 0)
(0.0142848 0 0)
(0.0142848 0 0)
(0.0142848 0 0)
(0.0142848 0 0)
(0.0142848 0 0)
(0.0142848 0 0)
(0.0142848 0 0)
(0.0142848 0 0)
(0.0142848 0 0)
(0.0142848 0 0)
(0.0142848 0 0)
(0.0142848 0 0)
(0.0142848 0 0)
(0.0142848 0 0)
(0.0142848 0 0)
(0.0142848 0 0)
(0.0142848 0 0)
(0.0142848 0 0)
(0.0142848 0 0)
(0.0142848 0 0)
(0.0142848 0 0)
(0.0142848 0 0)
(0.0142848 0 0)
(0.0142848 0 0)
(0.0142848 0 0)
(0.0142848 0 0)
(0.0142848 0 0)
(0.0142848 0 0)
(0.0142848 0 0)
(0.0142848 0 0)
(0.0142848 0 0)
(0.0142848 0 0)
(0.0142848 0 0)
(0.0142848 0 0)
(0.0142848 0 0)
(0.0142848 0 0)
(0.0142848 0 0)
(0.0142848 0 0)
(0.0142848 0 0)
(0.0142848 0 0)
(0.0142848 0 0)
(0.0142848 0 0)
(0.0142848 0 0)
(0.0142848 0 0)
(0.0142848 0 0)
(0.0142848 0 0)
(0.0142848 0 0)
(0.0142848 0 0)
(0.0142848 0 0)
(0.0142848 0 0)
(0.0142848 0 0)
(0.0142848 0 0)
(0.0142848 0 0)
(0.0142848 0 0)
(0.0142848 0 0)
(0.0142848 0 0)
(0.0142848 0 0)
(0.0142848 0 0)
)
;

boundaryField
{
    inlet
    {
        type            fixedValue;
        value           uniform (0 0 0);
    }
    outlet
    {
        type            zeroGradient;
    }
    yzfaces
    {
        type            empty;
    }
}


// ************************************************************************* //
