/*--------------------------------*- C++ -*----------------------------------*\
  =========                 |
  \\      /  F ield         | OpenFOAM: The Open Source CFD Toolbox
   \\    /   O peration     | Website:  https://openfoam.org
    \\  /    A nd           | Version:  10
     \\/     M anipulation  |
\*---------------------------------------------------------------------------*/
FoamFile
{
    format      ascii;
    class       volVectorField;
    location    "1.24";
    object      Ua;
}
// * * * * * * * * * * * * * * * * * * * * * * * * * * * * * * * * * * * * * //

dimensions      [0 1 -1 0 0 0 0];

internalField   nonuniform List<vector> 
100
(
(0.00712336 0 0)
(0.0142299 0 0)
(0.0141958 0 0)
(0.0141614 0 0)
(0.0141268 0 0)
(0.0140921 0 0)
(0.0140575 0 0)
(0.0140229 0 0)
(0.0139884 0 0)
(0.0139539 0 0)
(0.0139195 0 0)
(0.0138851 0 0)
(0.0138508 0 0)
(0.0138165 0 0)
(0.0137823 0 0)
(0.0137482 0 0)
(0.013714 0 0)
(0.0136799 0 0)
(0.0136459 0 0)
(0.0136118 0 0)
(0.0135778 0 0)
(0.0135438 0 0)
(0.0135098 0 0)
(0.0134757 0 0)
(0.0134417 0 0)
(0.0134077 0 0)
(0.0133737 0 0)
(0.0133397 0 0)
(0.0133056 0 0)
(0.0132716 0 0)
(0.0132375 0 0)
(0.0132033 0 0)
(0.0131692 0 0)
(0.013135 0 0)
(0.0131008 0 0)
(0.0130665 0 0)
(0.0130322 0 0)
(0.0129978 0 0)
(0.0129634 0 0)
(0.0129289 0 0)
(0.0128944 0 0)
(0.0128598 0 0)
(0.0128251 0 0)
(0.0127904 0 0)
(0.0127556 0 0)
(0.0127207 0 0)
(0.0126857 0 0)
(0.0126506 0 0)
(0.0126155 0 0)
(0.0125802 0 0)
(0.0125448 0 0)
(0.0125094 0 0)
(0.0124738 0 0)
(0.0124381 0 0)
(0.0124022 0 0)
(0.0123663 0 0)
(0.0123302 0 0)
(0.0122939 0 0)
(0.0122575 0 0)
(0.0122209 0 0)
(0.0121842 0 0)
(0.0121472 0 0)
(0.0121101 0 0)
(0.0120728 0 0)
(0.0120352 0 0)
(0.0119974 0 0)
(0.0119594 0 0)
(0.0119211 0 0)
(0.0118825 0 0)
(0.0118436 0 0)
(0.0118044 0 0)
(0.0117648 0 0)
(0.0117248 0 0)
(0.0116844 0 0)
(0.0116435 0 0)
(0.0116021 0 0)
(0.0115602 0 0)
(0.0115176 0 0)
(0.0114742 0 0)
(0.0114301 0 0)
(0.011385 0 0)
(0.0113389 0 0)
(0.0112915 0 0)
(0.0112427 0 0)
(0.0111922 0 0)
(0.0111397 0 0)
(0.0110847 0 0)
(0.0110267 0 0)
(0.0109649 0 0)
(0.0108982 0 0)
(0.0108252 0 0)
(0.0107437 0 0)
(0.0106503 0 0)
(0.0105397 0 0)
(0.0104027 0 0)
(0.0102224 0 0)
(0.00996316 0 0)
(0.00953676 0 0)
(0.00865451 0 0)
(0.00600567 0 0)
)
;

boundaryField
{
    inlet
    {
        type            fixedValue;
        value           uniform (0 0 0);
    }
    outlet
    {
        type            zeroGradient;
    }
    yzfaces
    {
        type            empty;
    }
}


// ************************************************************************* //
