/*--------------------------------*- C++ -*----------------------------------*\
  =========                 |
  \\      /  F ield         | OpenFOAM: The Open Source CFD Toolbox
   \\    /   O peration     | Website:  https://openfoam.org
    \\  /    A nd           | Version:  10
     \\/     M anipulation  |
\*---------------------------------------------------------------------------*/
FoamFile
{
    format      ascii;
    class       volVectorField;
    location    "1.24";
    object      Ub;
}
// * * * * * * * * * * * * * * * * * * * * * * * * * * * * * * * * * * * * * //

dimensions      [0 1 -1 0 0 0 0];

internalField   nonuniform List<vector> 
100
(
(1.59576e-05 0 0)
(4.87788e-05 0 0)
(8.28106e-05 0 0)
(0.000117263 0 0)
(0.000151869 0 0)
(0.000186515 0 0)
(0.000221146 0 0)
(0.000255736 0 0)
(0.000290271 0 0)
(0.000324748 0 0)
(0.000359165 0 0)
(0.000393524 0 0)
(0.000427828 0 0)
(0.000462082 0 0)
(0.000496289 0 0)
(0.000530456 0 0)
(0.000564586 0 0)
(0.000598685 0 0)
(0.000632758 0 0)
(0.000666808 0 0)
(0.000700841 0 0)
(0.000734862 0 0)
(0.000768875 0 0)
(0.000802883 0 0)
(0.000836892 0 0)
(0.000870905 0 0)
(0.000904927 0 0)
(0.000938961 0 0)
(0.000973011 0 0)
(0.00100708 0 0)
(0.00104117 0 0)
(0.0010753 0 0)
(0.00110945 0 0)
(0.00114364 0 0)
(0.00117786 0 0)
(0.00121213 0 0)
(0.00124644 0 0)
(0.00128081 0 0)
(0.00131522 0 0)
(0.0013497 0 0)
(0.00138423 0 0)
(0.00141883 0 0)
(0.00145349 0 0)
(0.00148823 0 0)
(0.00152305 0 0)
(0.00155794 0 0)
(0.00159292 0 0)
(0.00162799 0 0)
(0.00166316 0 0)
(0.00169842 0 0)
(0.00173379 0 0)
(0.00176926 0 0)
(0.00180485 0 0)
(0.00184056 0 0)
(0.0018764 0 0)
(0.00191237 0 0)
(0.00194848 0 0)
(0.00198474 0 0)
(0.00202115 0 0)
(0.00205773 0 0)
(0.00209448 0 0)
(0.00213141 0 0)
(0.00216854 0 0)
(0.00220587 0 0)
(0.00224342 0 0)
(0.00228121 0 0)
(0.00231924 0 0)
(0.00235754 0 0)
(0.00239613 0 0)
(0.00243502 0 0)
(0.00247425 0 0)
(0.00251383 0 0)
(0.00255381 0 0)
(0.00259422 0 0)
(0.0026351 0 0)
(0.00267649 0 0)
(0.00271847 0 0)
(0.00276108 0 0)
(0.00280441 0 0)
(0.00284856 0 0)
(0.00289363 0 0)
(0.00293976 0 0)
(0.00298713 0 0)
(0.00303593 0 0)
(0.00308642 0 0)
(0.00313895 0 0)
(0.00319394 0 0)
(0.00325197 0 0)
(0.00331378 0 0)
(0.00338044 0 0)
(0.00345345 0 0)
(0.00353498 0 0)
(0.00362837 0 0)
(0.00373897 0 0)
(0.00387593 0 0)
(0.00405625 0 0)
(0.00431547 0 0)
(0.00474187 0 0)
(0.00562412 0 0)
(0.00827296 0 0)
)
;

boundaryField
{
    inlet
    {
        type            fixedValue;
        value           uniform (0 0 0);
    }
    outlet
    {
        type            zeroGradient;
    }
    yzfaces
    {
        type            empty;
    }
}


// ************************************************************************* //
