/*--------------------------------*- C++ -*----------------------------------*\
  =========                 |
  \\      /  F ield         | OpenFOAM: The Open Source CFD Toolbox
   \\    /   O peration     | Website:  https://openfoam.org
    \\  /    A nd           | Version:  10
     \\/     M anipulation  |
\*---------------------------------------------------------------------------*/
FoamFile
{
    format      ascii;
    class       volVectorField;
    location    "1.185";
    object      Ua;
}
// * * * * * * * * * * * * * * * * * * * * * * * * * * * * * * * * * * * * * //

dimensions      [0 1 -1 0 0 0 0];

internalField   nonuniform List<vector> 
100
(
(0.00712272 0 0)
(0.0142278 0 0)
(0.0141921 0 0)
(0.014156 0 0)
(0.0141198 0 0)
(0.0140836 0 0)
(0.0140473 0 0)
(0.0140112 0 0)
(0.0139751 0 0)
(0.013939 0 0)
(0.013903 0 0)
(0.0138671 0 0)
(0.0138312 0 0)
(0.0137954 0 0)
(0.0137596 0 0)
(0.0137239 0 0)
(0.0136882 0 0)
(0.0136525 0 0)
(0.0136169 0 0)
(0.0135813 0 0)
(0.0135457 0 0)
(0.01351 0 0)
(0.0134745 0 0)
(0.0134388 0 0)
(0.0134032 0 0)
(0.0133676 0 0)
(0.013332 0 0)
(0.0132963 0 0)
(0.0132607 0 0)
(0.013225 0 0)
(0.0131892 0 0)
(0.0131535 0 0)
(0.0131176 0 0)
(0.0130818 0 0)
(0.0130459 0 0)
(0.0130099 0 0)
(0.0129739 0 0)
(0.0129378 0 0)
(0.0129017 0 0)
(0.0128654 0 0)
(0.0128291 0 0)
(0.0127928 0 0)
(0.0127563 0 0)
(0.0127198 0 0)
(0.0126831 0 0)
(0.0126464 0 0)
(0.0126095 0 0)
(0.0125726 0 0)
(0.0125355 0 0)
(0.0124983 0 0)
(0.012461 0 0)
(0.0124235 0 0)
(0.0123859 0 0)
(0.0123481 0 0)
(0.0123102 0 0)
(0.0122721 0 0)
(0.0122338 0 0)
(0.0121954 0 0)
(0.0121567 0 0)
(0.0121178 0 0)
(0.0120787 0 0)
(0.0120394 0 0)
(0.0119998 0 0)
(0.0119599 0 0)
(0.0119197 0 0)
(0.0118792 0 0)
(0.0118384 0 0)
(0.0117971 0 0)
(0.0117555 0 0)
(0.0117134 0 0)
(0.0116709 0 0)
(0.0116277 0 0)
(0.011584 0 0)
(0.0115396 0 0)
(0.0114945 0 0)
(0.0114485 0 0)
(0.0114015 0 0)
(0.0113534 0 0)
(0.011304 0 0)
(0.0112531 0 0)
(0.0112003 0 0)
(0.0111454 0 0)
(0.0110878 0 0)
(0.011027 0 0)
(0.010962 0 0)
(0.0108917 0 0)
(0.0108144 0 0)
(0.0107276 0 0)
(0.0106273 0 0)
(0.0105072 0 0)
(0.010356 0 0)
(0.0101522 0 0)
(0.00984791 0 0)
(0.0093149 0 0)
(0.0080749 0 0)
(0.00436564 0 0)
(0.00077454 0 0)
(9.3471e-08 0 0)
(0 0 0)
(0 0 0)
)
;

boundaryField
{
    inlet
    {
        type            fixedValue;
        value           uniform (0 0 0);
    }
    outlet
    {
        type            zeroGradient;
    }
    yzfaces
    {
        type            empty;
    }
}


// ************************************************************************* //
