/*--------------------------------*- C++ -*----------------------------------*\
  =========                 |
  \\      /  F ield         | OpenFOAM: The Open Source CFD Toolbox
   \\    /   O peration     | Website:  https://openfoam.org
    \\  /    A nd           | Version:  10
     \\/     M anipulation  |
\*---------------------------------------------------------------------------*/
FoamFile
{
    format      ascii;
    class       volVectorField;
    location    "1.185";
    object      Ub;
}
// * * * * * * * * * * * * * * * * * * * * * * * * * * * * * * * * * * * * * //

dimensions      [0 1 -1 0 0 0 0];

internalField   nonuniform List<vector> 
100
(
(1.67554e-05 0 0)
(5.11879e-05 0 0)
(8.68454e-05 0 0)
(0.000122917 0 0)
(0.000159133 0 0)
(0.00019538 0 0)
(0.000231602 0 0)
(0.000267777 0 0)
(0.000303891 0 0)
(0.000339941 0 0)
(0.000375928 0 0)
(0.000411855 0 0)
(0.000447725 0 0)
(0.000483543 0 0)
(0.000519316 0 0)
(0.000555048 0 0)
(0.000590745 0 0)
(0.000626413 0 0)
(0.000662057 0 0)
(0.000697682 0 0)
(0.000733293 0 0)
(0.000768896 0 0)
(0.000804495 0 0)
(0.000840096 0 0)
(0.000875703 0 0)
(0.00091132 0 0)
(0.000946952 0 0)
(0.000982604 0 0)
(0.00101828 0 0)
(0.00105398 0 0)
(0.00108972 0 0)
(0.00112549 0 0)
(0.00116131 0 0)
(0.00119717 0 0)
(0.00123308 0 0)
(0.00126904 0 0)
(0.00130506 0 0)
(0.00134114 0 0)
(0.00137729 0 0)
(0.00141351 0 0)
(0.0014498 0 0)
(0.00148618 0 0)
(0.00152264 0 0)
(0.00155919 0 0)
(0.00159583 0 0)
(0.00163258 0 0)
(0.00166942 0 0)
(0.00170639 0 0)
(0.00174346 0 0)
(0.00178066 0 0)
(0.00181799 0 0)
(0.00185546 0 0)
(0.00189307 0 0)
(0.00193083 0 0)
(0.00196876 0 0)
(0.00200685 0 0)
(0.00204512 0 0)
(0.00208358 0 0)
(0.00212224 0 0)
(0.00216112 0 0)
(0.00220022 0 0)
(0.00223957 0 0)
(0.00227917 0 0)
(0.00231905 0 0)
(0.00235923 0 0)
(0.00239973 0 0)
(0.00244058 0 0)
(0.0024818 0 0)
(0.00252343 0 0)
(0.00256551 0 0)
(0.00260808 0 0)
(0.0026512 0 0)
(0.00269492 0 0)
(0.00273931 0 0)
(0.00278446 0 0)
(0.00283046 0 0)
(0.00287744 0 0)
(0.00292555 0 0)
(0.00297496 0 0)
(0.00302589 0 0)
(0.00307864 0 0)
(0.00313356 0 0)
(0.00319113 0 0)
(0.00325198 0 0)
(0.00331695 0 0)
(0.00338724 0 0)
(0.00346454 0 0)
(0.00355137 0 0)
(0.00365164 0 0)
(0.00377174 0 0)
(0.0039229 0 0)
(0.00412678 0 0)
(0.00443104 0 0)
(0.00496405 0 0)
(0.00620404 0 0)
(0.0099133 0 0)
(0.0135044 0 0)
(0.0142789 0 0)
(0.0142789 0 0)
(0.0142789 0 0)
)
;

boundaryField
{
    inlet
    {
        type            fixedValue;
        value           uniform (0 0 0);
    }
    outlet
    {
        type            zeroGradient;
    }
    yzfaces
    {
        type            empty;
    }
}


// ************************************************************************* //
