/*--------------------------------*- C++ -*----------------------------------*\
  =========                 |
  \\      /  F ield         | OpenFOAM: The Open Source CFD Toolbox
   \\    /   O peration     | Website:  https://openfoam.org
    \\  /    A nd           | Version:  10
     \\/     M anipulation  |
\*---------------------------------------------------------------------------*/
FoamFile
{
    format      ascii;
    class       volVectorField;
    location    "1.34";
    object      Ua;
}
// * * * * * * * * * * * * * * * * * * * * * * * * * * * * * * * * * * * * * //

dimensions      [0 1 -1 0 0 0 0];

internalField   nonuniform List<vector> 
100
(
(0.00712435 0 0)
(0.0142332 0 0)
(0.0142017 0 0)
(0.0141699 0 0)
(0.0141379 0 0)
(0.0141058 0 0)
(0.0140737 0 0)
(0.0140417 0 0)
(0.0140097 0 0)
(0.0139778 0 0)
(0.0139459 0 0)
(0.013914 0 0)
(0.0138823 0 0)
(0.0138505 0 0)
(0.0138188 0 0)
(0.0137872 0 0)
(0.0137556 0 0)
(0.013724 0 0)
(0.0136924 0 0)
(0.0136609 0 0)
(0.0136294 0 0)
(0.0135979 0 0)
(0.0135664 0 0)
(0.013535 0 0)
(0.0135035 0 0)
(0.013472 0 0)
(0.0134406 0 0)
(0.0134091 0 0)
(0.0133777 0 0)
(0.0133462 0 0)
(0.0133147 0 0)
(0.0132832 0 0)
(0.0132517 0 0)
(0.0132202 0 0)
(0.0131886 0 0)
(0.013157 0 0)
(0.0131254 0 0)
(0.0130938 0 0)
(0.0130621 0 0)
(0.0130304 0 0)
(0.0129986 0 0)
(0.0129668 0 0)
(0.0129349 0 0)
(0.012903 0 0)
(0.0128711 0 0)
(0.0128391 0 0)
(0.012807 0 0)
(0.0127748 0 0)
(0.0127426 0 0)
(0.0127104 0 0)
(0.012678 0 0)
(0.0126456 0 0)
(0.0126131 0 0)
(0.0125806 0 0)
(0.0125479 0 0)
(0.0125151 0 0)
(0.0124823 0 0)
(0.0124494 0 0)
(0.0124163 0 0)
(0.0123831 0 0)
(0.0123499 0 0)
(0.0123165 0 0)
(0.012283 0 0)
(0.0122493 0 0)
(0.0122155 0 0)
(0.0121816 0 0)
(0.0121475 0 0)
(0.0121133 0 0)
(0.0120789 0 0)
(0.0120443 0 0)
(0.0120095 0 0)
(0.0119745 0 0)
(0.0119393 0 0)
(0.0119039 0 0)
(0.0118683 0 0)
(0.0118323 0 0)
(0.0117961 0 0)
(0.0117596 0 0)
(0.0117228 0 0)
(0.0116856 0 0)
(0.011648 0 0)
(0.01161 0 0)
(0.0115715 0 0)
(0.0115326 0 0)
(0.011493 0 0)
(0.0114528 0 0)
(0.0114119 0 0)
(0.0113702 0 0)
(0.0113275 0 0)
(0.0112838 0 0)
(0.0112389 0 0)
(0.0111925 0 0)
(0.0111443 0 0)
(0.0110942 0 0)
(0.0110415 0 0)
(0.0109857 0 0)
(0.0109261 0 0)
(0.0108615 0 0)
(0.0107904 0 0)
(0.0107105 0 0)
)
;

boundaryField
{
    inlet
    {
        type            fixedValue;
        value           uniform (0 0 0);
    }
    outlet
    {
        type            zeroGradient;
    }
    yzfaces
    {
        type            empty;
    }
}


// ************************************************************************* //
