/*--------------------------------*- C++ -*----------------------------------*\
  =========                 |
  \\      /  F ield         | OpenFOAM: The Open Source CFD Toolbox
   \\    /   O peration     | Website:  https://openfoam.org
    \\  /    A nd           | Version:  10
     \\/     M anipulation  |
\*---------------------------------------------------------------------------*/
FoamFile
{
    format      ascii;
    class       volVectorField;
    location    "0.825";
    object      Ua;
}
// * * * * * * * * * * * * * * * * * * * * * * * * * * * * * * * * * * * * * //

dimensions      [0 1 -1 0 0 0 0];

internalField   nonuniform List<vector> 
100
(
(0.00711586 0 0)
(0.014206 0 0)
(0.0141544 0 0)
(0.0141025 0 0)
(0.0140505 0 0)
(0.0139986 0 0)
(0.0139468 0 0)
(0.0138951 0 0)
(0.0138435 0 0)
(0.013792 0 0)
(0.0137405 0 0)
(0.0136892 0 0)
(0.0136378 0 0)
(0.0135865 0 0)
(0.0135352 0 0)
(0.0134839 0 0)
(0.0134326 0 0)
(0.0133813 0 0)
(0.0133299 0 0)
(0.0132784 0 0)
(0.0132269 0 0)
(0.0131753 0 0)
(0.0131236 0 0)
(0.0130718 0 0)
(0.0130199 0 0)
(0.0129678 0 0)
(0.0129156 0 0)
(0.0128632 0 0)
(0.0128106 0 0)
(0.0127579 0 0)
(0.0127049 0 0)
(0.0126517 0 0)
(0.0125982 0 0)
(0.0125445 0 0)
(0.0124904 0 0)
(0.0124361 0 0)
(0.0123814 0 0)
(0.0123264 0 0)
(0.0122709 0 0)
(0.012215 0 0)
(0.0121587 0 0)
(0.0121018 0 0)
(0.0120444 0 0)
(0.0119863 0 0)
(0.0119275 0 0)
(0.011868 0 0)
(0.0118076 0 0)
(0.0117462 0 0)
(0.0116837 0 0)
(0.0116199 0 0)
(0.0115547 0 0)
(0.0114877 0 0)
(0.0114187 0 0)
(0.0113472 0 0)
(0.0112727 0 0)
(0.0111944 0 0)
(0.0111114 0 0)
(0.0110223 0 0)
(0.010925 0 0)
(0.0108164 0 0)
(0.0106915 0 0)
(0.0105421 0 0)
(0.0103527 0 0)
(0.0100921 0 0)
(0.00968478 0 0)
(0.00889657 0 0)
(0.00668421 0 0)
(0.00254372 0 0)
(4.06304e-05 0 0)
(1.16884e-12 0 0)
(0 0 0)
(0 0 0)
(0 0 0)
(0 0 0)
(0 0 0)
(0 0 0)
(0 0 0)
(0 0 0)
(0 0 0)
(0 0 0)
(0 0 0)
(0 0 0)
(0 0 0)
(0 0 0)
(0 0 0)
(0 0 0)
(0 0 0)
(0 0 0)
(0 0 0)
(0 0 0)
(0 0 0)
(0 0 0)
(0 0 0)
(0 0 0)
(0 0 0)
(0 0 0)
(0 0 0)
(0 0 0)
(0 0 0)
(0 0 0)
)
;

boundaryField
{
    inlet
    {
        type            fixedValue;
        value           uniform (0 0 0);
    }
    outlet
    {
        type            zeroGradient;
    }
    yzfaces
    {
        type            empty;
    }
}


// ************************************************************************* //
