/*--------------------------------*- C++ -*----------------------------------*\
  =========                 |
  \\      /  F ield         | OpenFOAM: The Open Source CFD Toolbox
   \\    /   O peration     | Website:  https://openfoam.org
    \\  /    A nd           | Version:  10
     \\/     M anipulation  |
\*---------------------------------------------------------------------------*/
FoamFile
{
    format      ascii;
    class       volVectorField;
    location    "0.825";
    object      Ub;
}
// * * * * * * * * * * * * * * * * * * * * * * * * * * * * * * * * * * * * * //

dimensions      [0 1 -1 0 0 0 0];

internalField   nonuniform List<vector> 
100
(
(2.46445e-05 0 0)
(7.49575e-05 0 0)
(0.000126562 0 0)
(0.000178491 0 0)
(0.000230461 0 0)
(0.000282369 0 0)
(0.00033418 0 0)
(0.000385887 0 0)
(0.000437494 0 0)
(0.000489012 0 0)
(0.000540456 0 0)
(0.00059184 0 0)
(0.00064318 0 0)
(0.000694492 0 0)
(0.00074579 0 0)
(0.000797089 0 0)
(0.000848403 0 0)
(0.000899748 0 0)
(0.000951135 0 0)
(0.00100258 0 0)
(0.0010541 0 0)
(0.0011057 0 0)
(0.00115739 0 0)
(0.0012092 0 0)
(0.00126113 0 0)
(0.0013132 0 0)
(0.00136542 0 0)
(0.00141781 0 0)
(0.00147038 0 0)
(0.00152315 0 0)
(0.00157613 0 0)
(0.00162934 0 0)
(0.0016828 0 0)
(0.00173654 0 0)
(0.00179056 0 0)
(0.0018449 0 0)
(0.00189958 0 0)
(0.00195463 0 0)
(0.00201008 0 0)
(0.00206596 0 0)
(0.00212232 0 0)
(0.00217919 0 0)
(0.00223664 0 0)
(0.00229471 0 0)
(0.00235347 0 0)
(0.00241301 0 0)
(0.00247341 0 0)
(0.0025348 0 0)
(0.00259729 0 0)
(0.00266106 0 0)
(0.00272631 0 0)
(0.0027933 0 0)
(0.00286233 0 0)
(0.00293383 0 0)
(0.00300835 0 0)
(0.00308659 0 0)
(0.00316957 0 0)
(0.00325869 0 0)
(0.00335601 0 0)
(0.00346462 0 0)
(0.00358947 0 0)
(0.00373892 0 0)
(0.00392828 0 0)
(0.0041889 0 0)
(0.00459623 0 0)
(0.00538443 0 0)
(0.00759679 0 0)
(0.0117373 0 0)
(0.0142404 0 0)
(0.014281 0 0)
(0.014281 0 0)
(0.014281 0 0)
(0.014281 0 0)
(0.014281 0 0)
(0.014281 0 0)
(0.014281 0 0)
(0.014281 0 0)
(0.014281 0 0)
(0.014281 0 0)
(0.014281 0 0)
(0.014281 0 0)
(0.014281 0 0)
(0.014281 0 0)
(0.014281 0 0)
(0.014281 0 0)
(0.014281 0 0)
(0.014281 0 0)
(0.014281 0 0)
(0.014281 0 0)
(0.014281 0 0)
(0.014281 0 0)
(0.014281 0 0)
(0.014281 0 0)
(0.014281 0 0)
(0.014281 0 0)
(0.014281 0 0)
(0.014281 0 0)
(0.014281 0 0)
(0.014281 0 0)
(0.014281 0 0)
)
;

boundaryField
{
    inlet
    {
        type            fixedValue;
        value           uniform (0 0 0);
    }
    outlet
    {
        type            zeroGradient;
    }
    yzfaces
    {
        type            empty;
    }
}


// ************************************************************************* //
