/*--------------------------------*- C++ -*----------------------------------*\
  =========                 |
  \\      /  F ield         | OpenFOAM: The Open Source CFD Toolbox
   \\    /   O peration     | Website:  https://openfoam.org
    \\  /    A nd           | Version:  10
     \\/     M anipulation  |
\*---------------------------------------------------------------------------*/
FoamFile
{
    format      ascii;
    class       volVectorField;
    location    "0.49";
    object      Ua;
}
// * * * * * * * * * * * * * * * * * * * * * * * * * * * * * * * * * * * * * //

dimensions      [0 1 -1 0 0 0 0];

internalField   nonuniform List<vector> 
100
(
(0.00709895 0 0)
(0.0141543 0 0)
(0.0140671 0 0)
(0.0139798 0 0)
(0.0138926 0 0)
(0.0138056 0 0)
(0.0137186 0 0)
(0.0136318 0 0)
(0.0135449 0 0)
(0.013458 0 0)
(0.0133709 0 0)
(0.0132835 0 0)
(0.0131959 0 0)
(0.013108 0 0)
(0.0130195 0 0)
(0.0129306 0 0)
(0.0128411 0 0)
(0.0127509 0 0)
(0.0126599 0 0)
(0.0125681 0 0)
(0.0124752 0 0)
(0.0123812 0 0)
(0.0122858 0 0)
(0.0121889 0 0)
(0.0120903 0 0)
(0.0119896 0 0)
(0.0118864 0 0)
(0.0117802 0 0)
(0.0116704 0 0)
(0.0115562 0 0)
(0.0114362 0 0)
(0.0113087 0 0)
(0.0111711 0 0)
(0.0110194 0 0)
(0.0108468 0 0)
(0.0106414 0 0)
(0.0103802 0 0)
(0.0100112 0 0)
(0.00939116 0 0)
(0.00796439 0 0)
(0.00398783 0 0)
(0.000519272 0 0)
(1.69507e-08 0 0)
(0 0 0)
(0 0 0)
(0 0 0)
(0 0 0)
(0 0 0)
(0 0 0)
(0 0 0)
(0 0 0)
(0 0 0)
(0 0 0)
(0 0 0)
(0 0 0)
(0 0 0)
(0 0 0)
(0 0 0)
(0 0 0)
(0 0 0)
(0 0 0)
(0 0 0)
(0 0 0)
(0 0 0)
(0 0 0)
(0 0 0)
(0 0 0)
(0 0 0)
(0 0 0)
(0 0 0)
(0 0 0)
(0 0 0)
(0 0 0)
(0 0 0)
(0 0 0)
(0 0 0)
(0 0 0)
(0 0 0)
(0 0 0)
(0 0 0)
(0 0 0)
(0 0 0)
(0 0 0)
(0 0 0)
(0 0 0)
(0 0 0)
(0 0 0)
(0 0 0)
(0 0 0)
(0 0 0)
(0 0 0)
(0 0 0)
(0 0 0)
(0 0 0)
(0 0 0)
(0 0 0)
(0 0 0)
(0 0 0)
(0 0 0)
(0 0 0)
)
;

boundaryField
{
    inlet
    {
        type            fixedValue;
        value           uniform (0 0 0);
    }
    outlet
    {
        type            zeroGradient;
    }
    yzfaces
    {
        type            empty;
    }
}


// ************************************************************************* //
