/*--------------------------------*- C++ -*----------------------------------*\
  =========                 |
  \\      /  F ield         | OpenFOAM: The Open Source CFD Toolbox
   \\    /   O peration     | Website:  https://openfoam.org
    \\  /    A nd           | Version:  10
     \\/     M anipulation  |
\*---------------------------------------------------------------------------*/
FoamFile
{
    format      ascii;
    class       volVectorField;
    location    "0.49";
    object      Ub;
}
// * * * * * * * * * * * * * * * * * * * * * * * * * * * * * * * * * * * * * //

dimensions      [0 1 -1 0 0 0 0];

internalField   nonuniform List<vector> 
100
(
(4.25104e-05 0 0)
(0.000128578 0 0)
(0.000215825 0 0)
(0.00030315 0 0)
(0.000390335 0 0)
(0.000477361 0 0)
(0.00056427 0 0)
(0.000651124 0 0)
(0.000737991 0 0)
(0.000824942 0 0)
(0.000912045 0 0)
(0.000999369 0 0)
(0.00108698 0 0)
(0.00117496 0 0)
(0.00126337 0 0)
(0.0013523 0 0)
(0.00144181 0 0)
(0.00153201 0 0)
(0.00162298 0 0)
(0.00171485 0 0)
(0.00180772 0 0)
(0.00190175 0 0)
(0.0019971 0 0)
(0.00209398 0 0)
(0.00219263 0 0)
(0.00229336 0 0)
(0.00239656 0 0)
(0.00250271 0 0)
(0.00261248 0 0)
(0.00272675 0 0)
(0.00284675 0 0)
(0.00297422 0 0)
(0.00311179 0 0)
(0.00326353 0 0)
(0.00343614 0 0)
(0.00364148 0 0)
(0.00390272 0 0)
(0.0042717 0 0)
(0.00489176 0 0)
(0.00631853 0 0)
(0.0102951 0 0)
(0.0137636 0 0)
(0.0142829 0 0)
(0.0142829 0 0)
(0.0142829 0 0)
(0.0142829 0 0)
(0.0142829 0 0)
(0.0142829 0 0)
(0.0142829 0 0)
(0.0142829 0 0)
(0.0142829 0 0)
(0.0142829 0 0)
(0.0142829 0 0)
(0.0142829 0 0)
(0.0142829 0 0)
(0.0142829 0 0)
(0.0142829 0 0)
(0.0142829 0 0)
(0.0142829 0 0)
(0.0142829 0 0)
(0.0142829 0 0)
(0.0142829 0 0)
(0.0142829 0 0)
(0.0142829 0 0)
(0.0142829 0 0)
(0.0142829 0 0)
(0.0142829 0 0)
(0.0142829 0 0)
(0.0142829 0 0)
(0.0142829 0 0)
(0.0142829 0 0)
(0.0142829 0 0)
(0.0142829 0 0)
(0.0142829 0 0)
(0.0142829 0 0)
(0.0142829 0 0)
(0.0142829 0 0)
(0.0142829 0 0)
(0.0142829 0 0)
(0.0142829 0 0)
(0.0142829 0 0)
(0.0142829 0 0)
(0.0142829 0 0)
(0.0142829 0 0)
(0.0142829 0 0)
(0.0142829 0 0)
(0.0142829 0 0)
(0.0142829 0 0)
(0.0142829 0 0)
(0.0142829 0 0)
(0.0142829 0 0)
(0.0142829 0 0)
(0.0142829 0 0)
(0.0142829 0 0)
(0.0142829 0 0)
(0.0142829 0 0)
(0.0142829 0 0)
(0.0142829 0 0)
(0.0142829 0 0)
(0.0142829 0 0)
)
;

boundaryField
{
    inlet
    {
        type            fixedValue;
        value           uniform (0 0 0);
    }
    outlet
    {
        type            zeroGradient;
    }
    yzfaces
    {
        type            empty;
    }
}


// ************************************************************************* //
