/*--------------------------------*- C++ -*----------------------------------*\
  =========                 |
  \\      /  F ield         | OpenFOAM: The Open Source CFD Toolbox
   \\    /   O peration     | Website:  https://openfoam.org
    \\  /    A nd           | Version:  10
     \\/     M anipulation  |
\*---------------------------------------------------------------------------*/
FoamFile
{
    format      ascii;
    class       volVectorField;
    location    "0.9";
    object      Ub;
}
// * * * * * * * * * * * * * * * * * * * * * * * * * * * * * * * * * * * * * //

dimensions      [0 1 -1 0 0 0 0];

internalField   nonuniform List<vector> 
100
(
(2.24748e-05 0 0)
(6.84289e-05 0 0)
(0.000115667 0 0)
(0.000163259 0 0)
(0.00021092 0 0)
(0.000258543 0 0)
(0.000306088 0 0)
(0.000353539 0 0)
(0.000400898 0 0)
(0.000448171 0 0)
(0.000495367 0 0)
(0.000542497 0 0)
(0.000589575 0 0)
(0.000636611 0 0)
(0.000683618 0 0)
(0.000730607 0 0)
(0.000777591 0 0)
(0.000824579 0 0)
(0.000871584 0 0)
(0.000918615 0 0)
(0.000965684 0 0)
(0.0010128 0 0)
(0.00105997 0 0)
(0.00110722 0 0)
(0.00115454 0 0)
(0.00120194 0 0)
(0.00124945 0 0)
(0.00129707 0 0)
(0.0013448 0 0)
(0.00139267 0 0)
(0.00144067 0 0)
(0.00148883 0 0)
(0.00153715 0 0)
(0.00158565 0 0)
(0.00163435 0 0)
(0.00168324 0 0)
(0.00173235 0 0)
(0.0017817 0 0)
(0.0018313 0 0)
(0.00188117 0 0)
(0.00193133 0 0)
(0.00198181 0 0)
(0.00203262 0 0)
(0.00208379 0 0)
(0.00213536 0 0)
(0.00218735 0 0)
(0.00223981 0 0)
(0.00229278 0 0)
(0.00234631 0 0)
(0.00240045 0 0)
(0.00245528 0 0)
(0.00251087 0 0)
(0.00256731 0 0)
(0.00262472 0 0)
(0.00268324 0 0)
(0.00274302 0 0)
(0.00280428 0 0)
(0.00286726 0 0)
(0.00293229 0 0)
(0.0029998 0 0)
(0.00307033 0 0)
(0.00314463 0 0)
(0.00322371 0 0)
(0.003309 0 0)
(0.00340262 0 0)
(0.00350774 0 0)
(0.00362945 0 0)
(0.0037764 0 0)
(0.00396449 0 0)
(0.00422656 0 0)
(0.00464252 0 0)
(0.00546515 0 0)
(0.00783359 0 0)
(0.0119359 0 0)
(0.0142561 0 0)
(0.0142806 0 0)
(0.0142806 0 0)
(0.0142806 0 0)
(0.0142806 0 0)
(0.0142806 0 0)
(0.0142806 0 0)
(0.0142806 0 0)
(0.0142806 0 0)
(0.0142806 0 0)
(0.0142806 0 0)
(0.0142806 0 0)
(0.0142806 0 0)
(0.0142806 0 0)
(0.0142806 0 0)
(0.0142806 0 0)
(0.0142806 0 0)
(0.0142806 0 0)
(0.0142806 0 0)
(0.0142806 0 0)
(0.0142806 0 0)
(0.0142806 0 0)
(0.0142806 0 0)
(0.0142806 0 0)
(0.0142806 0 0)
(0.0142806 0 0)
)
;

boundaryField
{
    inlet
    {
        type            fixedValue;
        value           uniform (0 0 0);
    }
    outlet
    {
        type            zeroGradient;
    }
    yzfaces
    {
        type            empty;
    }
}


// ************************************************************************* //
