/*--------------------------------*- C++ -*----------------------------------*\
  =========                 |
  \\      /  F ield         | OpenFOAM: The Open Source CFD Toolbox
   \\    /   O peration     | Website:  https://openfoam.org
    \\  /    A nd           | Version:  10
     \\/     M anipulation  |
\*---------------------------------------------------------------------------*/
FoamFile
{
    format      ascii;
    class       volVectorField;
    location    "0.71";
    object      Ua;
}
// * * * * * * * * * * * * * * * * * * * * * * * * * * * * * * * * * * * * * //

dimensions      [0 1 -1 0 0 0 0];

internalField   nonuniform List<vector> 
100
(
(0.00711196 0 0)
(0.014194 0 0)
(0.0141339 0 0)
(0.0140736 0 0)
(0.0140133 0 0)
(0.013953 0 0)
(0.0138929 0 0)
(0.013833 0 0)
(0.0137731 0 0)
(0.0137133 0 0)
(0.0136535 0 0)
(0.0135938 0 0)
(0.0135341 0 0)
(0.0134744 0 0)
(0.0134147 0 0)
(0.0133549 0 0)
(0.013295 0 0)
(0.013235 0 0)
(0.0131749 0 0)
(0.0131147 0 0)
(0.0130543 0 0)
(0.0129937 0 0)
(0.0129329 0 0)
(0.0128718 0 0)
(0.0128105 0 0)
(0.0127489 0 0)
(0.012687 0 0)
(0.0126248 0 0)
(0.0125622 0 0)
(0.0124992 0 0)
(0.0124357 0 0)
(0.0123717 0 0)
(0.0123072 0 0)
(0.0122421 0 0)
(0.0121763 0 0)
(0.0121099 0 0)
(0.0120426 0 0)
(0.0119743 0 0)
(0.0119051 0 0)
(0.0118347 0 0)
(0.011763 0 0)
(0.0116897 0 0)
(0.0116146 0 0)
(0.0115374 0 0)
(0.0114576 0 0)
(0.0113747 0 0)
(0.0112879 0 0)
(0.0111961 0 0)
(0.011098 0 0)
(0.0109914 0 0)
(0.0108729 0 0)
(0.0107374 0 0)
(0.0105759 0 0)
(0.0103719 0 0)
(0.0100909 0 0)
(0.00964796 0 0)
(0.00876873 0 0)
(0.0062076 0 0)
(0.00213804 0 0)
(1.38305e-05 0 0)
(2.40745e-14 0 0)
(0 0 0)
(0 0 0)
(0 0 0)
(0 0 0)
(0 0 0)
(0 0 0)
(0 0 0)
(0 0 0)
(0 0 0)
(0 0 0)
(0 0 0)
(0 0 0)
(0 0 0)
(0 0 0)
(0 0 0)
(0 0 0)
(0 0 0)
(0 0 0)
(0 0 0)
(0 0 0)
(0 0 0)
(0 0 0)
(0 0 0)
(0 0 0)
(0 0 0)
(0 0 0)
(0 0 0)
(0 0 0)
(0 0 0)
(0 0 0)
(0 0 0)
(0 0 0)
(0 0 0)
(0 0 0)
(0 0 0)
(0 0 0)
(0 0 0)
(0 0 0)
(0 0 0)
)
;

boundaryField
{
    inlet
    {
        type            fixedValue;
        value           uniform (0 0 0);
    }
    outlet
    {
        type            zeroGradient;
    }
    yzfaces
    {
        type            empty;
    }
}


// ************************************************************************* //
