/*--------------------------------*- C++ -*----------------------------------*\
  =========                 |
  \\      /  F ield         | OpenFOAM: The Open Source CFD Toolbox
   \\    /   O peration     | Website:  https://openfoam.org
    \\  /    A nd           | Version:  10
     \\/     M anipulation  |
\*---------------------------------------------------------------------------*/
FoamFile
{
    format      ascii;
    class       volVectorField;
    location    "0.71";
    object      Ub;
}
// * * * * * * * * * * * * * * * * * * * * * * * * * * * * * * * * * * * * * //

dimensions      [0 1 -1 0 0 0 0];

internalField   nonuniform List<vector> 
100
(
(2.88689e-05 0 0)
(8.76558e-05 0 0)
(0.00014773 0 0)
(0.000208069 0 0)
(0.000268395 0 0)
(0.000328618 0 0)
(0.000388717 0 0)
(0.000448698 0 0)
(0.000508576 0 0)
(0.000568373 0 0)
(0.000628112 0 0)
(0.000687817 0 0)
(0.000747512 0 0)
(0.000807219 0 0)
(0.000866961 0 0)
(0.00092676 0 0)
(0.000986639 0 0)
(0.00104662 0 0)
(0.00110672 0 0)
(0.00116696 0 0)
(0.00122737 0 0)
(0.00128797 0 0)
(0.00134878 0 0)
(0.00140982 0 0)
(0.00147113 0 0)
(0.00153271 0 0)
(0.00159461 0 0)
(0.00165685 0 0)
(0.00171947 0 0)
(0.0017825 0 0)
(0.00184598 0 0)
(0.00190994 0 0)
(0.00197445 0 0)
(0.00203956 0 0)
(0.00210532 0 0)
(0.0021718 0 0)
(0.0022391 0 0)
(0.00230731 0 0)
(0.00237655 0 0)
(0.00244695 0 0)
(0.00251868 0 0)
(0.00259197 0 0)
(0.00266706 0 0)
(0.00274428 0 0)
(0.00282408 0 0)
(0.002907 0 0)
(0.00299381 0 0)
(0.00308553 0 0)
(0.00318365 0 0)
(0.0032903 0 0)
(0.00340876 0 0)
(0.00354426 0 0)
(0.00370574 0 0)
(0.00390976 0 0)
(0.00419076 0 0)
(0.0046337 0 0)
(0.00551293 0 0)
(0.00807406 0 0)
(0.0121436 0 0)
(0.0142678 0 0)
(0.0142817 0 0)
(0.0142817 0 0)
(0.0142817 0 0)
(0.0142817 0 0)
(0.0142817 0 0)
(0.0142817 0 0)
(0.0142817 0 0)
(0.0142817 0 0)
(0.0142817 0 0)
(0.0142817 0 0)
(0.0142817 0 0)
(0.0142817 0 0)
(0.0142817 0 0)
(0.0142817 0 0)
(0.0142817 0 0)
(0.0142817 0 0)
(0.0142817 0 0)
(0.0142817 0 0)
(0.0142817 0 0)
(0.0142817 0 0)
(0.0142817 0 0)
(0.0142817 0 0)
(0.0142817 0 0)
(0.0142817 0 0)
(0.0142817 0 0)
(0.0142817 0 0)
(0.0142817 0 0)
(0.0142817 0 0)
(0.0142817 0 0)
(0.0142817 0 0)
(0.0142817 0 0)
(0.0142817 0 0)
(0.0142817 0 0)
(0.0142817 0 0)
(0.0142817 0 0)
(0.0142817 0 0)
(0.0142817 0 0)
(0.0142817 0 0)
(0.0142817 0 0)
(0.0142817 0 0)
)
;

boundaryField
{
    inlet
    {
        type            fixedValue;
        value           uniform (0 0 0);
    }
    outlet
    {
        type            zeroGradient;
    }
    yzfaces
    {
        type            empty;
    }
}


// ************************************************************************* //
