/*--------------------------------*- C++ -*----------------------------------*\
  =========                 |
  \\      /  F ield         | OpenFOAM: The Open Source CFD Toolbox
   \\    /   O peration     | Website:  https://openfoam.org
    \\  /    A nd           | Version:  10
     \\/     M anipulation  |
\*---------------------------------------------------------------------------*/
FoamFile
{
    format      ascii;
    class       volVectorField;
    location    "1.42";
    object      Ua;
}
// * * * * * * * * * * * * * * * * * * * * * * * * * * * * * * * * * * * * * //

dimensions      [0 1 -1 0 0 0 0];

internalField   nonuniform List<vector> 
100
(
(0.00712502 0 0)
(0.0142354 0 0)
(0.0142058 0 0)
(0.0141758 0 0)
(0.0141456 0 0)
(0.0141153 0 0)
(0.014085 0 0)
(0.0140548 0 0)
(0.0140246 0 0)
(0.0139944 0 0)
(0.0139643 0 0)
(0.0139342 0 0)
(0.0139042 0 0)
(0.0138742 0 0)
(0.0138443 0 0)
(0.0138144 0 0)
(0.0137845 0 0)
(0.0137547 0 0)
(0.0137249 0 0)
(0.0136951 0 0)
(0.0136654 0 0)
(0.0136356 0 0)
(0.0136059 0 0)
(0.0135762 0 0)
(0.0135466 0 0)
(0.0135169 0 0)
(0.0134872 0 0)
(0.0134575 0 0)
(0.0134279 0 0)
(0.0133982 0 0)
(0.0133685 0 0)
(0.0133388 0 0)
(0.0133091 0 0)
(0.0132794 0 0)
(0.0132497 0 0)
(0.01322 0 0)
(0.0131902 0 0)
(0.0131604 0 0)
(0.0131306 0 0)
(0.0131008 0 0)
(0.0130709 0 0)
(0.013041 0 0)
(0.0130111 0 0)
(0.0129811 0 0)
(0.0129511 0 0)
(0.012921 0 0)
(0.0128909 0 0)
(0.0128608 0 0)
(0.0128306 0 0)
(0.0128003 0 0)
(0.01277 0 0)
(0.0127397 0 0)
(0.0127092 0 0)
(0.0126788 0 0)
(0.0126482 0 0)
(0.0126176 0 0)
(0.0125869 0 0)
(0.0125561 0 0)
(0.0125253 0 0)
(0.0124944 0 0)
(0.0124634 0 0)
(0.0124323 0 0)
(0.0124011 0 0)
(0.0123698 0 0)
(0.0123384 0 0)
(0.0123069 0 0)
(0.0122753 0 0)
(0.0122436 0 0)
(0.0122118 0 0)
(0.0121798 0 0)
(0.0121477 0 0)
(0.0121155 0 0)
(0.0120831 0 0)
(0.0120506 0 0)
(0.0120179 0 0)
(0.011985 0 0)
(0.011952 0 0)
(0.0119187 0 0)
(0.0118853 0 0)
(0.0118516 0 0)
(0.0118177 0 0)
(0.0117835 0 0)
(0.0117491 0 0)
(0.0117144 0 0)
(0.0116794 0 0)
(0.011644 0 0)
(0.0116083 0 0)
(0.0115722 0 0)
(0.0115356 0 0)
(0.0114985 0 0)
(0.0114609 0 0)
(0.0114226 0 0)
(0.0113837 0 0)
(0.011344 0 0)
(0.0113035 0 0)
(0.0112619 0 0)
(0.0112191 0 0)
(0.011175 0 0)
(0.0111293 0 0)
(0.0110816 0 0)
)
;

boundaryField
{
    inlet
    {
        type            fixedValue;
        value           uniform (0 0 0);
    }
    outlet
    {
        type            zeroGradient;
    }
    yzfaces
    {
        type            empty;
    }
}


// ************************************************************************* //
