/*--------------------------------*- C++ -*----------------------------------*\
  =========                 |
  \\      /  F ield         | OpenFOAM: The Open Source CFD Toolbox
   \\    /   O peration     | Website:  https://openfoam.org
    \\  /    A nd           | Version:  10
     \\/     M anipulation  |
\*---------------------------------------------------------------------------*/
FoamFile
{
    format      ascii;
    class       volVectorField;
    location    "1.42";
    object      Ub;
}
// * * * * * * * * * * * * * * * * * * * * * * * * * * * * * * * * * * * * * //

dimensions      [0 1 -1 0 0 0 0];

internalField   nonuniform List<vector> 
100
(
(1.37849e-05 0 0)
(4.22108e-05 0 0)
(7.17984e-05 0 0)
(0.000101819 0 0)
(0.000132018 0 0)
(0.000162283 0 0)
(0.000192556 0 0)
(0.000222808 0 0)
(0.000253024 0 0)
(0.000283195 0 0)
(0.000313318 0 0)
(0.000343392 0 0)
(0.000373419 0 0)
(0.0004034 0 0)
(0.000433338 0 0)
(0.000463235 0 0)
(0.000493096 0 0)
(0.000522923 0 0)
(0.00055272 0 0)
(0.00058249 0 0)
(0.000612236 0 0)
(0.000641962 0 0)
(0.000671671 0 0)
(0.000701365 0 0)
(0.000731048 0 0)
(0.000760723 0 0)
(0.000790393 0 0)
(0.000820061 0 0)
(0.000849728 0 0)
(0.000879399 0 0)
(0.000909076 0 0)
(0.00093876 0 0)
(0.000968456 0 0)
(0.000998164 0 0)
(0.00102789 0 0)
(0.00105763 0 0)
(0.0010874 0 0)
(0.00111718 0 0)
(0.00114699 0 0)
(0.00117683 0 0)
(0.0012067 0 0)
(0.00123661 0 0)
(0.00126654 0 0)
(0.00129652 0 0)
(0.00132653 0 0)
(0.00135659 0 0)
(0.00138669 0 0)
(0.00141684 0 0)
(0.00144703 0 0)
(0.00147728 0 0)
(0.00150759 0 0)
(0.00153795 0 0)
(0.00156837 0 0)
(0.00159885 0 0)
(0.0016294 0 0)
(0.00166002 0 0)
(0.00169071 0 0)
(0.00172147 0 0)
(0.00175231 0 0)
(0.00178323 0 0)
(0.00181424 0 0)
(0.00184533 0 0)
(0.00187652 0 0)
(0.00190781 0 0)
(0.00193919 0 0)
(0.00197068 0 0)
(0.00200228 0 0)
(0.00203399 0 0)
(0.00206583 0 0)
(0.00209779 0 0)
(0.00212988 0 0)
(0.00216212 0 0)
(0.0021945 0 0)
(0.00222703 0 0)
(0.00225973 0 0)
(0.00229259 0 0)
(0.00232564 0 0)
(0.00235889 0 0)
(0.00239234 0 0)
(0.002426 0 0)
(0.0024599 0 0)
(0.00249406 0 0)
(0.00252848 0 0)
(0.00256319 0 0)
(0.00259821 0 0)
(0.00263357 0 0)
(0.00266931 0 0)
(0.00270544 0 0)
(0.00274203 0 0)
(0.0027791 0 0)
(0.00281673 0 0)
(0.00285496 0 0)
(0.00289387 0 0)
(0.00293356 0 0)
(0.00297413 0 0)
(0.00301572 0 0)
(0.00305847 0 0)
(0.0031026 0 0)
(0.00314834 0 0)
(0.00319601 0 0)
)
;

boundaryField
{
    inlet
    {
        type            fixedValue;
        value           uniform (0 0 0);
    }
    outlet
    {
        type            zeroGradient;
    }
    yzfaces
    {
        type            empty;
    }
}


// ************************************************************************* //
