/*--------------------------------*- C++ -*----------------------------------*\
  =========                 |
  \\      /  F ield         | OpenFOAM: The Open Source CFD Toolbox
   \\    /   O peration     | Website:  https://openfoam.org
    \\  /    A nd           | Version:  10
     \\/     M anipulation  |
\*---------------------------------------------------------------------------*/
FoamFile
{
    format      ascii;
    class       volVectorField;
    location    "0.35";
    object      Ub;
}
// * * * * * * * * * * * * * * * * * * * * * * * * * * * * * * * * * * * * * //

dimensions      [0 1 -1 0 0 0 0];

internalField   nonuniform List<vector> 
100
(
(6.0146e-05 0 0)
(0.000181395 0 0)
(0.000303631 0 0)
(0.000425821 0 0)
(0.000547906 0 0)
(0.000670017 0 0)
(0.000792332 0 0)
(0.000915041 0 0)
(0.00103834 0 0)
(0.00116244 0 0)
(0.00128755 0 0)
(0.00141391 0 0)
(0.00154177 0 0)
(0.00167146 0 0)
(0.00180332 0 0)
(0.00193781 0 0)
(0.00207548 0 0)
(0.00221704 0 0)
(0.00236346 0 0)
(0.00251606 0 0)
(0.00267675 0 0)
(0.00284833 0 0)
(0.00303522 0 0)
(0.00324476 0 0)
(0.00349013 0 0)
(0.00379754 0 0)
(0.00422748 0 0)
(0.00495529 0 0)
(0.00670837 0 0)
(0.0109255 0 0)
(0.0140724 0 0)
(0.0142837 0 0)
(0.0142837 0 0)
(0.0142837 0 0)
(0.0142837 0 0)
(0.0142837 0 0)
(0.0142837 0 0)
(0.0142837 0 0)
(0.0142837 0 0)
(0.0142837 0 0)
(0.0142837 0 0)
(0.0142837 0 0)
(0.0142837 0 0)
(0.0142837 0 0)
(0.0142837 0 0)
(0.0142837 0 0)
(0.0142837 0 0)
(0.0142837 0 0)
(0.0142837 0 0)
(0.0142837 0 0)
(0.0142837 0 0)
(0.0142837 0 0)
(0.0142837 0 0)
(0.0142837 0 0)
(0.0142837 0 0)
(0.0142837 0 0)
(0.0142837 0 0)
(0.0142837 0 0)
(0.0142837 0 0)
(0.0142837 0 0)
(0.0142837 0 0)
(0.0142837 0 0)
(0.0142837 0 0)
(0.0142837 0 0)
(0.0142837 0 0)
(0.0142837 0 0)
(0.0142837 0 0)
(0.0142837 0 0)
(0.0142837 0 0)
(0.0142837 0 0)
(0.0142837 0 0)
(0.0142837 0 0)
(0.0142837 0 0)
(0.0142837 0 0)
(0.0142837 0 0)
(0.0142837 0 0)
(0.0142837 0 0)
(0.0142837 0 0)
(0.0142837 0 0)
(0.0142837 0 0)
(0.0142837 0 0)
(0.0142837 0 0)
(0.0142837 0 0)
(0.0142837 0 0)
(0.0142837 0 0)
(0.0142837 0 0)
(0.0142837 0 0)
(0.0142837 0 0)
(0.0142837 0 0)
(0.0142837 0 0)
(0.0142837 0 0)
(0.0142837 0 0)
(0.0142837 0 0)
(0.0142837 0 0)
(0.0142837 0 0)
(0.0142837 0 0)
(0.0142837 0 0)
(0.0142837 0 0)
(0.0142837 0 0)
(0.0142837 0 0)
)
;

boundaryField
{
    inlet
    {
        type            fixedValue;
        value           uniform (0 0 0);
    }
    outlet
    {
        type            zeroGradient;
    }
    yzfaces
    {
        type            empty;
    }
}


// ************************************************************************* //
