/*--------------------------------*- C++ -*----------------------------------*\
  =========                 |
  \\      /  F ield         | OpenFOAM: The Open Source CFD Toolbox
   \\    /   O peration     | Website:  https://openfoam.org
    \\  /    A nd           | Version:  10
     \\/     M anipulation  |
\*---------------------------------------------------------------------------*/
FoamFile
{
    format      ascii;
    class       volVectorField;
    location    "0.675";
    object      Ua;
}
// * * * * * * * * * * * * * * * * * * * * * * * * * * * * * * * * * * * * * //

dimensions      [0 1 -1 0 0 0 0];

internalField   nonuniform List<vector> 
100
(
(0.00711049 0 0)
(0.0141895 0 0)
(0.0141263 0 0)
(0.0140628 0 0)
(0.0139994 0 0)
(0.0139361 0 0)
(0.0138729 0 0)
(0.0138098 0 0)
(0.0137468 0 0)
(0.013684 0 0)
(0.0136211 0 0)
(0.0135583 0 0)
(0.0134955 0 0)
(0.0134326 0 0)
(0.0133697 0 0)
(0.0133067 0 0)
(0.0132435 0 0)
(0.0131803 0 0)
(0.0131169 0 0)
(0.0130532 0 0)
(0.0129894 0 0)
(0.0129254 0 0)
(0.012861 0 0)
(0.0127964 0 0)
(0.0127314 0 0)
(0.0126661 0 0)
(0.0126004 0 0)
(0.0125342 0 0)
(0.0124676 0 0)
(0.0124004 0 0)
(0.0123326 0 0)
(0.0122642 0 0)
(0.0121951 0 0)
(0.0121252 0 0)
(0.0120543 0 0)
(0.0119825 0 0)
(0.0119095 0 0)
(0.0118352 0 0)
(0.0117594 0 0)
(0.0116819 0 0)
(0.0116023 0 0)
(0.0115202 0 0)
(0.011435 0 0)
(0.0113462 0 0)
(0.0112527 0 0)
(0.0111532 0 0)
(0.0110456 0 0)
(0.0109272 0 0)
(0.010793 0 0)
(0.0106353 0 0)
(0.0104398 0 0)
(0.0101775 0 0)
(0.00978027 0 0)
(0.00904315 0 0)
(0.00707913 0 0)
(0.0028951 0 0)
(9.12347e-05 0 0)
(2.2278e-11 0 0)
(0 0 0)
(0 0 0)
(0 0 0)
(0 0 0)
(0 0 0)
(0 0 0)
(0 0 0)
(0 0 0)
(0 0 0)
(0 0 0)
(0 0 0)
(0 0 0)
(0 0 0)
(0 0 0)
(0 0 0)
(0 0 0)
(0 0 0)
(0 0 0)
(0 0 0)
(0 0 0)
(0 0 0)
(0 0 0)
(0 0 0)
(0 0 0)
(0 0 0)
(0 0 0)
(0 0 0)
(0 0 0)
(0 0 0)
(0 0 0)
(0 0 0)
(0 0 0)
(0 0 0)
(0 0 0)
(0 0 0)
(0 0 0)
(0 0 0)
(0 0 0)
(0 0 0)
(0 0 0)
(0 0 0)
(0 0 0)
)
;

boundaryField
{
    inlet
    {
        type            fixedValue;
        value           uniform (0 0 0);
    }
    outlet
    {
        type            zeroGradient;
    }
    yzfaces
    {
        type            empty;
    }
}


// ************************************************************************* //
