/*--------------------------------*- C++ -*----------------------------------*\
  =========                 |
  \\      /  F ield         | OpenFOAM: The Open Source CFD Toolbox
   \\    /   O peration     | Website:  https://openfoam.org
    \\  /    A nd           | Version:  10
     \\/     M anipulation  |
\*---------------------------------------------------------------------------*/
FoamFile
{
    format      ascii;
    class       volVectorField;
    location    "0.675";
    object      Ub;
}
// * * * * * * * * * * * * * * * * * * * * * * * * * * * * * * * * * * * * * //

dimensions      [0 1 -1 0 0 0 0];

internalField   nonuniform List<vector> 
100
(
(3.04422e-05 0 0)
(9.2381e-05 0 0)
(0.000155601 0 0)
(0.000219063 0 0)
(0.000282492 0 0)
(0.000345806 0 0)
(0.00040899 0 0)
(0.000472052 0 0)
(0.000535015 0 0)
(0.000597905 0 0)
(0.000660747 0 0)
(0.000723571 0 0)
(0.000786402 0 0)
(0.000849267 0 0)
(0.000912193 0 0)
(0.000975205 0 0)
(0.00103833 0 0)
(0.00110159 0 0)
(0.00116501 0 0)
(0.00122862 0 0)
(0.00129244 0 0)
(0.0013565 0 0)
(0.00142083 0 0)
(0.00148546 0 0)
(0.00155042 0 0)
(0.00161575 0 0)
(0.00168147 0 0)
(0.00174763 0 0)
(0.00181428 0 0)
(0.00188145 0 0)
(0.00194922 0 0)
(0.00201763 0 0)
(0.00208676 0 0)
(0.00215669 0 0)
(0.00222752 0 0)
(0.00229935 0 0)
(0.00237233 0 0)
(0.00244662 0 0)
(0.00252242 0 0)
(0.00259997 0 0)
(0.0026796 0 0)
(0.00276171 0 0)
(0.00284682 0 0)
(0.00293564 0 0)
(0.00302915 0 0)
(0.00312868 0 0)
(0.00323621 0 0)
(0.00335471 0 0)
(0.00348886 0 0)
(0.00364654 0 0)
(0.00384207 0 0)
(0.00410436 0 0)
(0.00450159 0 0)
(0.00523871 0 0)
(0.00720273 0 0)
(0.0113868 0 0)
(0.0141906 0 0)
(0.0142819 0 0)
(0.0142819 0 0)
(0.0142819 0 0)
(0.0142819 0 0)
(0.0142819 0 0)
(0.0142819 0 0)
(0.0142819 0 0)
(0.0142819 0 0)
(0.0142819 0 0)
(0.0142819 0 0)
(0.0142819 0 0)
(0.0142819 0 0)
(0.0142819 0 0)
(0.0142819 0 0)
(0.0142819 0 0)
(0.0142819 0 0)
(0.0142819 0 0)
(0.0142819 0 0)
(0.0142819 0 0)
(0.0142819 0 0)
(0.0142819 0 0)
(0.0142819 0 0)
(0.0142819 0 0)
(0.0142819 0 0)
(0.0142819 0 0)
(0.0142819 0 0)
(0.0142819 0 0)
(0.0142819 0 0)
(0.0142819 0 0)
(0.0142819 0 0)
(0.0142819 0 0)
(0.0142819 0 0)
(0.0142819 0 0)
(0.0142819 0 0)
(0.0142819 0 0)
(0.0142819 0 0)
(0.0142819 0 0)
(0.0142819 0 0)
(0.0142819 0 0)
(0.0142819 0 0)
(0.0142819 0 0)
(0.0142819 0 0)
(0.0142819 0 0)
)
;

boundaryField
{
    inlet
    {
        type            fixedValue;
        value           uniform (0 0 0);
    }
    outlet
    {
        type            zeroGradient;
    }
    yzfaces
    {
        type            empty;
    }
}


// ************************************************************************* //
