/*--------------------------------*- C++ -*----------------------------------*\
  =========                 |
  \\      /  F ield         | OpenFOAM: The Open Source CFD Toolbox
   \\    /   O peration     | Website:  https://openfoam.org
    \\  /    A nd           | Version:  10
     \\/     M anipulation  |
\*---------------------------------------------------------------------------*/
FoamFile
{
    format      ascii;
    class       volVectorField;
    location    "0.975";
    object      Ua;
}
// * * * * * * * * * * * * * * * * * * * * * * * * * * * * * * * * * * * * * //

dimensions      [0 1 -1 0 0 0 0];

internalField   nonuniform List<vector> 
100
(
(0.00711943 0 0)
(0.0142172 0 0)
(0.0141737 0 0)
(0.0141298 0 0)
(0.0140858 0 0)
(0.0140418 0 0)
(0.0139979 0 0)
(0.013954 0 0)
(0.0139102 0 0)
(0.0138666 0 0)
(0.0138229 0 0)
(0.0137794 0 0)
(0.0137359 0 0)
(0.0136925 0 0)
(0.0136491 0 0)
(0.0136057 0 0)
(0.0135624 0 0)
(0.013519 0 0)
(0.0134757 0 0)
(0.0134323 0 0)
(0.013389 0 0)
(0.0133456 0 0)
(0.0133022 0 0)
(0.0132587 0 0)
(0.0132152 0 0)
(0.0131717 0 0)
(0.013128 0 0)
(0.0130843 0 0)
(0.0130406 0 0)
(0.0129967 0 0)
(0.0129527 0 0)
(0.0129087 0 0)
(0.0128645 0 0)
(0.0128202 0 0)
(0.0127758 0 0)
(0.0127312 0 0)
(0.0126865 0 0)
(0.0126416 0 0)
(0.0125966 0 0)
(0.0125513 0 0)
(0.0125059 0 0)
(0.0124603 0 0)
(0.0124145 0 0)
(0.0123684 0 0)
(0.0123221 0 0)
(0.0122755 0 0)
(0.0122286 0 0)
(0.0121814 0 0)
(0.0121339 0 0)
(0.012086 0 0)
(0.0120378 0 0)
(0.0119891 0 0)
(0.0119399 0 0)
(0.0118903 0 0)
(0.0118401 0 0)
(0.0117893 0 0)
(0.0117379 0 0)
(0.0116856 0 0)
(0.0116326 0 0)
(0.0115785 0 0)
(0.0115234 0 0)
(0.011467 0 0)
(0.0114092 0 0)
(0.0113496 0 0)
(0.0112879 0 0)
(0.0112238 0 0)
(0.0111566 0 0)
(0.0110856 0 0)
(0.0110098 0 0)
(0.0109277 0 0)
(0.0108371 0 0)
(0.0107348 0 0)
(0.0106155 0 0)
(0.0104702 0 0)
(0.0102825 0 0)
(0.0100177 0 0)
(0.00959099 0 0)
(0.00872775 0 0)
(0.00618281 0 0)
(0.0021297 0 0)
(1.37506e-05 0 0)
(2.38802e-14 0 0)
(0 0 0)
(0 0 0)
(0 0 0)
(0 0 0)
(0 0 0)
(0 0 0)
(0 0 0)
(0 0 0)
(0 0 0)
(0 0 0)
(0 0 0)
(0 0 0)
(0 0 0)
(0 0 0)
(0 0 0)
(0 0 0)
(0 0 0)
(0 0 0)
)
;

boundaryField
{
    inlet
    {
        type            fixedValue;
        value           uniform (0 0 0);
    }
    outlet
    {
        type            zeroGradient;
    }
    yzfaces
    {
        type            empty;
    }
}


// ************************************************************************* //
