/*--------------------------------*- C++ -*----------------------------------*\
  =========                 |
  \\      /  F ield         | OpenFOAM: The Open Source CFD Toolbox
   \\    /   O peration     | Website:  https://openfoam.org
    \\  /    A nd           | Version:  10
     \\/     M anipulation  |
\*---------------------------------------------------------------------------*/
FoamFile
{
    format      ascii;
    class       volVectorField;
    location    "0.975";
    object      Ub;
}
// * * * * * * * * * * * * * * * * * * * * * * * * * * * * * * * * * * * * * //

dimensions      [0 1 -1 0 0 0 0];

internalField   nonuniform List<vector> 
100
(
(2.06418e-05 0 0)
(6.29085e-05 0 0)
(0.000106448 0 0)
(0.000150363 0 0)
(0.000194371 0 0)
(0.000238364 0 0)
(0.000282293 0 0)
(0.000326143 0 0)
(0.000369908 0 0)
(0.000413591 0 0)
(0.0004572 0 0)
(0.000500742 0 0)
(0.000544226 0 0)
(0.000587662 0 0)
(0.000631061 0 0)
(0.00067443 0 0)
(0.00071778 0 0)
(0.00076112 0 0)
(0.000804458 0 0)
(0.000847804 0 0)
(0.000891165 0 0)
(0.00093455 0 0)
(0.000977968 0 0)
(0.00102143 0 0)
(0.00106493 0 0)
(0.00110849 0 0)
(0.00115212 0 0)
(0.00119582 0 0)
(0.00123959 0 0)
(0.00128346 0 0)
(0.00132742 0 0)
(0.00137148 0 0)
(0.00141566 0 0)
(0.00145996 0 0)
(0.00150438 0 0)
(0.00154895 0 0)
(0.00159366 0 0)
(0.00163854 0 0)
(0.00168358 0 0)
(0.0017288 0 0)
(0.00177422 0 0)
(0.00181984 0 0)
(0.00186568 0 0)
(0.00191175 0 0)
(0.00195807 0 0)
(0.00200467 0 0)
(0.00205154 0 0)
(0.00209873 0 0)
(0.00214625 0 0)
(0.00219412 0 0)
(0.00224238 0 0)
(0.00229106 0 0)
(0.0023402 0 0)
(0.00238984 0 0)
(0.00244003 0 0)
(0.00249082 0 0)
(0.00254229 0 0)
(0.00259452 0 0)
(0.00264759 0 0)
(0.00270162 0 0)
(0.00275675 0 0)
(0.00281313 0 0)
(0.00287099 0 0)
(0.00293058 0 0)
(0.00299222 0 0)
(0.00305635 0 0)
(0.00312353 0 0)
(0.0031945 0 0)
(0.00327032 0 0)
(0.00335244 0 0)
(0.00344303 0 0)
(0.00354535 0 0)
(0.00366466 0 0)
(0.0038099 0 0)
(0.00399765 0 0)
(0.0042624 0 0)
(0.00468915 0 0)
(0.0055524 0 0)
(0.00809734 0 0)
(0.0121505 0 0)
(0.0142664 0 0)
(0.0142801 0 0)
(0.0142801 0 0)
(0.0142801 0 0)
(0.0142801 0 0)
(0.0142801 0 0)
(0.0142801 0 0)
(0.0142801 0 0)
(0.0142801 0 0)
(0.0142801 0 0)
(0.0142801 0 0)
(0.0142801 0 0)
(0.0142801 0 0)
(0.0142801 0 0)
(0.0142801 0 0)
(0.0142801 0 0)
(0.0142801 0 0)
(0.0142801 0 0)
(0.0142801 0 0)
(0.0142801 0 0)
)
;

boundaryField
{
    inlet
    {
        type            fixedValue;
        value           uniform (0 0 0);
    }
    outlet
    {
        type            zeroGradient;
    }
    yzfaces
    {
        type            empty;
    }
}


// ************************************************************************* //
