/*--------------------------------*- C++ -*----------------------------------*\
  =========                 |
  \\      /  F ield         | OpenFOAM: The Open Source CFD Toolbox
   \\    /   O peration     | Website:  https://openfoam.org
    \\  /    A nd           | Version:  10
     \\/     M anipulation  |
\*---------------------------------------------------------------------------*/
FoamFile
{
    format      ascii;
    class       volVectorField;
    location    "0.2";
    object      Ub;
}
// * * * * * * * * * * * * * * * * * * * * * * * * * * * * * * * * * * * * * //

dimensions      [0 1 -1 0 0 0 0];

internalField   nonuniform List<vector> 
100
(
(0.000106496 0 0)
(0.000320321 0 0)
(0.000535316 0 0)
(0.00075138 0 0)
(0.000969436 0 0)
(0.00119063 0 0)
(0.00141631 0 0)
(0.00164812 0 0)
(0.00188826 0 0)
(0.00213982 0 0)
(0.0024075 0 0)
(0.00269896 0 0)
(0.00302789 0 0)
(0.00342156 0 0)
(0.00394341 0 0)
(0.00478031 0 0)
(0.00672518 0 0)
(0.0110572 0 0)
(0.0141308 0 0)
(0.0142846 0 0)
(0.0142846 0 0)
(0.0142846 0 0)
(0.0142846 0 0)
(0.0142846 0 0)
(0.0142846 0 0)
(0.0142846 0 0)
(0.0142846 0 0)
(0.0142846 0 0)
(0.0142846 0 0)
(0.0142846 0 0)
(0.0142846 0 0)
(0.0142846 0 0)
(0.0142846 0 0)
(0.0142846 0 0)
(0.0142846 0 0)
(0.0142846 0 0)
(0.0142846 0 0)
(0.0142846 0 0)
(0.0142846 0 0)
(0.0142846 0 0)
(0.0142846 0 0)
(0.0142846 0 0)
(0.0142846 0 0)
(0.0142846 0 0)
(0.0142846 0 0)
(0.0142846 0 0)
(0.0142846 0 0)
(0.0142846 0 0)
(0.0142846 0 0)
(0.0142846 0 0)
(0.0142846 0 0)
(0.0142846 0 0)
(0.0142846 0 0)
(0.0142846 0 0)
(0.0142846 0 0)
(0.0142846 0 0)
(0.0142846 0 0)
(0.0142846 0 0)
(0.0142846 0 0)
(0.0142846 0 0)
(0.0142846 0 0)
(0.0142846 0 0)
(0.0142846 0 0)
(0.0142846 0 0)
(0.0142846 0 0)
(0.0142846 0 0)
(0.0142846 0 0)
(0.0142846 0 0)
(0.0142846 0 0)
(0.0142846 0 0)
(0.0142846 0 0)
(0.0142846 0 0)
(0.0142846 0 0)
(0.0142846 0 0)
(0.0142846 0 0)
(0.0142846 0 0)
(0.0142846 0 0)
(0.0142846 0 0)
(0.0142846 0 0)
(0.0142846 0 0)
(0.0142846 0 0)
(0.0142846 0 0)
(0.0142846 0 0)
(0.0142846 0 0)
(0.0142846 0 0)
(0.0142846 0 0)
(0.0142846 0 0)
(0.0142846 0 0)
(0.0142846 0 0)
(0.0142846 0 0)
(0.0142846 0 0)
(0.0142846 0 0)
(0.0142846 0 0)
(0.0142846 0 0)
(0.0142846 0 0)
(0.0142846 0 0)
(0.0142846 0 0)
(0.0142846 0 0)
(0.0142846 0 0)
(0.0142846 0 0)
)
;

boundaryField
{
    inlet
    {
        type            fixedValue;
        value           uniform (0 0 0);
    }
    outlet
    {
        type            zeroGradient;
    }
    yzfaces
    {
        type            empty;
    }
}


// ************************************************************************* //
