/*--------------------------------*- C++ -*----------------------------------*\
  =========                 |
  \\      /  F ield         | OpenFOAM: The Open Source CFD Toolbox
   \\    /   O peration     | Website:  https://openfoam.org
    \\  /    A nd           | Version:  10
     \\/     M anipulation  |
\*---------------------------------------------------------------------------*/
FoamFile
{
    format      ascii;
    class       volVectorField;
    location    "1.105";
    object      Ua;
}
// * * * * * * * * * * * * * * * * * * * * * * * * * * * * * * * * * * * * * //

dimensions      [0 1 -1 0 0 0 0];

internalField   nonuniform List<vector> 
100
(
(0.00712164 0 0)
(0.0142243 0 0)
(0.014186 0 0)
(0.0141473 0 0)
(0.0141084 0 0)
(0.0140696 0 0)
(0.0140307 0 0)
(0.013992 0 0)
(0.0139533 0 0)
(0.0139147 0 0)
(0.0138761 0 0)
(0.0138376 0 0)
(0.0137992 0 0)
(0.0137608 0 0)
(0.0137225 0 0)
(0.0136842 0 0)
(0.013646 0 0)
(0.0136077 0 0)
(0.0135695 0 0)
(0.0135313 0 0)
(0.0134931 0 0)
(0.0134549 0 0)
(0.0134167 0 0)
(0.0133785 0 0)
(0.0133403 0 0)
(0.013302 0 0)
(0.0132637 0 0)
(0.0132254 0 0)
(0.013187 0 0)
(0.0131486 0 0)
(0.0131102 0 0)
(0.0130717 0 0)
(0.0130331 0 0)
(0.0129945 0 0)
(0.0129558 0 0)
(0.012917 0 0)
(0.0128781 0 0)
(0.0128392 0 0)
(0.0128001 0 0)
(0.012761 0 0)
(0.0127218 0 0)
(0.0126824 0 0)
(0.0126429 0 0)
(0.0126033 0 0)
(0.0125636 0 0)
(0.0125237 0 0)
(0.0124837 0 0)
(0.0124435 0 0)
(0.0124032 0 0)
(0.0123627 0 0)
(0.012322 0 0)
(0.0122811 0 0)
(0.01224 0 0)
(0.0121986 0 0)
(0.0121571 0 0)
(0.0121152 0 0)
(0.0120731 0 0)
(0.0120307 0 0)
(0.0119881 0 0)
(0.011945 0 0)
(0.0119016 0 0)
(0.0118578 0 0)
(0.0118136 0 0)
(0.0117689 0 0)
(0.0117237 0 0)
(0.0116779 0 0)
(0.0116315 0 0)
(0.0115844 0 0)
(0.0115365 0 0)
(0.0114876 0 0)
(0.0114378 0 0)
(0.0113867 0 0)
(0.0113343 0 0)
(0.0112802 0 0)
(0.0112243 0 0)
(0.0111659 0 0)
(0.0111048 0 0)
(0.0110401 0 0)
(0.0109709 0 0)
(0.0108959 0 0)
(0.0108132 0 0)
(0.0107199 0 0)
(0.0106113 0 0)
(0.01048 0 0)
(0.0103121 0 0)
(0.0100801 0 0)
(0.00971982 0 0)
(0.00904222 0 0)
(0.00724764 0 0)
(0.00309558 0 0)
(0.000142055 0 0)
(1.17254e-10 0 0)
(0 0 0)
(0 0 0)
(0 0 0)
(0 0 0)
(0 0 0)
(0 0 0)
(0 0 0)
(0 0 0)
)
;

boundaryField
{
    inlet
    {
        type            fixedValue;
        value           uniform (0 0 0);
    }
    outlet
    {
        type            zeroGradient;
    }
    yzfaces
    {
        type            empty;
    }
}


// ************************************************************************* //
