/*--------------------------------*- C++ -*----------------------------------*\
  =========                 |
  \\      /  F ield         | OpenFOAM: The Open Source CFD Toolbox
   \\    /   O peration     | Website:  https://openfoam.org
    \\  /    A nd           | Version:  10
     \\/     M anipulation  |
\*---------------------------------------------------------------------------*/
FoamFile
{
    format      ascii;
    class       volVectorField;
    location    "1.105";
    object      Ub;
}
// * * * * * * * * * * * * * * * * * * * * * * * * * * * * * * * * * * * * * //

dimensions      [0 1 -1 0 0 0 0];

internalField   nonuniform List<vector> 
100
(
(1.80596e-05 0 0)
(5.5124e-05 0 0)
(9.34332e-05 0 0)
(0.000132145 0 0)
(0.000170985 0 0)
(0.000209839 0 0)
(0.000248656 0 0)
(0.000287414 0 0)
(0.000326102 0 0)
(0.000364719 0 0)
(0.000403268 0 0)
(0.000441753 0 0)
(0.00048018 0 0)
(0.000518555 0 0)
(0.000556885 0 0)
(0.000595177 0 0)
(0.000633437 0 0)
(0.000671673 0 0)
(0.00070989 0 0)
(0.000748094 0 0)
(0.000786293 0 0)
(0.000824493 0 0)
(0.000862698 0 0)
(0.000900914 0 0)
(0.000939148 0 0)
(0.000977405 0 0)
(0.00101569 0 0)
(0.00105401 0 0)
(0.00109237 0 0)
(0.00113077 0 0)
(0.00116922 0 0)
(0.00120773 0 0)
(0.00124629 0 0)
(0.00128492 0 0)
(0.00132363 0 0)
(0.00136241 0 0)
(0.00140127 0 0)
(0.00144021 0 0)
(0.00147925 0 0)
(0.00151839 0 0)
(0.00155764 0 0)
(0.00159699 0 0)
(0.00163647 0 0)
(0.00167607 0 0)
(0.0017158 0 0)
(0.00175567 0 0)
(0.00179569 0 0)
(0.00183587 0 0)
(0.00187621 0 0)
(0.00191673 0 0)
(0.00195743 0 0)
(0.00199834 0 0)
(0.00203945 0 0)
(0.00208078 0 0)
(0.00212235 0 0)
(0.00216417 0 0)
(0.00220627 0 0)
(0.00224865 0 0)
(0.00229135 0 0)
(0.00233438 0 0)
(0.00237778 0 0)
(0.00242157 0 0)
(0.0024658 0 0)
(0.00251049 0 0)
(0.0025557 0 0)
(0.00260148 0 0)
(0.0026479 0 0)
(0.00269502 0 0)
(0.00274294 0 0)
(0.00279177 0 0)
(0.00284163 0 0)
(0.00289268 0 0)
(0.00294511 0 0)
(0.00299916 0 0)
(0.00305515 0 0)
(0.00311346 0 0)
(0.00317462 0 0)
(0.00323931 0 0)
(0.00330849 0 0)
(0.00338347 0 0)
(0.00346619 0 0)
(0.00355954 0 0)
(0.00366807 0 0)
(0.00379941 0 0)
(0.0039673 0 0)
(0.00419931 0 0)
(0.00455959 0 0)
(0.00523718 0 0)
(0.00703177 0 0)
(0.0111838 0 0)
(0.0141373 0 0)
(0.0142794 0 0)
(0.0142794 0 0)
(0.0142794 0 0)
(0.0142794 0 0)
(0.0142794 0 0)
(0.0142794 0 0)
(0.0142794 0 0)
(0.0142794 0 0)
(0.0142794 0 0)
)
;

boundaryField
{
    inlet
    {
        type            fixedValue;
        value           uniform (0 0 0);
    }
    outlet
    {
        type            zeroGradient;
    }
    yzfaces
    {
        type            empty;
    }
}


// ************************************************************************* //
