/*--------------------------------*- C++ -*----------------------------------*\
  =========                 |
  \\      /  F ield         | OpenFOAM: The Open Source CFD Toolbox
   \\    /   O peration     | Website:  https://openfoam.org
    \\  /    A nd           | Version:  10
     \\/     M anipulation  |
\*---------------------------------------------------------------------------*/
FoamFile
{
    format      ascii;
    class       volVectorField;
    location    "0.075";
    object      Ub;
}
// * * * * * * * * * * * * * * * * * * * * * * * * * * * * * * * * * * * * * //

dimensions      [0 1 -1 0 0 0 0];

internalField   nonuniform List<vector> 
100
(
(0.000290004 0 0)
(0.000882089 0 0)
(0.00151112 0 0)
(0.00221428 0 0)
(0.00307538 0 0)
(0.00435495 0 0)
(0.00724714 0 0)
(0.0117929 0 0)
(0.0142632 0 0)
(0.0142853 0 0)
(0.0142853 0 0)
(0.0142853 0 0)
(0.0142853 0 0)
(0.0142853 0 0)
(0.0142853 0 0)
(0.0142853 0 0)
(0.0142853 0 0)
(0.0142853 0 0)
(0.0142853 0 0)
(0.0142853 0 0)
(0.0142853 0 0)
(0.0142853 0 0)
(0.0142853 0 0)
(0.0142853 0 0)
(0.0142853 0 0)
(0.0142853 0 0)
(0.0142853 0 0)
(0.0142853 0 0)
(0.0142853 0 0)
(0.0142853 0 0)
(0.0142853 0 0)
(0.0142853 0 0)
(0.0142853 0 0)
(0.0142853 0 0)
(0.0142853 0 0)
(0.0142853 0 0)
(0.0142853 0 0)
(0.0142853 0 0)
(0.0142853 0 0)
(0.0142853 0 0)
(0.0142853 0 0)
(0.0142853 0 0)
(0.0142853 0 0)
(0.0142853 0 0)
(0.0142853 0 0)
(0.0142853 0 0)
(0.0142853 0 0)
(0.0142853 0 0)
(0.0142853 0 0)
(0.0142853 0 0)
(0.0142853 0 0)
(0.0142853 0 0)
(0.0142853 0 0)
(0.0142853 0 0)
(0.0142853 0 0)
(0.0142853 0 0)
(0.0142853 0 0)
(0.0142853 0 0)
(0.0142853 0 0)
(0.0142853 0 0)
(0.0142853 0 0)
(0.0142853 0 0)
(0.0142853 0 0)
(0.0142853 0 0)
(0.0142853 0 0)
(0.0142853 0 0)
(0.0142853 0 0)
(0.0142853 0 0)
(0.0142853 0 0)
(0.0142853 0 0)
(0.0142853 0 0)
(0.0142853 0 0)
(0.0142853 0 0)
(0.0142853 0 0)
(0.0142853 0 0)
(0.0142853 0 0)
(0.0142853 0 0)
(0.0142853 0 0)
(0.0142853 0 0)
(0.0142853 0 0)
(0.0142853 0 0)
(0.0142853 0 0)
(0.0142853 0 0)
(0.0142853 0 0)
(0.0142853 0 0)
(0.0142853 0 0)
(0.0142853 0 0)
(0.0142853 0 0)
(0.0142853 0 0)
(0.0142853 0 0)
(0.0142853 0 0)
(0.0142853 0 0)
(0.0142853 0 0)
(0.0142853 0 0)
(0.0142853 0 0)
(0.0142853 0 0)
(0.0142853 0 0)
(0.0142853 0 0)
(0.0142853 0 0)
(0.0142853 0 0)
)
;

boundaryField
{
    inlet
    {
        type            fixedValue;
        value           uniform (0 0 0);
    }
    outlet
    {
        type            zeroGradient;
    }
    yzfaces
    {
        type            empty;
    }
}


// ************************************************************************* //
