/*--------------------------------*- C++ -*----------------------------------*\
  =========                 |
  \\      /  F ield         | OpenFOAM: The Open Source CFD Toolbox
   \\    /   O peration     | Website:  https://openfoam.org
    \\  /    A nd           | Version:  10
     \\/     M anipulation  |
\*---------------------------------------------------------------------------*/
FoamFile
{
    format      ascii;
    class       volVectorField;
    location    "0.98";
    object      Ua;
}
// * * * * * * * * * * * * * * * * * * * * * * * * * * * * * * * * * * * * * //

dimensions      [0 1 -1 0 0 0 0];

internalField   nonuniform List<vector> 
100
(
(0.00711953 0 0)
(0.0142175 0 0)
(0.0141742 0 0)
(0.0141305 0 0)
(0.0140868 0 0)
(0.014043 0 0)
(0.0139993 0 0)
(0.0139557 0 0)
(0.0139121 0 0)
(0.0138686 0 0)
(0.0138253 0 0)
(0.0137819 0 0)
(0.0137387 0 0)
(0.0136955 0 0)
(0.0136523 0 0)
(0.0136091 0 0)
(0.013566 0 0)
(0.0135229 0 0)
(0.0134798 0 0)
(0.0134366 0 0)
(0.0133935 0 0)
(0.0133503 0 0)
(0.0133072 0 0)
(0.0132639 0 0)
(0.0132207 0 0)
(0.0131773 0 0)
(0.0131339 0 0)
(0.0130905 0 0)
(0.0130469 0 0)
(0.0130033 0 0)
(0.0129596 0 0)
(0.0129158 0 0)
(0.0128719 0 0)
(0.0128278 0 0)
(0.0127836 0 0)
(0.0127393 0 0)
(0.0126949 0 0)
(0.0126503 0 0)
(0.0126055 0 0)
(0.0125605 0 0)
(0.0125154 0 0)
(0.0124701 0 0)
(0.0124245 0 0)
(0.0123787 0 0)
(0.0123327 0 0)
(0.0122864 0 0)
(0.0122399 0 0)
(0.012193 0 0)
(0.0121458 0 0)
(0.0120983 0 0)
(0.0120504 0 0)
(0.0120021 0 0)
(0.0119534 0 0)
(0.0119041 0 0)
(0.0118544 0 0)
(0.011804 0 0)
(0.0117531 0 0)
(0.0117014 0 0)
(0.0116488 0 0)
(0.0115954 0 0)
(0.011541 0 0)
(0.0114853 0 0)
(0.0114283 0 0)
(0.0113696 0 0)
(0.011309 0 0)
(0.0112462 0 0)
(0.0111805 0 0)
(0.0111114 0 0)
(0.0110378 0 0)
(0.0109586 0 0)
(0.0108719 0 0)
(0.010775 0 0)
(0.0106634 0 0)
(0.0105301 0 0)
(0.0103622 0 0)
(0.0101342 0 0)
(0.00978833 0 0)
(0.00915887 0 0)
(0.00757324 0 0)
(0.00347845 0 0)
(0.00027626 0 0)
(1.45136e-09 0 0)
(0 0 0)
(0 0 0)
(0 0 0)
(0 0 0)
(0 0 0)
(0 0 0)
(0 0 0)
(0 0 0)
(0 0 0)
(0 0 0)
(0 0 0)
(0 0 0)
(0 0 0)
(0 0 0)
(0 0 0)
(0 0 0)
(0 0 0)
(0 0 0)
)
;

boundaryField
{
    inlet
    {
        type            fixedValue;
        value           uniform (0 0 0);
    }
    outlet
    {
        type            zeroGradient;
    }
    yzfaces
    {
        type            empty;
    }
}


// ************************************************************************* //
