/*--------------------------------*- C++ -*----------------------------------*\
  =========                 |
  \\      /  F ield         | OpenFOAM: The Open Source CFD Toolbox
   \\    /   O peration     | Website:  https://openfoam.org
    \\  /    A nd           | Version:  10
     \\/     M anipulation  |
\*---------------------------------------------------------------------------*/
FoamFile
{
    format      ascii;
    class       volVectorField;
    location    "0.98";
    object      Ub;
}
// * * * * * * * * * * * * * * * * * * * * * * * * * * * * * * * * * * * * * //

dimensions      [0 1 -1 0 0 0 0];

internalField   nonuniform List<vector> 
100
(
(2.05297e-05 0 0)
(6.25707e-05 0 0)
(0.000105883 0 0)
(0.000149573 0 0)
(0.000193358 0 0)
(0.000237127 0 0)
(0.000280836 0 0)
(0.000324464 0 0)
(0.000368009 0 0)
(0.000411473 0 0)
(0.000454862 0 0)
(0.000498185 0 0)
(0.000541449 0 0)
(0.000584666 0 0)
(0.000627844 0 0)
(0.000670992 0 0)
(0.00071412 0 0)
(0.000757238 0 0)
(0.000800353 0 0)
(0.000843474 0 0)
(0.00088661 0 0)
(0.000929769 0 0)
(0.000972958 0 0)
(0.00101619 0 0)
(0.00105946 0 0)
(0.00110279 0 0)
(0.00114618 0 0)
(0.00118964 0 0)
(0.00123318 0 0)
(0.0012768 0 0)
(0.00132052 0 0)
(0.00136434 0 0)
(0.00140827 0 0)
(0.00145231 0 0)
(0.00149648 0 0)
(0.00154079 0 0)
(0.00158524 0 0)
(0.00162985 0 0)
(0.00167462 0 0)
(0.00171957 0 0)
(0.00176471 0 0)
(0.00181004 0 0)
(0.00185559 0 0)
(0.00190137 0 0)
(0.00194739 0 0)
(0.00199367 0 0)
(0.00204023 0 0)
(0.00208709 0 0)
(0.00213427 0 0)
(0.00218179 0 0)
(0.00222969 0 0)
(0.002278 0 0)
(0.00232675 0 0)
(0.00237597 0 0)
(0.00242573 0 0)
(0.00247607 0 0)
(0.00252706 0 0)
(0.00257876 0 0)
(0.00263128 0 0)
(0.0026847 0 0)
(0.00273916 0 0)
(0.00279482 0 0)
(0.00285185 0 0)
(0.0029105 0 0)
(0.00297107 0 0)
(0.00303394 0 0)
(0.00309961 0 0)
(0.00316876 0 0)
(0.00324229 0 0)
(0.00332148 0 0)
(0.00340818 0 0)
(0.00350514 0 0)
(0.00361669 0 0)
(0.00375002 0 0)
(0.00391795 0 0)
(0.00414588 0 0)
(0.00449179 0 0)
(0.00512125 0 0)
(0.00670688 0 0)
(0.0108017 0 0)
(0.0140039 0 0)
(0.0142801 0 0)
(0.0142801 0 0)
(0.0142801 0 0)
(0.0142801 0 0)
(0.0142801 0 0)
(0.0142801 0 0)
(0.0142801 0 0)
(0.0142801 0 0)
(0.0142801 0 0)
(0.0142801 0 0)
(0.0142801 0 0)
(0.0142801 0 0)
(0.0142801 0 0)
(0.0142801 0 0)
(0.0142801 0 0)
(0.0142801 0 0)
(0.0142801 0 0)
(0.0142801 0 0)
(0.0142801 0 0)
)
;

boundaryField
{
    inlet
    {
        type            fixedValue;
        value           uniform (0 0 0);
    }
    outlet
    {
        type            zeroGradient;
    }
    yzfaces
    {
        type            empty;
    }
}


// ************************************************************************* //
