/*--------------------------------*- C++ -*----------------------------------*\
  =========                 |
  \\      /  F ield         | OpenFOAM: The Open Source CFD Toolbox
   \\    /   O peration     | Website:  https://openfoam.org
    \\  /    A nd           | Version:  10
     \\/     M anipulation  |
\*---------------------------------------------------------------------------*/
FoamFile
{
    format      ascii;
    class       volVectorField;
    location    "1.385";
    object      Ua;
}
// * * * * * * * * * * * * * * * * * * * * * * * * * * * * * * * * * * * * * //

dimensions      [0 1 -1 0 0 0 0];

internalField   nonuniform List<vector> 
100
(
(0.00712474 0 0)
(0.0142345 0 0)
(0.0142041 0 0)
(0.0141733 0 0)
(0.0141423 0 0)
(0.0141113 0 0)
(0.0140803 0 0)
(0.0140493 0 0)
(0.0140183 0 0)
(0.0139874 0 0)
(0.0139565 0 0)
(0.0139257 0 0)
(0.0138949 0 0)
(0.0138642 0 0)
(0.0138335 0 0)
(0.0138029 0 0)
(0.0137723 0 0)
(0.0137417 0 0)
(0.0137111 0 0)
(0.0136806 0 0)
(0.0136501 0 0)
(0.0136197 0 0)
(0.0135892 0 0)
(0.0135588 0 0)
(0.0135283 0 0)
(0.0134979 0 0)
(0.0134675 0 0)
(0.0134371 0 0)
(0.0134066 0 0)
(0.0133762 0 0)
(0.0133458 0 0)
(0.0133153 0 0)
(0.0132849 0 0)
(0.0132544 0 0)
(0.0132239 0 0)
(0.0131934 0 0)
(0.0131628 0 0)
(0.0131322 0 0)
(0.0131016 0 0)
(0.013071 0 0)
(0.0130403 0 0)
(0.0130096 0 0)
(0.0129789 0 0)
(0.0129481 0 0)
(0.0129173 0 0)
(0.0128864 0 0)
(0.0128555 0 0)
(0.0128245 0 0)
(0.0127934 0 0)
(0.0127623 0 0)
(0.0127312 0 0)
(0.0127 0 0)
(0.0126687 0 0)
(0.0126373 0 0)
(0.0126059 0 0)
(0.0125744 0 0)
(0.0125428 0 0)
(0.0125111 0 0)
(0.0124793 0 0)
(0.0124475 0 0)
(0.0124155 0 0)
(0.0123835 0 0)
(0.0123513 0 0)
(0.0123191 0 0)
(0.0122867 0 0)
(0.0122542 0 0)
(0.0122215 0 0)
(0.0121888 0 0)
(0.0121559 0 0)
(0.0121228 0 0)
(0.0120897 0 0)
(0.0120563 0 0)
(0.0120228 0 0)
(0.011989 0 0)
(0.0119551 0 0)
(0.011921 0 0)
(0.0118867 0 0)
(0.0118521 0 0)
(0.0118173 0 0)
(0.0117823 0 0)
(0.0117469 0 0)
(0.0117112 0 0)
(0.0116752 0 0)
(0.0116389 0 0)
(0.0116021 0 0)
(0.0115649 0 0)
(0.0115272 0 0)
(0.011489 0 0)
(0.0114501 0 0)
(0.0114107 0 0)
(0.0113704 0 0)
(0.0113293 0 0)
(0.0112872 0 0)
(0.011244 0 0)
(0.0111995 0 0)
(0.0111534 0 0)
(0.0111054 0 0)
(0.0110552 0 0)
(0.0110023 0 0)
(0.010946 0 0)
)
;

boundaryField
{
    inlet
    {
        type            fixedValue;
        value           uniform (0 0 0);
    }
    outlet
    {
        type            zeroGradient;
    }
    yzfaces
    {
        type            empty;
    }
}


// ************************************************************************* //
