/*--------------------------------*- C++ -*----------------------------------*\
  =========                 |
  \\      /  F ield         | OpenFOAM: The Open Source CFD Toolbox
   \\    /   O peration     | Website:  https://openfoam.org
    \\  /    A nd           | Version:  10
     \\/     M anipulation  |
\*---------------------------------------------------------------------------*/
FoamFile
{
    format      ascii;
    class       volVectorField;
    location    "0.655";
    object      Ua;
}
// * * * * * * * * * * * * * * * * * * * * * * * * * * * * * * * * * * * * * //

dimensions      [0 1 -1 0 0 0 0];

internalField   nonuniform List<vector> 
100
(
(0.00710957 0 0)
(0.0141867 0 0)
(0.0141215 0 0)
(0.0140561 0 0)
(0.0139908 0 0)
(0.0139255 0 0)
(0.0138604 0 0)
(0.0137955 0 0)
(0.0137306 0 0)
(0.0136658 0 0)
(0.013601 0 0)
(0.0135362 0 0)
(0.0134715 0 0)
(0.0134066 0 0)
(0.0133417 0 0)
(0.0132767 0 0)
(0.0132115 0 0)
(0.0131462 0 0)
(0.0130807 0 0)
(0.013015 0 0)
(0.012949 0 0)
(0.0128828 0 0)
(0.0128162 0 0)
(0.0127493 0 0)
(0.0126821 0 0)
(0.0126143 0 0)
(0.0125462 0 0)
(0.0124775 0 0)
(0.0124083 0 0)
(0.0123384 0 0)
(0.0122678 0 0)
(0.0121965 0 0)
(0.0121243 0 0)
(0.0120512 0 0)
(0.0119769 0 0)
(0.0119014 0 0)
(0.0118245 0 0)
(0.0117459 0 0)
(0.0116654 0 0)
(0.0115826 0 0)
(0.011497 0 0)
(0.011408 0 0)
(0.0113147 0 0)
(0.011216 0 0)
(0.0111102 0 0)
(0.0109948 0 0)
(0.010866 0 0)
(0.0107174 0 0)
(0.0105379 0 0)
(0.0103064 0 0)
(0.00997591 0 0)
(0.00942115 0 0)
(0.00817844 0 0)
(0.00448817 0 0)
(0.000842104 0 0)
(1.31169e-07 0 0)
(0 0 0)
(0 0 0)
(0 0 0)
(0 0 0)
(0 0 0)
(0 0 0)
(0 0 0)
(0 0 0)
(0 0 0)
(0 0 0)
(0 0 0)
(0 0 0)
(0 0 0)
(0 0 0)
(0 0 0)
(0 0 0)
(0 0 0)
(0 0 0)
(0 0 0)
(0 0 0)
(0 0 0)
(0 0 0)
(0 0 0)
(0 0 0)
(0 0 0)
(0 0 0)
(0 0 0)
(0 0 0)
(0 0 0)
(0 0 0)
(0 0 0)
(0 0 0)
(0 0 0)
(0 0 0)
(0 0 0)
(0 0 0)
(0 0 0)
(0 0 0)
(0 0 0)
(0 0 0)
(0 0 0)
(0 0 0)
(0 0 0)
(0 0 0)
)
;

boundaryField
{
    inlet
    {
        type            fixedValue;
        value           uniform (0 0 0);
    }
    outlet
    {
        type            zeroGradient;
    }
    yzfaces
    {
        type            empty;
    }
}


// ************************************************************************* //
