/*--------------------------------*- C++ -*----------------------------------*\
  =========                 |
  \\      /  F ield         | OpenFOAM: The Open Source CFD Toolbox
   \\    /   O peration     | Website:  https://openfoam.org
    \\  /    A nd           | Version:  10
     \\/     M anipulation  |
\*---------------------------------------------------------------------------*/
FoamFile
{
    format      ascii;
    class       volVectorField;
    location    "0.655";
    object      Ub;
}
// * * * * * * * * * * * * * * * * * * * * * * * * * * * * * * * * * * * * * //

dimensions      [0 1 -1 0 0 0 0];

internalField   nonuniform List<vector> 
100
(
(3.14171e-05 0 0)
(9.53081e-05 0 0)
(0.000160475 0 0)
(0.00022587 0 0)
(0.000291221 0 0)
(0.00035645 0 0)
(0.000421544 0 0)
(0.000486518 0 0)
(0.000551395 0 0)
(0.000616204 0 0)
(0.000680975 0 0)
(0.000745737 0 0)
(0.00081052 0 0)
(0.000875353 0 0)
(0.000940264 0 0)
(0.00100528 0 0)
(0.00107043 0 0)
(0.00113574 0 0)
(0.00120125 0 0)
(0.00126697 0 0)
(0.00133294 0 0)
(0.00139918 0 0)
(0.00146574 0 0)
(0.00153264 0 0)
(0.00159992 0 0)
(0.00166763 0 0)
(0.00173579 0 0)
(0.00180447 0 0)
(0.00187371 0 0)
(0.00194358 0 0)
(0.00201414 0 0)
(0.00208547 0 0)
(0.00215765 0 0)
(0.00223081 0 0)
(0.00230505 0 0)
(0.00238054 0 0)
(0.00245746 0 0)
(0.00253604 0 0)
(0.00261656 0 0)
(0.00269939 0 0)
(0.002785 0 0)
(0.00287401 0 0)
(0.00296728 0 0)
(0.00306597 0 0)
(0.00317177 0 0)
(0.00328716 0 0)
(0.003416 0 0)
(0.00356461 0 0)
(0.00374404 0 0)
(0.0039756 0 0)
(0.00430607 0 0)
(0.00486083 0 0)
(0.00610353 0 0)
(0.00979381 0 0)
(0.0134399 0 0)
(0.0142818 0 0)
(0.014282 0 0)
(0.014282 0 0)
(0.014282 0 0)
(0.014282 0 0)
(0.014282 0 0)
(0.014282 0 0)
(0.014282 0 0)
(0.014282 0 0)
(0.014282 0 0)
(0.014282 0 0)
(0.014282 0 0)
(0.014282 0 0)
(0.014282 0 0)
(0.014282 0 0)
(0.014282 0 0)
(0.014282 0 0)
(0.014282 0 0)
(0.014282 0 0)
(0.014282 0 0)
(0.014282 0 0)
(0.014282 0 0)
(0.014282 0 0)
(0.014282 0 0)
(0.014282 0 0)
(0.014282 0 0)
(0.014282 0 0)
(0.014282 0 0)
(0.014282 0 0)
(0.014282 0 0)
(0.014282 0 0)
(0.014282 0 0)
(0.014282 0 0)
(0.014282 0 0)
(0.014282 0 0)
(0.014282 0 0)
(0.014282 0 0)
(0.014282 0 0)
(0.014282 0 0)
(0.014282 0 0)
(0.014282 0 0)
(0.014282 0 0)
(0.014282 0 0)
(0.014282 0 0)
(0.014282 0 0)
)
;

boundaryField
{
    inlet
    {
        type            fixedValue;
        value           uniform (0 0 0);
    }
    outlet
    {
        type            zeroGradient;
    }
    yzfaces
    {
        type            empty;
    }
}


// ************************************************************************* //
