/*--------------------------------*- C++ -*----------------------------------*\
  =========                 |
  \\      /  F ield         | OpenFOAM: The Open Source CFD Toolbox
   \\    /   O peration     | Website:  https://openfoam.org
    \\  /    A nd           | Version:  10
     \\/     M anipulation  |
\*---------------------------------------------------------------------------*/
FoamFile
{
    format      ascii;
    class       volVectorField;
    location    "1.005";
    object      Ua;
}
// * * * * * * * * * * * * * * * * * * * * * * * * * * * * * * * * * * * * * //

dimensions      [0 1 -1 0 0 0 0];

internalField   nonuniform List<vector> 
100
(
(0.00712 0 0)
(0.014219 0 0)
(0.0141768 0 0)
(0.0141342 0 0)
(0.0140915 0 0)
(0.0140488 0 0)
(0.0140062 0 0)
(0.0139637 0 0)
(0.0139212 0 0)
(0.0138788 0 0)
(0.0138365 0 0)
(0.0137942 0 0)
(0.013752 0 0)
(0.0137098 0 0)
(0.0136677 0 0)
(0.0136257 0 0)
(0.0135836 0 0)
(0.0135416 0 0)
(0.0134995 0 0)
(0.0134575 0 0)
(0.0134154 0 0)
(0.0133734 0 0)
(0.0133313 0 0)
(0.0132892 0 0)
(0.013247 0 0)
(0.0132048 0 0)
(0.0131626 0 0)
(0.0131203 0 0)
(0.0130779 0 0)
(0.0130354 0 0)
(0.0129929 0 0)
(0.0129502 0 0)
(0.0129075 0 0)
(0.0128647 0 0)
(0.0128217 0 0)
(0.0127787 0 0)
(0.0127355 0 0)
(0.0126921 0 0)
(0.0126487 0 0)
(0.012605 0 0)
(0.0125612 0 0)
(0.0125173 0 0)
(0.0124731 0 0)
(0.0124287 0 0)
(0.0123842 0 0)
(0.0123393 0 0)
(0.0122943 0 0)
(0.012249 0 0)
(0.0122034 0 0)
(0.0121575 0 0)
(0.0121113 0 0)
(0.0120648 0 0)
(0.0120179 0 0)
(0.0119706 0 0)
(0.0119228 0 0)
(0.0118746 0 0)
(0.0118258 0 0)
(0.0117765 0 0)
(0.0117265 0 0)
(0.0116758 0 0)
(0.0116243 0 0)
(0.0115719 0 0)
(0.0115184 0 0)
(0.0114638 0 0)
(0.0114077 0 0)
(0.0113501 0 0)
(0.0112905 0 0)
(0.0112287 0 0)
(0.011164 0 0)
(0.0110958 0 0)
(0.0110233 0 0)
(0.010945 0 0)
(0.0108592 0 0)
(0.0107631 0 0)
(0.0106523 0 0)
(0.0105195 0 0)
(0.0103517 0 0)
(0.0101231 0 0)
(0.00977468 0 0)
(0.00913649 0 0)
(0.00751297 0 0)
(0.0034012 0 0)
(0.000244711 0 0)
(9.11935e-10 0 0)
(0 0 0)
(0 0 0)
(0 0 0)
(0 0 0)
(0 0 0)
(0 0 0)
(0 0 0)
(0 0 0)
(0 0 0)
(0 0 0)
(0 0 0)
(0 0 0)
(0 0 0)
(0 0 0)
(0 0 0)
(0 0 0)
)
;

boundaryField
{
    inlet
    {
        type            fixedValue;
        value           uniform (0 0 0);
    }
    outlet
    {
        type            zeroGradient;
    }
    yzfaces
    {
        type            empty;
    }
}


// ************************************************************************* //
