/*--------------------------------*- C++ -*----------------------------------*\
  =========                 |
  \\      /  F ield         | OpenFOAM: The Open Source CFD Toolbox
   \\    /   O peration     | Website:  https://openfoam.org
    \\  /    A nd           | Version:  10
     \\/     M anipulation  |
\*---------------------------------------------------------------------------*/
FoamFile
{
    format      ascii;
    class       volVectorField;
    location    "1.005";
    object      Ub;
}
// * * * * * * * * * * * * * * * * * * * * * * * * * * * * * * * * * * * * * //

dimensions      [0 1 -1 0 0 0 0];

internalField   nonuniform List<vector> 
100
(
(1.99859e-05 0 0)
(6.09322e-05 0 0)
(0.000103145 0 0)
(0.000145741 0 0)
(0.00018844 0 0)
(0.00023113 0 0)
(0.000273764 0 0)
(0.000316322 0 0)
(0.000358799 0 0)
(0.000401198 0 0)
(0.000443522 0 0)
(0.00048578 0 0)
(0.00052798 0 0)
(0.00057013 0 0)
(0.00061224 0 0)
(0.000654317 0 0)
(0.000696372 0 0)
(0.000738412 0 0)
(0.000780445 0 0)
(0.00082248 0 0)
(0.000864524 0 0)
(0.000906586 0 0)
(0.000948671 0 0)
(0.000990789 0 0)
(0.00103295 0 0)
(0.00107515 0 0)
(0.00111741 0 0)
(0.00115972 0 0)
(0.00120211 0 0)
(0.00124457 0 0)
(0.00128711 0 0)
(0.00132974 0 0)
(0.00137247 0 0)
(0.0014153 0 0)
(0.00145825 0 0)
(0.00150131 0 0)
(0.0015445 0 0)
(0.00158784 0 0)
(0.00163131 0 0)
(0.00167495 0 0)
(0.00171874 0 0)
(0.00176272 0 0)
(0.00180688 0 0)
(0.00185125 0 0)
(0.00189582 0 0)
(0.00194063 0 0)
(0.00198567 0 0)
(0.00203098 0 0)
(0.00207656 0 0)
(0.00212243 0 0)
(0.00216863 0 0)
(0.00221517 0 0)
(0.00226209 0 0)
(0.0023094 0 0)
(0.00235716 0 0)
(0.00240539 0 0)
(0.00245416 0 0)
(0.0025035 0 0)
(0.00255348 0 0)
(0.00260418 0 0)
(0.00265569 0 0)
(0.00270811 0 0)
(0.00276156 0 0)
(0.0028162 0 0)
(0.00287223 0 0)
(0.00292987 0 0)
(0.00298943 0 0)
(0.00305129 0 0)
(0.00311597 0 0)
(0.00318413 0 0)
(0.00325669 0 0)
(0.00333494 0 0)
(0.00342075 0 0)
(0.00351688 0 0)
(0.00362772 0 0)
(0.00376052 0 0)
(0.0039283 0 0)
(0.00415685 0 0)
(0.00450529 0 0)
(0.00514348 0 0)
(0.00676701 0 0)
(0.0108788 0 0)
(0.0140353 0 0)
(0.01428 0 0)
(0.01428 0 0)
(0.01428 0 0)
(0.01428 0 0)
(0.01428 0 0)
(0.01428 0 0)
(0.01428 0 0)
(0.01428 0 0)
(0.01428 0 0)
(0.01428 0 0)
(0.01428 0 0)
(0.01428 0 0)
(0.01428 0 0)
(0.01428 0 0)
(0.01428 0 0)
(0.01428 0 0)
(0.01428 0 0)
)
;

boundaryField
{
    inlet
    {
        type            fixedValue;
        value           uniform (0 0 0);
    }
    outlet
    {
        type            zeroGradient;
    }
    yzfaces
    {
        type            empty;
    }
}


// ************************************************************************* //
