/*--------------------------------*- C++ -*----------------------------------*\
  =========                 |
  \\      /  F ield         | OpenFOAM: The Open Source CFD Toolbox
   \\    /   O peration     | Website:  https://openfoam.org
    \\  /    A nd           | Version:  10
     \\/     M anipulation  |
\*---------------------------------------------------------------------------*/
FoamFile
{
    format      ascii;
    class       volVectorField;
    location    "0.735";
    object      Ua;
}
// * * * * * * * * * * * * * * * * * * * * * * * * * * * * * * * * * * * * * //

dimensions      [0 1 -1 0 0 0 0];

internalField   nonuniform List<vector> 
100
(
(0.00711292 0 0)
(0.014197 0 0)
(0.014139 0 0)
(0.0140807 0 0)
(0.0140224 0 0)
(0.0139642 0 0)
(0.0139061 0 0)
(0.0138481 0 0)
(0.0137903 0 0)
(0.0137325 0 0)
(0.0136748 0 0)
(0.0136171 0 0)
(0.0135595 0 0)
(0.0135018 0 0)
(0.0134442 0 0)
(0.0133865 0 0)
(0.0133287 0 0)
(0.0132708 0 0)
(0.0132129 0 0)
(0.0131548 0 0)
(0.0130966 0 0)
(0.0130383 0 0)
(0.0129797 0 0)
(0.012921 0 0)
(0.012862 0 0)
(0.0128028 0 0)
(0.0127434 0 0)
(0.0126836 0 0)
(0.0126235 0 0)
(0.0125631 0 0)
(0.0125023 0 0)
(0.0124411 0 0)
(0.0123795 0 0)
(0.0123173 0 0)
(0.0122547 0 0)
(0.0121914 0 0)
(0.0121275 0 0)
(0.0120628 0 0)
(0.0119974 0 0)
(0.011931 0 0)
(0.0118636 0 0)
(0.0117951 0 0)
(0.0117252 0 0)
(0.0116538 0 0)
(0.0115806 0 0)
(0.0115052 0 0)
(0.0114273 0 0)
(0.0113463 0 0)
(0.0112614 0 0)
(0.0111715 0 0)
(0.0110753 0 0)
(0.0109704 0 0)
(0.0108537 0 0)
(0.0107199 0 0)
(0.0105599 0 0)
(0.0103569 0 0)
(0.0100762 0 0)
(0.00963117 0 0)
(0.00874123 0 0)
(0.00613128 0 0)
(0.00207775 0 0)
(1.17075e-05 0 0)
(1.33071e-14 0 0)
(0 0 0)
(0 0 0)
(0 0 0)
(0 0 0)
(0 0 0)
(0 0 0)
(0 0 0)
(0 0 0)
(0 0 0)
(0 0 0)
(0 0 0)
(0 0 0)
(0 0 0)
(0 0 0)
(0 0 0)
(0 0 0)
(0 0 0)
(0 0 0)
(0 0 0)
(0 0 0)
(0 0 0)
(0 0 0)
(0 0 0)
(0 0 0)
(0 0 0)
(0 0 0)
(0 0 0)
(0 0 0)
(0 0 0)
(0 0 0)
(0 0 0)
(0 0 0)
(0 0 0)
(0 0 0)
(0 0 0)
(0 0 0)
(0 0 0)
)
;

boundaryField
{
    inlet
    {
        type            fixedValue;
        value           uniform (0 0 0);
    }
    outlet
    {
        type            zeroGradient;
    }
    yzfaces
    {
        type            empty;
    }
}


// ************************************************************************* //
