/*--------------------------------*- C++ -*----------------------------------*\
  =========                 |
  \\      /  F ield         | OpenFOAM: The Open Source CFD Toolbox
   \\    /   O peration     | Website:  https://openfoam.org
    \\  /    A nd           | Version:  10
     \\/     M anipulation  |
\*---------------------------------------------------------------------------*/
FoamFile
{
    format      ascii;
    class       volVectorField;
    location    "0.735";
    object      Ub;
}
// * * * * * * * * * * * * * * * * * * * * * * * * * * * * * * * * * * * * * //

dimensions      [0 1 -1 0 0 0 0];

internalField   nonuniform List<vector> 
100
(
(2.78374e-05 0 0)
(8.45565e-05 0 0)
(0.000142566 0 0)
(0.000200855 0 0)
(0.000259143 0 0)
(0.000317339 0 0)
(0.000375416 0 0)
(0.000433376 0 0)
(0.000491233 0 0)
(0.000549006 0 0)
(0.000606715 0 0)
(0.000664382 0 0)
(0.000722029 0 0)
(0.000779675 0 0)
(0.000837342 0 0)
(0.00089505 0 0)
(0.000952819 0 0)
(0.00101067 0 0)
(0.00106862 0 0)
(0.00112668 0 0)
(0.00118489 0 0)
(0.00124325 0 0)
(0.00130179 0 0)
(0.00136053 0 0)
(0.00141949 0 0)
(0.00147869 0 0)
(0.00153815 0 0)
(0.0015979 0 0)
(0.00165798 0 0)
(0.00171839 0 0)
(0.00177918 0 0)
(0.00184039 0 0)
(0.00190204 0 0)
(0.00196418 0 0)
(0.00202686 0 0)
(0.00209013 0 0)
(0.00215405 0 0)
(0.0022187 0 0)
(0.00228416 0 0)
(0.00235052 0 0)
(0.00241789 0 0)
(0.00248643 0 0)
(0.0025563 0 0)
(0.00262771 0 0)
(0.00270093 0 0)
(0.00277627 0 0)
(0.00285418 0 0)
(0.00293522 0 0)
(0.00302015 0 0)
(0.00311 0 0)
(0.00320626 0 0)
(0.00331109 0 0)
(0.00342779 0 0)
(0.00356164 0 0)
(0.00372165 0 0)
(0.00392457 0 0)
(0.00420534 0 0)
(0.00465035 0 0)
(0.00554029 0 0)
(0.00815024 0 0)
(0.0122038 0 0)
(0.0142698 0 0)
(0.0142815 0 0)
(0.0142815 0 0)
(0.0142815 0 0)
(0.0142815 0 0)
(0.0142815 0 0)
(0.0142815 0 0)
(0.0142815 0 0)
(0.0142815 0 0)
(0.0142815 0 0)
(0.0142815 0 0)
(0.0142815 0 0)
(0.0142815 0 0)
(0.0142815 0 0)
(0.0142815 0 0)
(0.0142815 0 0)
(0.0142815 0 0)
(0.0142815 0 0)
(0.0142815 0 0)
(0.0142815 0 0)
(0.0142815 0 0)
(0.0142815 0 0)
(0.0142815 0 0)
(0.0142815 0 0)
(0.0142815 0 0)
(0.0142815 0 0)
(0.0142815 0 0)
(0.0142815 0 0)
(0.0142815 0 0)
(0.0142815 0 0)
(0.0142815 0 0)
(0.0142815 0 0)
(0.0142815 0 0)
(0.0142815 0 0)
(0.0142815 0 0)
(0.0142815 0 0)
(0.0142815 0 0)
(0.0142815 0 0)
(0.0142815 0 0)
)
;

boundaryField
{
    inlet
    {
        type            fixedValue;
        value           uniform (0 0 0);
    }
    outlet
    {
        type            zeroGradient;
    }
    yzfaces
    {
        type            empty;
    }
}


// ************************************************************************* //
