/*--------------------------------*- C++ -*----------------------------------*\
  =========                 |
  \\      /  F ield         | OpenFOAM: The Open Source CFD Toolbox
   \\    /   O peration     | Website:  https://openfoam.org
    \\  /    A nd           | Version:  10
     \\/     M anipulation  |
\*---------------------------------------------------------------------------*/
FoamFile
{
    format      ascii;
    class       volVectorField;
    location    "1.38";
    object      Ua;
}
// * * * * * * * * * * * * * * * * * * * * * * * * * * * * * * * * * * * * * //

dimensions      [0 1 -1 0 0 0 0];

internalField   nonuniform List<vector> 
100
(
(0.0071247 0 0)
(0.0142343 0 0)
(0.0142038 0 0)
(0.0141729 0 0)
(0.0141418 0 0)
(0.0141107 0 0)
(0.0140796 0 0)
(0.0140484 0 0)
(0.0140174 0 0)
(0.0139863 0 0)
(0.0139554 0 0)
(0.0139244 0 0)
(0.0138935 0 0)
(0.0138627 0 0)
(0.0138319 0 0)
(0.0138012 0 0)
(0.0137705 0 0)
(0.0137398 0 0)
(0.0137091 0 0)
(0.0136785 0 0)
(0.0136479 0 0)
(0.0136173 0 0)
(0.0135868 0 0)
(0.0135562 0 0)
(0.0135257 0 0)
(0.0134951 0 0)
(0.0134646 0 0)
(0.0134341 0 0)
(0.0134035 0 0)
(0.013373 0 0)
(0.0133424 0 0)
(0.0133119 0 0)
(0.0132813 0 0)
(0.0132507 0 0)
(0.0132201 0 0)
(0.0131894 0 0)
(0.0131588 0 0)
(0.0131281 0 0)
(0.0130974 0 0)
(0.0130666 0 0)
(0.0130358 0 0)
(0.013005 0 0)
(0.0129742 0 0)
(0.0129432 0 0)
(0.0129123 0 0)
(0.0128813 0 0)
(0.0128502 0 0)
(0.0128191 0 0)
(0.012788 0 0)
(0.0127567 0 0)
(0.0127255 0 0)
(0.0126941 0 0)
(0.0126627 0 0)
(0.0126312 0 0)
(0.0125996 0 0)
(0.012568 0 0)
(0.0125363 0 0)
(0.0125045 0 0)
(0.0124726 0 0)
(0.0124406 0 0)
(0.0124085 0 0)
(0.0123763 0 0)
(0.012344 0 0)
(0.0123116 0 0)
(0.012279 0 0)
(0.0122464 0 0)
(0.0122136 0 0)
(0.0121807 0 0)
(0.0121476 0 0)
(0.0121144 0 0)
(0.0120811 0 0)
(0.0120475 0 0)
(0.0120138 0 0)
(0.0119799 0 0)
(0.0119459 0 0)
(0.0119116 0 0)
(0.011877 0 0)
(0.0118423 0 0)
(0.0118073 0 0)
(0.011772 0 0)
(0.0117364 0 0)
(0.0117005 0 0)
(0.0116642 0 0)
(0.0116276 0 0)
(0.0115905 0 0)
(0.011553 0 0)
(0.011515 0 0)
(0.0114765 0 0)
(0.0114373 0 0)
(0.0113974 0 0)
(0.0113567 0 0)
(0.0113151 0 0)
(0.0112725 0 0)
(0.0112287 0 0)
(0.0111835 0 0)
(0.0111366 0 0)
(0.0110877 0 0)
(0.0110364 0 0)
(0.0109821 0 0)
(0.0109241 0 0)
)
;

boundaryField
{
    inlet
    {
        type            fixedValue;
        value           uniform (0 0 0);
    }
    outlet
    {
        type            zeroGradient;
    }
    yzfaces
    {
        type            empty;
    }
}


// ************************************************************************* //
