/*--------------------------------*- C++ -*----------------------------------*\
  =========                 |
  \\      /  F ield         | OpenFOAM: The Open Source CFD Toolbox
   \\    /   O peration     | Website:  https://openfoam.org
    \\  /    A nd           | Version:  10
     \\/     M anipulation  |
\*---------------------------------------------------------------------------*/
FoamFile
{
    format      ascii;
    class       volVectorField;
    location    "0.32";
    object      Ub;
}
// * * * * * * * * * * * * * * * * * * * * * * * * * * * * * * * * * * * * * //

dimensions      [0 1 -1 0 0 0 0];

internalField   nonuniform List<vector> 
100
(
(6.59348e-05 0 0)
(0.000198727 0 0)
(0.000332457 0 0)
(0.000466147 0 0)
(0.000599814 0 0)
(0.000733653 0 0)
(0.000867908 0 0)
(0.00100283 0 0)
(0.0011387 0 0)
(0.00127579 0 0)
(0.00141442 0 0)
(0.00155494 0 0)
(0.00169777 0 0)
(0.00184342 0 0)
(0.00199252 0 0)
(0.0021459 0 0)
(0.00230467 0 0)
(0.00247035 0 0)
(0.00264517 0 0)
(0.00283249 0 0)
(0.00303769 0 0)
(0.00326995 0 0)
(0.00354637 0 0)
(0.00390285 0 0)
(0.00442896 0 0)
(0.00541995 0 0)
(0.00822172 0 0)
(0.012311 0 0)
(0.0142758 0 0)
(0.0142839 0 0)
(0.0142839 0 0)
(0.0142839 0 0)
(0.0142839 0 0)
(0.0142839 0 0)
(0.0142839 0 0)
(0.0142839 0 0)
(0.0142839 0 0)
(0.0142839 0 0)
(0.0142839 0 0)
(0.0142839 0 0)
(0.0142839 0 0)
(0.0142839 0 0)
(0.0142839 0 0)
(0.0142839 0 0)
(0.0142839 0 0)
(0.0142839 0 0)
(0.0142839 0 0)
(0.0142839 0 0)
(0.0142839 0 0)
(0.0142839 0 0)
(0.0142839 0 0)
(0.0142839 0 0)
(0.0142839 0 0)
(0.0142839 0 0)
(0.0142839 0 0)
(0.0142839 0 0)
(0.0142839 0 0)
(0.0142839 0 0)
(0.0142839 0 0)
(0.0142839 0 0)
(0.0142839 0 0)
(0.0142839 0 0)
(0.0142839 0 0)
(0.0142839 0 0)
(0.0142839 0 0)
(0.0142839 0 0)
(0.0142839 0 0)
(0.0142839 0 0)
(0.0142839 0 0)
(0.0142839 0 0)
(0.0142839 0 0)
(0.0142839 0 0)
(0.0142839 0 0)
(0.0142839 0 0)
(0.0142839 0 0)
(0.0142839 0 0)
(0.0142839 0 0)
(0.0142839 0 0)
(0.0142839 0 0)
(0.0142839 0 0)
(0.0142839 0 0)
(0.0142839 0 0)
(0.0142839 0 0)
(0.0142839 0 0)
(0.0142839 0 0)
(0.0142839 0 0)
(0.0142839 0 0)
(0.0142839 0 0)
(0.0142839 0 0)
(0.0142839 0 0)
(0.0142839 0 0)
(0.0142839 0 0)
(0.0142839 0 0)
(0.0142839 0 0)
(0.0142839 0 0)
(0.0142839 0 0)
(0.0142839 0 0)
(0.0142839 0 0)
(0.0142839 0 0)
(0.0142839 0 0)
)
;

boundaryField
{
    inlet
    {
        type            fixedValue;
        value           uniform (0 0 0);
    }
    outlet
    {
        type            zeroGradient;
    }
    yzfaces
    {
        type            empty;
    }
}


// ************************************************************************* //
