/*--------------------------------*- C++ -*----------------------------------*\
  =========                 |
  \\      /  F ield         | OpenFOAM: The Open Source CFD Toolbox
   \\    /   O peration     | Website:  https://openfoam.org
    \\  /    A nd           | Version:  10
     \\/     M anipulation  |
\*---------------------------------------------------------------------------*/
FoamFile
{
    format      ascii;
    class       volVectorField;
    location    "0.725";
    object      Ua;
}
// * * * * * * * * * * * * * * * * * * * * * * * * * * * * * * * * * * * * * //

dimensions      [0 1 -1 0 0 0 0];

internalField   nonuniform List<vector> 
100
(
(0.00711255 0 0)
(0.0141958 0 0)
(0.014137 0 0)
(0.0140779 0 0)
(0.0140188 0 0)
(0.0139598 0 0)
(0.0139009 0 0)
(0.0138422 0 0)
(0.0137835 0 0)
(0.013725 0 0)
(0.0136665 0 0)
(0.013608 0 0)
(0.0135496 0 0)
(0.0134911 0 0)
(0.0134326 0 0)
(0.0133741 0 0)
(0.0133155 0 0)
(0.0132568 0 0)
(0.013198 0 0)
(0.0131391 0 0)
(0.0130801 0 0)
(0.0130208 0 0)
(0.0129614 0 0)
(0.0129018 0 0)
(0.0128419 0 0)
(0.0127818 0 0)
(0.0127214 0 0)
(0.0126606 0 0)
(0.0125996 0 0)
(0.0125381 0 0)
(0.0124763 0 0)
(0.012414 0 0)
(0.0123513 0 0)
(0.012288 0 0)
(0.0122241 0 0)
(0.0121596 0 0)
(0.0120944 0 0)
(0.0120284 0 0)
(0.0119615 0 0)
(0.0118936 0 0)
(0.0118246 0 0)
(0.0117543 0 0)
(0.0116824 0 0)
(0.0116089 0 0)
(0.0115333 0 0)
(0.0114552 0 0)
(0.0113741 0 0)
(0.0112893 0 0)
(0.0111998 0 0)
(0.0111042 0 0)
(0.0110006 0 0)
(0.0108859 0 0)
(0.0107554 0 0)
(0.010601 0 0)
(0.0104082 0 0)
(0.0101472 0 0)
(0.0097478 0 0)
(0.00899629 0 0)
(0.00695903 0 0)
(0.00278488 0 0)
(7.1687e-05 0 0)
(9.21086e-12 0 0)
(0 0 0)
(0 0 0)
(0 0 0)
(0 0 0)
(0 0 0)
(0 0 0)
(0 0 0)
(0 0 0)
(0 0 0)
(0 0 0)
(0 0 0)
(0 0 0)
(0 0 0)
(0 0 0)
(0 0 0)
(0 0 0)
(0 0 0)
(0 0 0)
(0 0 0)
(0 0 0)
(0 0 0)
(0 0 0)
(0 0 0)
(0 0 0)
(0 0 0)
(0 0 0)
(0 0 0)
(0 0 0)
(0 0 0)
(0 0 0)
(0 0 0)
(0 0 0)
(0 0 0)
(0 0 0)
(0 0 0)
(0 0 0)
(0 0 0)
(0 0 0)
)
;

boundaryField
{
    inlet
    {
        type            fixedValue;
        value           uniform (0 0 0);
    }
    outlet
    {
        type            zeroGradient;
    }
    yzfaces
    {
        type            empty;
    }
}


// ************************************************************************* //
