/*--------------------------------*- C++ -*----------------------------------*\
  =========                 |
  \\      /  F ield         | OpenFOAM: The Open Source CFD Toolbox
   \\    /   O peration     | Website:  https://openfoam.org
    \\  /    A nd           | Version:  10
     \\/     M anipulation  |
\*---------------------------------------------------------------------------*/
FoamFile
{
    format      ascii;
    class       volVectorField;
    location    "0.725";
    object      Ub;
}
// * * * * * * * * * * * * * * * * * * * * * * * * * * * * * * * * * * * * * //

dimensions      [0 1 -1 0 0 0 0];

internalField   nonuniform List<vector> 
100
(
(2.82414e-05 0 0)
(8.57705e-05 0 0)
(0.000144589 0 0)
(0.000203681 0 0)
(0.000262768 0 0)
(0.000321758 0 0)
(0.000380627 0 0)
(0.000439378 0 0)
(0.000498027 0 0)
(0.000556592 0 0)
(0.000615096 0 0)
(0.000673561 0 0)
(0.000732009 0 0)
(0.000790461 0 0)
(0.00084894 0 0)
(0.000907466 0 0)
(0.000966059 0 0)
(0.00102474 0 0)
(0.00108353 0 0)
(0.00114245 0 0)
(0.00120151 0 0)
(0.00126075 0 0)
(0.00132017 0 0)
(0.00137981 0 0)
(0.00143968 0 0)
(0.00149981 0 0)
(0.00156022 0 0)
(0.00162094 0 0)
(0.001682 0 0)
(0.00174343 0 0)
(0.00180527 0 0)
(0.00186754 0 0)
(0.0019303 0 0)
(0.00199358 0 0)
(0.00205745 0 0)
(0.00212195 0 0)
(0.00218717 0 0)
(0.00225318 0 0)
(0.00232007 0 0)
(0.00238797 0 0)
(0.00245699 0 0)
(0.00252731 0 0)
(0.00259913 0 0)
(0.00267269 0 0)
(0.00274832 0 0)
(0.00282641 0 0)
(0.00290751 0 0)
(0.00299232 0 0)
(0.00308182 0 0)
(0.00317739 0 0)
(0.003281 0 0)
(0.00339568 0 0)
(0.00352618 0 0)
(0.00368054 0 0)
(0.00387338 0 0)
(0.00413433 0 0)
(0.00453377 0 0)
(0.00528528 0 0)
(0.00732254 0 0)
(0.0114967 0 0)
(0.0142099 0 0)
(0.0142816 0 0)
(0.0142816 0 0)
(0.0142816 0 0)
(0.0142816 0 0)
(0.0142816 0 0)
(0.0142816 0 0)
(0.0142816 0 0)
(0.0142816 0 0)
(0.0142816 0 0)
(0.0142816 0 0)
(0.0142816 0 0)
(0.0142816 0 0)
(0.0142816 0 0)
(0.0142816 0 0)
(0.0142816 0 0)
(0.0142816 0 0)
(0.0142816 0 0)
(0.0142816 0 0)
(0.0142816 0 0)
(0.0142816 0 0)
(0.0142816 0 0)
(0.0142816 0 0)
(0.0142816 0 0)
(0.0142816 0 0)
(0.0142816 0 0)
(0.0142816 0 0)
(0.0142816 0 0)
(0.0142816 0 0)
(0.0142816 0 0)
(0.0142816 0 0)
(0.0142816 0 0)
(0.0142816 0 0)
(0.0142816 0 0)
(0.0142816 0 0)
(0.0142816 0 0)
(0.0142816 0 0)
(0.0142816 0 0)
(0.0142816 0 0)
(0.0142816 0 0)
)
;

boundaryField
{
    inlet
    {
        type            fixedValue;
        value           uniform (0 0 0);
    }
    outlet
    {
        type            zeroGradient;
    }
    yzfaces
    {
        type            empty;
    }
}


// ************************************************************************* //
