/*--------------------------------*- C++ -*----------------------------------*\
  =========                 |
  \\      /  F ield         | OpenFOAM: The Open Source CFD Toolbox
   \\    /   O peration     | Website:  https://openfoam.org
    \\  /    A nd           | Version:  10
     \\/     M anipulation  |
\*---------------------------------------------------------------------------*/
FoamFile
{
    format      ascii;
    class       volVectorField;
    location    "0.815";
    object      Ua;
}
// * * * * * * * * * * * * * * * * * * * * * * * * * * * * * * * * * * * * * //

dimensions      [0 1 -1 0 0 0 0];

internalField   nonuniform List<vector> 
100
(
(0.00711557 0 0)
(0.0142051 0 0)
(0.0141529 0 0)
(0.0141003 0 0)
(0.0140477 0 0)
(0.0139952 0 0)
(0.0139427 0 0)
(0.0138904 0 0)
(0.0138382 0 0)
(0.013786 0 0)
(0.013734 0 0)
(0.013682 0 0)
(0.01363 0 0)
(0.013578 0 0)
(0.0135261 0 0)
(0.0134742 0 0)
(0.0134222 0 0)
(0.0133702 0 0)
(0.0133182 0 0)
(0.0132661 0 0)
(0.0132139 0 0)
(0.0131616 0 0)
(0.0131093 0 0)
(0.0130568 0 0)
(0.0130042 0 0)
(0.0129514 0 0)
(0.0128985 0 0)
(0.0128454 0 0)
(0.0127921 0 0)
(0.0127386 0 0)
(0.0126848 0 0)
(0.0126308 0 0)
(0.0125766 0 0)
(0.0125221 0 0)
(0.0124672 0 0)
(0.012412 0 0)
(0.0123565 0 0)
(0.0123006 0 0)
(0.0122442 0 0)
(0.0121874 0 0)
(0.01213 0 0)
(0.0120721 0 0)
(0.0120136 0 0)
(0.0119544 0 0)
(0.0118945 0 0)
(0.0118337 0 0)
(0.0117719 0 0)
(0.0117091 0 0)
(0.011645 0 0)
(0.0115794 0 0)
(0.0115122 0 0)
(0.0114431 0 0)
(0.0113715 0 0)
(0.0112971 0 0)
(0.011219 0 0)
(0.0111365 0 0)
(0.0110482 0 0)
(0.0109522 0 0)
(0.0108456 0 0)
(0.010724 0 0)
(0.01058 0 0)
(0.0104001 0 0)
(0.0101577 0 0)
(0.00979082 0 0)
(0.00911951 0 0)
(0.00739258 0 0)
(0.00323923 0 0)
(0.000183495 0 0)
(3.03329e-10 0 0)
(0 0 0)
(0 0 0)
(0 0 0)
(0 0 0)
(0 0 0)
(0 0 0)
(0 0 0)
(0 0 0)
(0 0 0)
(0 0 0)
(0 0 0)
(0 0 0)
(0 0 0)
(0 0 0)
(0 0 0)
(0 0 0)
(0 0 0)
(0 0 0)
(0 0 0)
(0 0 0)
(0 0 0)
(0 0 0)
(0 0 0)
(0 0 0)
(0 0 0)
(0 0 0)
(0 0 0)
(0 0 0)
(0 0 0)
(0 0 0)
(0 0 0)
)
;

boundaryField
{
    inlet
    {
        type            fixedValue;
        value           uniform (0 0 0);
    }
    outlet
    {
        type            zeroGradient;
    }
    yzfaces
    {
        type            empty;
    }
}


// ************************************************************************* //
