/*--------------------------------*- C++ -*----------------------------------*\
  =========                 |
  \\      /  F ield         | OpenFOAM: The Open Source CFD Toolbox
   \\    /   O peration     | Website:  https://openfoam.org
    \\  /    A nd           | Version:  10
     \\/     M anipulation  |
\*---------------------------------------------------------------------------*/
FoamFile
{
    format      ascii;
    class       volVectorField;
    location    "0.815";
    object      Ub;
}
// * * * * * * * * * * * * * * * * * * * * * * * * * * * * * * * * * * * * * //

dimensions      [0 1 -1 0 0 0 0];

internalField   nonuniform List<vector> 
100
(
(2.49642e-05 0 0)
(7.59191e-05 0 0)
(0.000128166 0 0)
(0.000180733 0 0)
(0.000233336 0 0)
(0.000285875 0 0)
(0.000338314 0 0)
(0.000390647 0 0)
(0.00044288 0 0)
(0.000495024 0 0)
(0.000547094 0 0)
(0.000599106 0 0)
(0.000651076 0 0)
(0.000703019 0 0)
(0.000754951 0 0)
(0.000806888 0 0)
(0.000858845 0 0)
(0.000910835 0 0)
(0.000962873 0 0)
(0.00101497 0 0)
(0.00106715 0 0)
(0.00111942 0 0)
(0.00117179 0 0)
(0.00122428 0 0)
(0.0012769 0 0)
(0.00132967 0 0)
(0.0013826 0 0)
(0.0014357 0 0)
(0.001489 0 0)
(0.00154251 0 0)
(0.00159624 0 0)
(0.00165022 0 0)
(0.00170447 0 0)
(0.001759 0 0)
(0.00181384 0 0)
(0.00186902 0 0)
(0.00192456 0 0)
(0.0019805 0 0)
(0.00203686 0 0)
(0.00209369 0 0)
(0.00215103 0 0)
(0.00220893 0 0)
(0.00226745 0 0)
(0.00232664 0 0)
(0.0023866 0 0)
(0.0024474 0 0)
(0.00250916 0 0)
(0.002572 0 0)
(0.00263609 0 0)
(0.00270161 0 0)
(0.00276881 0 0)
(0.002838 0 0)
(0.00290955 0 0)
(0.002984 0 0)
(0.00306201 0 0)
(0.00314453 0 0)
(0.00323285 0 0)
(0.00332888 0 0)
(0.00343545 0 0)
(0.00355702 0 0)
(0.00370104 0 0)
(0.00388092 0 0)
(0.00412338 0 0)
(0.00449024 0 0)
(0.00516155 0 0)
(0.00688848 0 0)
(0.0110418 0 0)
(0.0140976 0 0)
(0.0142811 0 0)
(0.0142811 0 0)
(0.0142811 0 0)
(0.0142811 0 0)
(0.0142811 0 0)
(0.0142811 0 0)
(0.0142811 0 0)
(0.0142811 0 0)
(0.0142811 0 0)
(0.0142811 0 0)
(0.0142811 0 0)
(0.0142811 0 0)
(0.0142811 0 0)
(0.0142811 0 0)
(0.0142811 0 0)
(0.0142811 0 0)
(0.0142811 0 0)
(0.0142811 0 0)
(0.0142811 0 0)
(0.0142811 0 0)
(0.0142811 0 0)
(0.0142811 0 0)
(0.0142811 0 0)
(0.0142811 0 0)
(0.0142811 0 0)
(0.0142811 0 0)
(0.0142811 0 0)
(0.0142811 0 0)
(0.0142811 0 0)
(0.0142811 0 0)
(0.0142811 0 0)
(0.0142811 0 0)
)
;

boundaryField
{
    inlet
    {
        type            fixedValue;
        value           uniform (0 0 0);
    }
    outlet
    {
        type            zeroGradient;
    }
    yzfaces
    {
        type            empty;
    }
}


// ************************************************************************* //
