/*--------------------------------*- C++ -*----------------------------------*\
  =========                 |
  \\      /  F ield         | OpenFOAM: The Open Source CFD Toolbox
   \\    /   O peration     | Website:  https://openfoam.org
    \\  /    A nd           | Version:  10
     \\/     M anipulation  |
\*---------------------------------------------------------------------------*/
FoamFile
{
    format      ascii;
    class       volVectorField;
    location    "0.27";
    object      Ub;
}
// * * * * * * * * * * * * * * * * * * * * * * * * * * * * * * * * * * * * * //

dimensions      [0 1 -1 0 0 0 0];

internalField   nonuniform List<vector> 
100
(
(7.84448e-05 0 0)
(0.000236192 0 0)
(0.000394821 0 0)
(0.000553536 0 0)
(0.000712549 0 0)
(0.000872244 0 0)
(0.00103305 0 0)
(0.00119544 0 0)
(0.00135991 0 0)
(0.00152707 0 0)
(0.00169761 0 0)
(0.00187243 0 0)
(0.00205268 0 0)
(0.00223995 0 0)
(0.00243652 0 0)
(0.00264579 0 0)
(0.00287318 0 0)
(0.00312795 0 0)
(0.00342732 0 0)
(0.00380747 0 0)
(0.00435891 0 0)
(0.00538122 0 0)
(0.00824086 0 0)
(0.0123414 0 0)
(0.014277 0 0)
(0.0142842 0 0)
(0.0142842 0 0)
(0.0142842 0 0)
(0.0142842 0 0)
(0.0142842 0 0)
(0.0142842 0 0)
(0.0142842 0 0)
(0.0142842 0 0)
(0.0142842 0 0)
(0.0142842 0 0)
(0.0142842 0 0)
(0.0142842 0 0)
(0.0142842 0 0)
(0.0142842 0 0)
(0.0142842 0 0)
(0.0142842 0 0)
(0.0142842 0 0)
(0.0142842 0 0)
(0.0142842 0 0)
(0.0142842 0 0)
(0.0142842 0 0)
(0.0142842 0 0)
(0.0142842 0 0)
(0.0142842 0 0)
(0.0142842 0 0)
(0.0142842 0 0)
(0.0142842 0 0)
(0.0142842 0 0)
(0.0142842 0 0)
(0.0142842 0 0)
(0.0142842 0 0)
(0.0142842 0 0)
(0.0142842 0 0)
(0.0142842 0 0)
(0.0142842 0 0)
(0.0142842 0 0)
(0.0142842 0 0)
(0.0142842 0 0)
(0.0142842 0 0)
(0.0142842 0 0)
(0.0142842 0 0)
(0.0142842 0 0)
(0.0142842 0 0)
(0.0142842 0 0)
(0.0142842 0 0)
(0.0142842 0 0)
(0.0142842 0 0)
(0.0142842 0 0)
(0.0142842 0 0)
(0.0142842 0 0)
(0.0142842 0 0)
(0.0142842 0 0)
(0.0142842 0 0)
(0.0142842 0 0)
(0.0142842 0 0)
(0.0142842 0 0)
(0.0142842 0 0)
(0.0142842 0 0)
(0.0142842 0 0)
(0.0142842 0 0)
(0.0142842 0 0)
(0.0142842 0 0)
(0.0142842 0 0)
(0.0142842 0 0)
(0.0142842 0 0)
(0.0142842 0 0)
(0.0142842 0 0)
(0.0142842 0 0)
(0.0142842 0 0)
(0.0142842 0 0)
(0.0142842 0 0)
(0.0142842 0 0)
(0.0142842 0 0)
(0.0142842 0 0)
(0.0142842 0 0)
)
;

boundaryField
{
    inlet
    {
        type            fixedValue;
        value           uniform (0 0 0);
    }
    outlet
    {
        type            zeroGradient;
    }
    yzfaces
    {
        type            empty;
    }
}


// ************************************************************************* //
