/*--------------------------------*- C++ -*----------------------------------*\
  =========                 |
  \\      /  F ield         | OpenFOAM: The Open Source CFD Toolbox
   \\    /   O peration     | Website:  https://openfoam.org
    \\  /    A nd           | Version:  10
     \\/     M anipulation  |
\*---------------------------------------------------------------------------*/
FoamFile
{
    format      ascii;
    class       volVectorField;
    location    "1.485";
    object      Ua;
}
// * * * * * * * * * * * * * * * * * * * * * * * * * * * * * * * * * * * * * //

dimensions      [0 1 -1 0 0 0 0];

internalField   nonuniform List<vector> 
100
(
(0.00712548 0 0)
(0.014237 0 0)
(0.0142088 0 0)
(0.0141801 0 0)
(0.0141512 0 0)
(0.0141223 0 0)
(0.0140933 0 0)
(0.0140644 0 0)
(0.0140355 0 0)
(0.0140066 0 0)
(0.0139778 0 0)
(0.013949 0 0)
(0.0139202 0 0)
(0.0138916 0 0)
(0.0138629 0 0)
(0.0138343 0 0)
(0.0138057 0 0)
(0.0137772 0 0)
(0.0137487 0 0)
(0.0137202 0 0)
(0.0136917 0 0)
(0.0136633 0 0)
(0.0136349 0 0)
(0.0136065 0 0)
(0.0135781 0 0)
(0.0135497 0 0)
(0.0135213 0 0)
(0.013493 0 0)
(0.0134646 0 0)
(0.0134362 0 0)
(0.0134079 0 0)
(0.0133795 0 0)
(0.0133511 0 0)
(0.0133228 0 0)
(0.0132944 0 0)
(0.013266 0 0)
(0.0132376 0 0)
(0.0132091 0 0)
(0.0131807 0 0)
(0.0131522 0 0)
(0.0131237 0 0)
(0.0130952 0 0)
(0.0130666 0 0)
(0.013038 0 0)
(0.0130094 0 0)
(0.0129808 0 0)
(0.0129521 0 0)
(0.0129234 0 0)
(0.0128946 0 0)
(0.0128658 0 0)
(0.012837 0 0)
(0.0128081 0 0)
(0.0127791 0 0)
(0.0127501 0 0)
(0.0127211 0 0)
(0.012692 0 0)
(0.0126628 0 0)
(0.0126336 0 0)
(0.0126043 0 0)
(0.012575 0 0)
(0.0125456 0 0)
(0.0125161 0 0)
(0.0124865 0 0)
(0.0124569 0 0)
(0.0124272 0 0)
(0.0123974 0 0)
(0.0123675 0 0)
(0.0123375 0 0)
(0.0123074 0 0)
(0.0122773 0 0)
(0.012247 0 0)
(0.0122166 0 0)
(0.0121861 0 0)
(0.0121555 0 0)
(0.0121248 0 0)
(0.0120939 0 0)
(0.0120629 0 0)
(0.0120318 0 0)
(0.0120005 0 0)
(0.011969 0 0)
(0.0119374 0 0)
(0.0119056 0 0)
(0.0118736 0 0)
(0.0118414 0 0)
(0.011809 0 0)
(0.0117764 0 0)
(0.0117435 0 0)
(0.0117104 0 0)
(0.011677 0 0)
(0.0116433 0 0)
(0.0116092 0 0)
(0.0115748 0 0)
(0.01154 0 0)
(0.0115047 0 0)
(0.011469 0 0)
(0.0114327 0 0)
(0.0113959 0 0)
(0.0113584 0 0)
(0.0113201 0 0)
(0.0112809 0 0)
)
;

boundaryField
{
    inlet
    {
        type            fixedValue;
        value           uniform (0 0 0);
    }
    outlet
    {
        type            zeroGradient;
    }
    yzfaces
    {
        type            empty;
    }
}


// ************************************************************************* //
