/*--------------------------------*- C++ -*----------------------------------*\
  =========                 |
  \\      /  F ield         | OpenFOAM: The Open Source CFD Toolbox
   \\    /   O peration     | Website:  https://openfoam.org
    \\  /    A nd           | Version:  10
     \\/     M anipulation  |
\*---------------------------------------------------------------------------*/
FoamFile
{
    format      ascii;
    class       volVectorField;
    location    "1.485";
    object      Ub;
}
// * * * * * * * * * * * * * * * * * * * * * * * * * * * * * * * * * * * * * //

dimensions      [0 1 -1 0 0 0 0];

internalField   nonuniform List<vector> 
100
(
(1.31318e-05 0 0)
(4.02344e-05 0 0)
(6.84809e-05 0 0)
(9.71628e-05 0 0)
(0.00012603 0 0)
(0.00015497 0 0)
(0.000183925 0 0)
(0.000212866 0 0)
(0.000241776 0 0)
(0.000270646 0 0)
(0.000299472 0 0)
(0.000328253 0 0)
(0.000356989 0 0)
(0.000385681 0 0)
(0.000414331 0 0)
(0.000442943 0 0)
(0.000471518 0 0)
(0.00050006 0 0)
(0.000528571 0 0)
(0.000557054 0 0)
(0.000585513 0 0)
(0.00061395 0 0)
(0.000642367 0 0)
(0.000670769 0 0)
(0.000699157 0 0)
(0.000727535 0 0)
(0.000755904 0 0)
(0.000784268 0 0)
(0.000812628 0 0)
(0.000840988 0 0)
(0.000869349 0 0)
(0.000897715 0 0)
(0.000926086 0 0)
(0.000954466 0 0)
(0.000982857 0 0)
(0.00101126 0 0)
(0.00103968 0 0)
(0.00106811 0 0)
(0.00109657 0 0)
(0.00112504 0 0)
(0.00115354 0 0)
(0.00118207 0 0)
(0.00121062 0 0)
(0.0012392 0 0)
(0.00126782 0 0)
(0.00129646 0 0)
(0.00132514 0 0)
(0.00135386 0 0)
(0.00138262 0 0)
(0.00141143 0 0)
(0.00144027 0 0)
(0.00146916 0 0)
(0.00149811 0 0)
(0.0015271 0 0)
(0.00155614 0 0)
(0.00158524 0 0)
(0.0016144 0 0)
(0.00164362 0 0)
(0.0016729 0 0)
(0.00170224 0 0)
(0.00173166 0 0)
(0.00176114 0 0)
(0.0017907 0 0)
(0.00182034 0 0)
(0.00185006 0 0)
(0.00187986 0 0)
(0.00190974 0 0)
(0.00193972 0 0)
(0.00196979 0 0)
(0.00199996 0 0)
(0.00203024 0 0)
(0.00206062 0 0)
(0.00209111 0 0)
(0.00212173 0 0)
(0.00215246 0 0)
(0.00218333 0 0)
(0.00221433 0 0)
(0.00224547 0 0)
(0.00227676 0 0)
(0.00230822 0 0)
(0.00233984 0 0)
(0.00237163 0 0)
(0.00240362 0 0)
(0.00243581 0 0)
(0.00246821 0 0)
(0.00250083 0 0)
(0.00253371 0 0)
(0.00256684 0 0)
(0.00260026 0 0)
(0.00263398 0 0)
(0.00266803 0 0)
(0.00270245 0 0)
(0.00273726 0 0)
(0.00277251 0 0)
(0.00280824 0 0)
(0.0028445 0 0)
(0.00288136 0 0)
(0.00291888 0 0)
(0.00295716 0 0)
(0.00299631 0 0)
)
;

boundaryField
{
    inlet
    {
        type            fixedValue;
        value           uniform (0 0 0);
    }
    outlet
    {
        type            zeroGradient;
    }
    yzfaces
    {
        type            empty;
    }
}


// ************************************************************************* //
