/*--------------------------------*- C++ -*----------------------------------*\
  =========                 |
  \\      /  F ield         | OpenFOAM: The Open Source CFD Toolbox
   \\    /   O peration     | Website:  https://openfoam.org
    \\  /    A nd           | Version:  10
     \\/     M anipulation  |
\*---------------------------------------------------------------------------*/
FoamFile
{
    format      ascii;
    class       volVectorField;
    location    "1.43";
    object      Ua;
}
// * * * * * * * * * * * * * * * * * * * * * * * * * * * * * * * * * * * * * //

dimensions      [0 1 -1 0 0 0 0];

internalField   nonuniform List<vector> 
100
(
(0.00712509 0 0)
(0.0142357 0 0)
(0.0142063 0 0)
(0.0141765 0 0)
(0.0141465 0 0)
(0.0141164 0 0)
(0.0140864 0 0)
(0.0140563 0 0)
(0.0140263 0 0)
(0.0139964 0 0)
(0.0139664 0 0)
(0.0139366 0 0)
(0.0139068 0 0)
(0.013877 0 0)
(0.0138472 0 0)
(0.0138176 0 0)
(0.0137879 0 0)
(0.0137583 0 0)
(0.0137287 0 0)
(0.0136991 0 0)
(0.0136696 0 0)
(0.0136401 0 0)
(0.0136106 0 0)
(0.0135811 0 0)
(0.0135516 0 0)
(0.0135221 0 0)
(0.0134927 0 0)
(0.0134632 0 0)
(0.0134337 0 0)
(0.0134043 0 0)
(0.0133748 0 0)
(0.0133453 0 0)
(0.0133159 0 0)
(0.0132864 0 0)
(0.0132569 0 0)
(0.0132273 0 0)
(0.0131978 0 0)
(0.0131682 0 0)
(0.0131386 0 0)
(0.013109 0 0)
(0.0130793 0 0)
(0.0130497 0 0)
(0.0130199 0 0)
(0.0129902 0 0)
(0.0129604 0 0)
(0.0129306 0 0)
(0.0129007 0 0)
(0.0128708 0 0)
(0.0128408 0 0)
(0.0128108 0 0)
(0.0127807 0 0)
(0.0127506 0 0)
(0.0127204 0 0)
(0.0126902 0 0)
(0.0126599 0 0)
(0.0126295 0 0)
(0.0125991 0 0)
(0.0125686 0 0)
(0.012538 0 0)
(0.0125073 0 0)
(0.0124766 0 0)
(0.0124457 0 0)
(0.0124148 0 0)
(0.0123838 0 0)
(0.0123527 0 0)
(0.0123214 0 0)
(0.0122901 0 0)
(0.0122587 0 0)
(0.0122272 0 0)
(0.0121955 0 0)
(0.0121637 0 0)
(0.0121318 0 0)
(0.0120997 0 0)
(0.0120675 0 0)
(0.0120351 0 0)
(0.0120026 0 0)
(0.0119699 0 0)
(0.011937 0 0)
(0.0119039 0 0)
(0.0118706 0 0)
(0.0118371 0 0)
(0.0118033 0 0)
(0.0117693 0 0)
(0.011735 0 0)
(0.0117004 0 0)
(0.0116655 0 0)
(0.0116303 0 0)
(0.0115947 0 0)
(0.0115587 0 0)
(0.0115222 0 0)
(0.0114852 0 0)
(0.0114477 0 0)
(0.0114095 0 0)
(0.0113706 0 0)
(0.011331 0 0)
(0.0112904 0 0)
(0.0112488 0 0)
(0.011206 0 0)
(0.0111618 0 0)
(0.0111159 0 0)
)
;

boundaryField
{
    inlet
    {
        type            fixedValue;
        value           uniform (0 0 0);
    }
    outlet
    {
        type            zeroGradient;
    }
    yzfaces
    {
        type            empty;
    }
}


// ************************************************************************* //
