/*--------------------------------*- C++ -*----------------------------------*\
  =========                 |
  \\      /  F ield         | OpenFOAM: The Open Source CFD Toolbox
   \\    /   O peration     | Website:  https://openfoam.org
    \\  /    A nd           | Version:  10
     \\/     M anipulation  |
\*---------------------------------------------------------------------------*/
FoamFile
{
    format      ascii;
    class       volVectorField;
    location    "1.43";
    object      Ub;
}
// * * * * * * * * * * * * * * * * * * * * * * * * * * * * * * * * * * * * * //

dimensions      [0 1 -1 0 0 0 0];

internalField   nonuniform List<vector> 
100
(
(1.36805e-05 0 0)
(4.18949e-05 0 0)
(7.12683e-05 0 0)
(0.000101075 0 0)
(0.000131062 0 0)
(0.000161114 0 0)
(0.000191177 0 0)
(0.00022122 0 0)
(0.000251227 0 0)
(0.00028119 0 0)
(0.000311106 0 0)
(0.000340974 0 0)
(0.000370795 0 0)
(0.00040057 0 0)
(0.000430302 0 0)
(0.000459994 0 0)
(0.00048965 0 0)
(0.000519271 0 0)
(0.000548863 0 0)
(0.000578427 0 0)
(0.000607967 0 0)
(0.000637487 0 0)
(0.000666989 0 0)
(0.000696477 0 0)
(0.000725953 0 0)
(0.00075542 0 0)
(0.000784882 0 0)
(0.000814341 0 0)
(0.000843799 0 0)
(0.00087326 0 0)
(0.000902726 0 0)
(0.0009322 0 0)
(0.000961683 0 0)
(0.000991179 0 0)
(0.00102069 0 0)
(0.00105022 0 0)
(0.00107977 0 0)
(0.00110934 0 0)
(0.00113893 0 0)
(0.00116855 0 0)
(0.0011982 0 0)
(0.00122788 0 0)
(0.0012576 0 0)
(0.00128735 0 0)
(0.00131714 0 0)
(0.00134697 0 0)
(0.00137684 0 0)
(0.00140676 0 0)
(0.00143672 0 0)
(0.00146674 0 0)
(0.00149681 0 0)
(0.00152693 0 0)
(0.00155711 0 0)
(0.00158736 0 0)
(0.00161766 0 0)
(0.00164803 0 0)
(0.00167848 0 0)
(0.00170899 0 0)
(0.00173958 0 0)
(0.00177025 0 0)
(0.00180099 0 0)
(0.00183183 0 0)
(0.00186275 0 0)
(0.00189377 0 0)
(0.00192488 0 0)
(0.0019561 0 0)
(0.00198742 0 0)
(0.00201885 0 0)
(0.00205039 0 0)
(0.00208206 0 0)
(0.00211386 0 0)
(0.00214579 0 0)
(0.00217786 0 0)
(0.00221007 0 0)
(0.00224245 0 0)
(0.00227498 0 0)
(0.00230769 0 0)
(0.00234059 0 0)
(0.00237368 0 0)
(0.00240697 0 0)
(0.00244049 0 0)
(0.00247425 0 0)
(0.00250825 0 0)
(0.00254253 0 0)
(0.00257711 0 0)
(0.002612 0 0)
(0.00264724 0 0)
(0.00268285 0 0)
(0.00271888 0 0)
(0.00275536 0 0)
(0.00279234 0 0)
(0.00282988 0 0)
(0.00286804 0 0)
(0.0029069 0 0)
(0.00294656 0 0)
(0.00298712 0 0)
(0.00302873 0 0)
(0.00307155 0 0)
(0.00311578 0 0)
(0.00316168 0 0)
)
;

boundaryField
{
    inlet
    {
        type            fixedValue;
        value           uniform (0 0 0);
    }
    outlet
    {
        type            zeroGradient;
    }
    yzfaces
    {
        type            empty;
    }
}


// ************************************************************************* //
