/*--------------------------------*- C++ -*----------------------------------*\
  =========                 |
  \\      /  F ield         | OpenFOAM: The Open Source CFD Toolbox
   \\    /   O peration     | Website:  https://openfoam.org
    \\  /    A nd           | Version:  10
     \\/     M anipulation  |
\*---------------------------------------------------------------------------*/
FoamFile
{
    format      ascii;
    class       volVectorField;
    location    "0.835";
    object      Ua;
}
// * * * * * * * * * * * * * * * * * * * * * * * * * * * * * * * * * * * * * //

dimensions      [0 1 -1 0 0 0 0];

internalField   nonuniform List<vector> 
100
(
(0.00711614 0 0)
(0.0142069 0 0)
(0.0141559 0 0)
(0.0141046 0 0)
(0.0140533 0 0)
(0.014002 0 0)
(0.0139508 0 0)
(0.0138997 0 0)
(0.0138487 0 0)
(0.0137978 0 0)
(0.013747 0 0)
(0.0136962 0 0)
(0.0136455 0 0)
(0.0135948 0 0)
(0.0135441 0 0)
(0.0134934 0 0)
(0.0134427 0 0)
(0.013392 0 0)
(0.0133413 0 0)
(0.0132905 0 0)
(0.0132396 0 0)
(0.0131886 0 0)
(0.0131376 0 0)
(0.0130864 0 0)
(0.0130352 0 0)
(0.0129838 0 0)
(0.0129323 0 0)
(0.0128806 0 0)
(0.0128287 0 0)
(0.0127767 0 0)
(0.0127244 0 0)
(0.0126719 0 0)
(0.0126192 0 0)
(0.0125663 0 0)
(0.012513 0 0)
(0.0124595 0 0)
(0.0124057 0 0)
(0.0123515 0 0)
(0.0122969 0 0)
(0.0122419 0 0)
(0.0121865 0 0)
(0.0121306 0 0)
(0.0120742 0 0)
(0.0120172 0 0)
(0.0119595 0 0)
(0.0119012 0 0)
(0.011842 0 0)
(0.011782 0 0)
(0.011721 0 0)
(0.0116588 0 0)
(0.0115954 0 0)
(0.0115303 0 0)
(0.0114636 0 0)
(0.0113946 0 0)
(0.0113232 0 0)
(0.0112485 0 0)
(0.01117 0 0)
(0.0110865 0 0)
(0.0109965 0 0)
(0.0108977 0 0)
(0.0107868 0 0)
(0.0106583 0 0)
(0.0105028 0 0)
(0.0103027 0 0)
(0.0100209 0 0)
(0.00956445 0 0)
(0.0086233 0 0)
(0.00579524 0 0)
(0.00181522 0 0)
(5.46738e-06 0 0)
(8.95117e-16 0 0)
(0 0 0)
(0 0 0)
(0 0 0)
(0 0 0)
(0 0 0)
(0 0 0)
(0 0 0)
(0 0 0)
(0 0 0)
(0 0 0)
(0 0 0)
(0 0 0)
(0 0 0)
(0 0 0)
(0 0 0)
(0 0 0)
(0 0 0)
(0 0 0)
(0 0 0)
(0 0 0)
(0 0 0)
(0 0 0)
(0 0 0)
(0 0 0)
(0 0 0)
(0 0 0)
(0 0 0)
(0 0 0)
(0 0 0)
)
;

boundaryField
{
    inlet
    {
        type            fixedValue;
        value           uniform (0 0 0);
    }
    outlet
    {
        type            zeroGradient;
    }
    yzfaces
    {
        type            empty;
    }
}


// ************************************************************************* //
