/*--------------------------------*- C++ -*----------------------------------*\
  =========                 |
  \\      /  F ield         | OpenFOAM: The Open Source CFD Toolbox
   \\    /   O peration     | Website:  https://openfoam.org
    \\  /    A nd           | Version:  10
     \\/     M anipulation  |
\*---------------------------------------------------------------------------*/
FoamFile
{
    format      ascii;
    class       volVectorField;
    location    "0.835";
    object      Ub;
}
// * * * * * * * * * * * * * * * * * * * * * * * * * * * * * * * * * * * * * //

dimensions      [0 1 -1 0 0 0 0];

internalField   nonuniform List<vector> 
100
(
(2.43325e-05 0 0)
(7.4019e-05 0 0)
(0.000124996 0 0)
(0.000176303 0 0)
(0.000227653 0 0)
(0.000278946 0 0)
(0.000330144 0 0)
(0.00038124 0 0)
(0.000432236 0 0)
(0.000483144 0 0)
(0.000533976 0 0)
(0.000584748 0 0)
(0.000635475 0 0)
(0.00068617 0 0)
(0.000736849 0 0)
(0.000787527 0 0)
(0.000838216 0 0)
(0.000888931 0 0)
(0.000939685 0 0)
(0.000990492 0 0)
(0.00104136 0 0)
(0.00109231 0 0)
(0.00114335 0 0)
(0.0011945 0 0)
(0.00124576 0 0)
(0.00129715 0 0)
(0.00134868 0 0)
(0.00140038 0 0)
(0.00145224 0 0)
(0.00150429 0 0)
(0.00155654 0 0)
(0.00160901 0 0)
(0.00166172 0 0)
(0.00171468 0 0)
(0.00176791 0 0)
(0.00182144 0 0)
(0.00187529 0 0)
(0.00192949 0 0)
(0.00198406 0 0)
(0.00203904 0 0)
(0.00209445 0 0)
(0.00215035 0 0)
(0.00220678 0 0)
(0.00226378 0 0)
(0.00232142 0 0)
(0.00237977 0 0)
(0.0024389 0 0)
(0.00249893 0 0)
(0.00255995 0 0)
(0.00262212 0 0)
(0.0026856 0 0)
(0.0027506 0 0)
(0.00281739 0 0)
(0.00288631 0 0)
(0.00295779 0 0)
(0.00303241 0 0)
(0.00311094 0 0)
(0.00319446 0 0)
(0.00328448 0 0)
(0.00338323 0 0)
(0.00349411 0 0)
(0.0036226 0 0)
(0.00377812 0 0)
(0.00397824 0 0)
(0.00426002 0 0)
(0.0047165 0 0)
(0.00565764 0 0)
(0.00848571 0 0)
(0.0124657 0 0)
(0.0142755 0 0)
(0.0142809 0 0)
(0.0142809 0 0)
(0.0142809 0 0)
(0.0142809 0 0)
(0.0142809 0 0)
(0.0142809 0 0)
(0.0142809 0 0)
(0.0142809 0 0)
(0.0142809 0 0)
(0.0142809 0 0)
(0.0142809 0 0)
(0.0142809 0 0)
(0.0142809 0 0)
(0.0142809 0 0)
(0.0142809 0 0)
(0.0142809 0 0)
(0.0142809 0 0)
(0.0142809 0 0)
(0.0142809 0 0)
(0.0142809 0 0)
(0.0142809 0 0)
(0.0142809 0 0)
(0.0142809 0 0)
(0.0142809 0 0)
(0.0142809 0 0)
(0.0142809 0 0)
(0.0142809 0 0)
(0.0142809 0 0)
(0.0142809 0 0)
(0.0142809 0 0)
)
;

boundaryField
{
    inlet
    {
        type            fixedValue;
        value           uniform (0 0 0);
    }
    outlet
    {
        type            zeroGradient;
    }
    yzfaces
    {
        type            empty;
    }
}


// ************************************************************************* //
