/*--------------------------------*- C++ -*----------------------------------*\
  =========                 |
  \\      /  F ield         | OpenFOAM: The Open Source CFD Toolbox
   \\    /   O peration     | Website:  https://openfoam.org
    \\  /    A nd           | Version:  10
     \\/     M anipulation  |
\*---------------------------------------------------------------------------*/
FoamFile
{
    format      ascii;
    class       volVectorField;
    location    "0.12";
    object      Ub;
}
// * * * * * * * * * * * * * * * * * * * * * * * * * * * * * * * * * * * * * //

dimensions      [0 1 -1 0 0 0 0];

internalField   nonuniform List<vector> 
100
(
(0.00017906 0 0)
(0.000539538 0 0)
(0.000906445 0 0)
(0.00128448 0 0)
(0.0016809 0 0)
(0.00210691 0 0)
(0.00258242 0 0)
(0.00314905 0 0)
(0.0039136 0 0)
(0.00525053 0 0)
(0.00880601 0 0)
(0.0128793 0 0)
(0.0142839 0 0)
(0.014285 0 0)
(0.014285 0 0)
(0.014285 0 0)
(0.014285 0 0)
(0.014285 0 0)
(0.014285 0 0)
(0.014285 0 0)
(0.014285 0 0)
(0.014285 0 0)
(0.014285 0 0)
(0.014285 0 0)
(0.014285 0 0)
(0.014285 0 0)
(0.014285 0 0)
(0.014285 0 0)
(0.014285 0 0)
(0.014285 0 0)
(0.014285 0 0)
(0.014285 0 0)
(0.014285 0 0)
(0.014285 0 0)
(0.014285 0 0)
(0.014285 0 0)
(0.014285 0 0)
(0.014285 0 0)
(0.014285 0 0)
(0.014285 0 0)
(0.014285 0 0)
(0.014285 0 0)
(0.014285 0 0)
(0.014285 0 0)
(0.014285 0 0)
(0.014285 0 0)
(0.014285 0 0)
(0.014285 0 0)
(0.014285 0 0)
(0.014285 0 0)
(0.014285 0 0)
(0.014285 0 0)
(0.014285 0 0)
(0.014285 0 0)
(0.014285 0 0)
(0.014285 0 0)
(0.014285 0 0)
(0.014285 0 0)
(0.014285 0 0)
(0.014285 0 0)
(0.014285 0 0)
(0.014285 0 0)
(0.014285 0 0)
(0.014285 0 0)
(0.014285 0 0)
(0.014285 0 0)
(0.014285 0 0)
(0.014285 0 0)
(0.014285 0 0)
(0.014285 0 0)
(0.014285 0 0)
(0.014285 0 0)
(0.014285 0 0)
(0.014285 0 0)
(0.014285 0 0)
(0.014285 0 0)
(0.014285 0 0)
(0.014285 0 0)
(0.014285 0 0)
(0.014285 0 0)
(0.014285 0 0)
(0.014285 0 0)
(0.014285 0 0)
(0.014285 0 0)
(0.014285 0 0)
(0.014285 0 0)
(0.014285 0 0)
(0.014285 0 0)
(0.014285 0 0)
(0.014285 0 0)
(0.014285 0 0)
(0.014285 0 0)
(0.014285 0 0)
(0.014285 0 0)
(0.014285 0 0)
(0.014285 0 0)
(0.014285 0 0)
(0.014285 0 0)
(0.014285 0 0)
(0.014285 0 0)
)
;

boundaryField
{
    inlet
    {
        type            fixedValue;
        value           uniform (0 0 0);
    }
    outlet
    {
        type            zeroGradient;
    }
    yzfaces
    {
        type            empty;
    }
}


// ************************************************************************* //
