/*--------------------------------*- C++ -*----------------------------------*\
  =========                 |
  \\      /  F ield         | OpenFOAM: The Open Source CFD Toolbox
   \\    /   O peration     | Website:  https://openfoam.org
    \\  /    A nd           | Version:  10
     \\/     M anipulation  |
\*---------------------------------------------------------------------------*/
FoamFile
{
    format      ascii;
    class       volVectorField;
    location    "0.245";
    object      Ub;
}
// * * * * * * * * * * * * * * * * * * * * * * * * * * * * * * * * * * * * * //

dimensions      [0 1 -1 0 0 0 0];

internalField   nonuniform List<vector> 
100
(
(8.66179e-05 0 0)
(0.000260682 0 0)
(0.000435645 0 0)
(0.00061087 0 0)
(0.000786731 0 0)
(0.000963774 0 0)
(0.00114261 0 0)
(0.00132391 0 0)
(0.00150846 0 0)
(0.00169721 0 0)
(0.00189138 0 0)
(0.00209261 0 0)
(0.0023032 0 0)
(0.00252663 0 0)
(0.00276836 0 0)
(0.00303771 0 0)
(0.00335204 0 0)
(0.00374782 0 0)
(0.00431653 0 0)
(0.00536211 0 0)
(0.0082708 0 0)
(0.0123748 0 0)
(0.0142779 0 0)
(0.0142843 0 0)
(0.0142843 0 0)
(0.0142843 0 0)
(0.0142843 0 0)
(0.0142843 0 0)
(0.0142843 0 0)
(0.0142843 0 0)
(0.0142843 0 0)
(0.0142843 0 0)
(0.0142843 0 0)
(0.0142843 0 0)
(0.0142843 0 0)
(0.0142843 0 0)
(0.0142843 0 0)
(0.0142843 0 0)
(0.0142843 0 0)
(0.0142843 0 0)
(0.0142843 0 0)
(0.0142843 0 0)
(0.0142843 0 0)
(0.0142843 0 0)
(0.0142843 0 0)
(0.0142843 0 0)
(0.0142843 0 0)
(0.0142843 0 0)
(0.0142843 0 0)
(0.0142843 0 0)
(0.0142843 0 0)
(0.0142843 0 0)
(0.0142843 0 0)
(0.0142843 0 0)
(0.0142843 0 0)
(0.0142843 0 0)
(0.0142843 0 0)
(0.0142843 0 0)
(0.0142843 0 0)
(0.0142843 0 0)
(0.0142843 0 0)
(0.0142843 0 0)
(0.0142843 0 0)
(0.0142843 0 0)
(0.0142843 0 0)
(0.0142843 0 0)
(0.0142843 0 0)
(0.0142843 0 0)
(0.0142843 0 0)
(0.0142843 0 0)
(0.0142843 0 0)
(0.0142843 0 0)
(0.0142843 0 0)
(0.0142843 0 0)
(0.0142843 0 0)
(0.0142843 0 0)
(0.0142843 0 0)
(0.0142843 0 0)
(0.0142843 0 0)
(0.0142843 0 0)
(0.0142843 0 0)
(0.0142843 0 0)
(0.0142843 0 0)
(0.0142843 0 0)
(0.0142843 0 0)
(0.0142843 0 0)
(0.0142843 0 0)
(0.0142843 0 0)
(0.0142843 0 0)
(0.0142843 0 0)
(0.0142843 0 0)
(0.0142843 0 0)
(0.0142843 0 0)
(0.0142843 0 0)
(0.0142843 0 0)
(0.0142843 0 0)
(0.0142843 0 0)
(0.0142843 0 0)
(0.0142843 0 0)
(0.0142843 0 0)
)
;

boundaryField
{
    inlet
    {
        type            fixedValue;
        value           uniform (0 0 0);
    }
    outlet
    {
        type            zeroGradient;
    }
    yzfaces
    {
        type            empty;
    }
}


// ************************************************************************* //
