/*--------------------------------*- C++ -*----------------------------------*\
  =========                 |
  \\      /  F ield         | OpenFOAM: The Open Source CFD Toolbox
   \\    /   O peration     | Website:  https://openfoam.org
    \\  /    A nd           | Version:  10
     \\/     M anipulation  |
\*---------------------------------------------------------------------------*/
FoamFile
{
    format      ascii;
    class       volVectorField;
    location    "0.59";
    object      Ua;
}
// * * * * * * * * * * * * * * * * * * * * * * * * * * * * * * * * * * * * * //

dimensions      [0 1 -1 0 0 0 0];

internalField   nonuniform List<vector> 
100
(
(0.00710613 0 0)
(0.0141762 0 0)
(0.0141038 0 0)
(0.0140312 0 0)
(0.0139587 0 0)
(0.0138863 0 0)
(0.0138141 0 0)
(0.013742 0 0)
(0.01367 0 0)
(0.013598 0 0)
(0.013526 0 0)
(0.013454 0 0)
(0.0133819 0 0)
(0.0133097 0 0)
(0.0132373 0 0)
(0.0131647 0 0)
(0.0130919 0 0)
(0.0130187 0 0)
(0.0129453 0 0)
(0.0128715 0 0)
(0.0127973 0 0)
(0.0127227 0 0)
(0.0126475 0 0)
(0.0125717 0 0)
(0.0124953 0 0)
(0.0124182 0 0)
(0.0123404 0 0)
(0.0122616 0 0)
(0.0121818 0 0)
(0.0121009 0 0)
(0.0120187 0 0)
(0.0119349 0 0)
(0.0118495 0 0)
(0.011762 0 0)
(0.0116721 0 0)
(0.0115793 0 0)
(0.011483 0 0)
(0.0113821 0 0)
(0.0112756 0 0)
(0.0111616 0 0)
(0.0110374 0 0)
(0.010899 0 0)
(0.0107393 0 0)
(0.0105462 0 0)
(0.0102958 0 0)
(0.00993393 0 0)
(0.00930946 0 0)
(0.00782578 0 0)
(0.00379028 0 0)
(0.000416147 0 0)
(7.04477e-09 0 0)
(0 0 0)
(0 0 0)
(0 0 0)
(0 0 0)
(0 0 0)
(0 0 0)
(0 0 0)
(0 0 0)
(0 0 0)
(0 0 0)
(0 0 0)
(0 0 0)
(0 0 0)
(0 0 0)
(0 0 0)
(0 0 0)
(0 0 0)
(0 0 0)
(0 0 0)
(0 0 0)
(0 0 0)
(0 0 0)
(0 0 0)
(0 0 0)
(0 0 0)
(0 0 0)
(0 0 0)
(0 0 0)
(0 0 0)
(0 0 0)
(0 0 0)
(0 0 0)
(0 0 0)
(0 0 0)
(0 0 0)
(0 0 0)
(0 0 0)
(0 0 0)
(0 0 0)
(0 0 0)
(0 0 0)
(0 0 0)
(0 0 0)
(0 0 0)
(0 0 0)
(0 0 0)
(0 0 0)
(0 0 0)
(0 0 0)
)
;

boundaryField
{
    inlet
    {
        type            fixedValue;
        value           uniform (0 0 0);
    }
    outlet
    {
        type            zeroGradient;
    }
    yzfaces
    {
        type            empty;
    }
}


// ************************************************************************* //
