/*--------------------------------*- C++ -*----------------------------------*\
  =========                 |
  \\      /  F ield         | OpenFOAM: The Open Source CFD Toolbox
   \\    /   O peration     | Website:  https://openfoam.org
    \\  /    A nd           | Version:  10
     \\/     M anipulation  |
\*---------------------------------------------------------------------------*/
FoamFile
{
    format      ascii;
    class       volVectorField;
    location    "0.59";
    object      Ub;
}
// * * * * * * * * * * * * * * * * * * * * * * * * * * * * * * * * * * * * * //

dimensions      [0 1 -1 0 0 0 0];

internalField   nonuniform List<vector> 
100
(
(3.50442e-05 0 0)
(0.000106193 0 0)
(0.000178593 0 0)
(0.000251169 0 0)
(0.000323662 0 0)
(0.000396011 0 0)
(0.000468219 0 0)
(0.000540314 0 0)
(0.000612332 0 0)
(0.000684314 0 0)
(0.000756299 0 0)
(0.000828327 0 0)
(0.000900439 0 0)
(0.000972673 0 0)
(0.00104507 0 0)
(0.00111766 0 0)
(0.00119049 0 0)
(0.0012636 0 0)
(0.00133703 0 0)
(0.00141083 0 0)
(0.00148503 0 0)
(0.0015597 0 0)
(0.00163487 0 0)
(0.00171062 0 0)
(0.001787 0 0)
(0.0018641 0 0)
(0.00194198 0 0)
(0.00202077 0 0)
(0.00210055 0 0)
(0.00218147 0 0)
(0.00226369 0 0)
(0.00234741 0 0)
(0.00243285 0 0)
(0.00252033 0 0)
(0.00261022 0 0)
(0.00270302 0 0)
(0.00279939 0 0)
(0.00290021 0 0)
(0.00300674 0 0)
(0.00312075 0 0)
(0.00324492 0 0)
(0.00338339 0 0)
(0.00354306 0 0)
(0.00373613 0 0)
(0.00398657 0 0)
(0.00434842 0 0)
(0.00497288 0 0)
(0.00645657 0 0)
(0.0104921 0 0)
(0.0138662 0 0)
(0.0142823 0 0)
(0.0142823 0 0)
(0.0142823 0 0)
(0.0142823 0 0)
(0.0142823 0 0)
(0.0142823 0 0)
(0.0142823 0 0)
(0.0142823 0 0)
(0.0142823 0 0)
(0.0142823 0 0)
(0.0142823 0 0)
(0.0142823 0 0)
(0.0142823 0 0)
(0.0142823 0 0)
(0.0142823 0 0)
(0.0142823 0 0)
(0.0142823 0 0)
(0.0142823 0 0)
(0.0142823 0 0)
(0.0142823 0 0)
(0.0142823 0 0)
(0.0142823 0 0)
(0.0142823 0 0)
(0.0142823 0 0)
(0.0142823 0 0)
(0.0142823 0 0)
(0.0142823 0 0)
(0.0142823 0 0)
(0.0142823 0 0)
(0.0142823 0 0)
(0.0142823 0 0)
(0.0142823 0 0)
(0.0142823 0 0)
(0.0142823 0 0)
(0.0142823 0 0)
(0.0142823 0 0)
(0.0142823 0 0)
(0.0142823 0 0)
(0.0142823 0 0)
(0.0142823 0 0)
(0.0142823 0 0)
(0.0142823 0 0)
(0.0142823 0 0)
(0.0142823 0 0)
(0.0142823 0 0)
(0.0142823 0 0)
(0.0142823 0 0)
(0.0142823 0 0)
(0.0142823 0 0)
(0.0142823 0 0)
)
;

boundaryField
{
    inlet
    {
        type            fixedValue;
        value           uniform (0 0 0);
    }
    outlet
    {
        type            zeroGradient;
    }
    yzfaces
    {
        type            empty;
    }
}


// ************************************************************************* //
