/*--------------------------------*- C++ -*----------------------------------*\
  =========                 |
  \\      /  F ield         | OpenFOAM: The Open Source CFD Toolbox
   \\    /   O peration     | Website:  https://openfoam.org
    \\  /    A nd           | Version:  10
     \\/     M anipulation  |
\*---------------------------------------------------------------------------*/
FoamFile
{
    format      ascii;
    class       volVectorField;
    location    "0.06";
    object      Ub;
}
// * * * * * * * * * * * * * * * * * * * * * * * * * * * * * * * * * * * * * //

dimensions      [0 1 -1 0 0 0 0];

internalField   nonuniform List<vector> 
100
(
(0.000365859 0 0)
(0.00112352 0 0)
(0.00196544 0 0)
(0.00300513 0 0)
(0.00462562 0 0)
(0.00851834 0 0)
(0.0128317 0 0)
(0.0142843 0 0)
(0.0142854 0 0)
(0.0142854 0 0)
(0.0142854 0 0)
(0.0142854 0 0)
(0.0142854 0 0)
(0.0142854 0 0)
(0.0142854 0 0)
(0.0142854 0 0)
(0.0142854 0 0)
(0.0142854 0 0)
(0.0142854 0 0)
(0.0142854 0 0)
(0.0142854 0 0)
(0.0142854 0 0)
(0.0142854 0 0)
(0.0142854 0 0)
(0.0142854 0 0)
(0.0142854 0 0)
(0.0142854 0 0)
(0.0142854 0 0)
(0.0142854 0 0)
(0.0142854 0 0)
(0.0142854 0 0)
(0.0142854 0 0)
(0.0142854 0 0)
(0.0142854 0 0)
(0.0142854 0 0)
(0.0142854 0 0)
(0.0142854 0 0)
(0.0142854 0 0)
(0.0142854 0 0)
(0.0142854 0 0)
(0.0142854 0 0)
(0.0142854 0 0)
(0.0142854 0 0)
(0.0142854 0 0)
(0.0142854 0 0)
(0.0142854 0 0)
(0.0142854 0 0)
(0.0142854 0 0)
(0.0142854 0 0)
(0.0142854 0 0)
(0.0142854 0 0)
(0.0142854 0 0)
(0.0142854 0 0)
(0.0142854 0 0)
(0.0142854 0 0)
(0.0142854 0 0)
(0.0142854 0 0)
(0.0142854 0 0)
(0.0142854 0 0)
(0.0142854 0 0)
(0.0142854 0 0)
(0.0142854 0 0)
(0.0142854 0 0)
(0.0142854 0 0)
(0.0142854 0 0)
(0.0142854 0 0)
(0.0142854 0 0)
(0.0142854 0 0)
(0.0142854 0 0)
(0.0142854 0 0)
(0.0142854 0 0)
(0.0142854 0 0)
(0.0142854 0 0)
(0.0142854 0 0)
(0.0142854 0 0)
(0.0142854 0 0)
(0.0142854 0 0)
(0.0142854 0 0)
(0.0142854 0 0)
(0.0142854 0 0)
(0.0142854 0 0)
(0.0142854 0 0)
(0.0142854 0 0)
(0.0142854 0 0)
(0.0142854 0 0)
(0.0142854 0 0)
(0.0142854 0 0)
(0.0142854 0 0)
(0.0142854 0 0)
(0.0142854 0 0)
(0.0142854 0 0)
(0.0142854 0 0)
(0.0142854 0 0)
(0.0142854 0 0)
(0.0142854 0 0)
(0.0142854 0 0)
(0.0142854 0 0)
(0.0142854 0 0)
(0.0142854 0 0)
(0.0142854 0 0)
)
;

boundaryField
{
    inlet
    {
        type            fixedValue;
        value           uniform (0 0 0);
    }
    outlet
    {
        type            zeroGradient;
    }
    yzfaces
    {
        type            empty;
    }
}


// ************************************************************************* //
