/*--------------------------------*- C++ -*----------------------------------*\
  =========                 |
  \\      /  F ield         | OpenFOAM: The Open Source CFD Toolbox
   \\    /   O peration     | Website:  https://openfoam.org
    \\  /    A nd           | Version:  10
     \\/     M anipulation  |
\*---------------------------------------------------------------------------*/
FoamFile
{
    format      ascii;
    class       volVectorField;
    location    "1.21";
    object      Ub;
}
// * * * * * * * * * * * * * * * * * * * * * * * * * * * * * * * * * * * * * //

dimensions      [0 1 -1 0 0 0 0];

internalField   nonuniform List<vector> 
100
(
(1.63836e-05 0 0)
(5.00655e-05 0 0)
(8.49658e-05 0 0)
(0.000120283 0 0)
(0.00015575 0 0)
(0.000191251 0 0)
(0.000226733 0 0)
(0.000262169 0 0)
(0.000297548 0 0)
(0.000332865 0 0)
(0.000368121 0 0)
(0.000403317 0 0)
(0.000438458 0 0)
(0.000473548 0 0)
(0.000508591 0 0)
(0.000543594 0 0)
(0.000578561 0 0)
(0.000613497 0 0)
(0.000648409 0 0)
(0.0006833 0 0)
(0.000718175 0 0)
(0.00075304 0 0)
(0.0007879 0 0)
(0.000822758 0 0)
(0.000857619 0 0)
(0.000892488 0 0)
(0.000927369 0 0)
(0.000962266 0 0)
(0.000997183 0 0)
(0.00103212 0 0)
(0.00106709 0 0)
(0.0011021 0 0)
(0.00113713 0 0)
(0.00117221 0 0)
(0.00120733 0 0)
(0.0012425 0 0)
(0.00127773 0 0)
(0.001313 0 0)
(0.00134834 0 0)
(0.00138374 0 0)
(0.00141922 0 0)
(0.00145476 0 0)
(0.00149038 0 0)
(0.00152608 0 0)
(0.00156187 0 0)
(0.00159774 0 0)
(0.00163372 0 0)
(0.00166979 0 0)
(0.00170597 0 0)
(0.00174226 0 0)
(0.00177866 0 0)
(0.00181519 0 0)
(0.00185185 0 0)
(0.00188865 0 0)
(0.00192559 0 0)
(0.00196268 0 0)
(0.00199993 0 0)
(0.00203735 0 0)
(0.00207494 0 0)
(0.00211273 0 0)
(0.00215072 0 0)
(0.00218891 0 0)
(0.00222734 0 0)
(0.002266 0 0)
(0.00230492 0 0)
(0.00234412 0 0)
(0.00238361 0 0)
(0.00242343 0 0)
(0.00246359 0 0)
(0.00250412 0 0)
(0.00254506 0 0)
(0.00258644 0 0)
(0.00262832 0 0)
(0.00267074 0 0)
(0.00271376 0 0)
(0.00275745 0 0)
(0.0028019 0 0)
(0.00284721 0 0)
(0.00289349 0 0)
(0.0029409 0 0)
(0.00298961 0 0)
(0.00303985 0 0)
(0.0030919 0 0)
(0.00314614 0 0)
(0.00320304 0 0)
(0.00326322 0 0)
(0.00332756 0 0)
(0.00339723 0 0)
(0.00347397 0 0)
(0.00356031 0 0)
(0.00366019 0 0)
(0.00378011 0 0)
(0.00393143 0 0)
(0.00413618 0 0)
(0.00444301 0 0)
(0.00498372 0 0)
(0.00625377 0 0)
(0.010018 0 0)
(0.0135721 0 0)
(0.0142787 0 0)
)
;

boundaryField
{
    inlet
    {
        type            fixedValue;
        value           uniform (0 0 0);
    }
    outlet
    {
        type            zeroGradient;
    }
    yzfaces
    {
        type            empty;
    }
}


// ************************************************************************* //
