/*--------------------------------*- C++ -*----------------------------------*\
  =========                 |
  \\      /  F ield         | OpenFOAM: The Open Source CFD Toolbox
   \\    /   O peration     | Website:  https://openfoam.org
    \\  /    A nd           | Version:  10
     \\/     M anipulation  |
\*---------------------------------------------------------------------------*/
FoamFile
{
    format      ascii;
    class       volVectorField;
    location    "1.47";
    object      Ua;
}
// * * * * * * * * * * * * * * * * * * * * * * * * * * * * * * * * * * * * * //

dimensions      [0 1 -1 0 0 0 0];

internalField   nonuniform List<vector> 
100
(
(0.00712538 0 0)
(0.0142366 0 0)
(0.0142081 0 0)
(0.0141791 0 0)
(0.01415 0 0)
(0.0141207 0 0)
(0.0140915 0 0)
(0.0140622 0 0)
(0.014033 0 0)
(0.0140039 0 0)
(0.0139748 0 0)
(0.0139457 0 0)
(0.0139167 0 0)
(0.0138877 0 0)
(0.0138587 0 0)
(0.0138298 0 0)
(0.013801 0 0)
(0.0137722 0 0)
(0.0137434 0 0)
(0.0137146 0 0)
(0.0136858 0 0)
(0.0136571 0 0)
(0.0136284 0 0)
(0.0135997 0 0)
(0.0135711 0 0)
(0.0135424 0 0)
(0.0135137 0 0)
(0.0134851 0 0)
(0.0134564 0 0)
(0.0134278 0 0)
(0.0133991 0 0)
(0.0133705 0 0)
(0.0133418 0 0)
(0.0133131 0 0)
(0.0132844 0 0)
(0.0132557 0 0)
(0.013227 0 0)
(0.0131983 0 0)
(0.0131695 0 0)
(0.0131407 0 0)
(0.0131119 0 0)
(0.0130831 0 0)
(0.0130542 0 0)
(0.0130254 0 0)
(0.0129964 0 0)
(0.0129675 0 0)
(0.0129385 0 0)
(0.0129094 0 0)
(0.0128804 0 0)
(0.0128512 0 0)
(0.0128221 0 0)
(0.0127929 0 0)
(0.0127636 0 0)
(0.0127343 0 0)
(0.0127049 0 0)
(0.0126755 0 0)
(0.012646 0 0)
(0.0126164 0 0)
(0.0125868 0 0)
(0.0125571 0 0)
(0.0125273 0 0)
(0.0124975 0 0)
(0.0124676 0 0)
(0.0124376 0 0)
(0.0124075 0 0)
(0.0123773 0 0)
(0.012347 0 0)
(0.0123167 0 0)
(0.0122862 0 0)
(0.0122557 0 0)
(0.012225 0 0)
(0.0121942 0 0)
(0.0121633 0 0)
(0.0121323 0 0)
(0.0121011 0 0)
(0.0120698 0 0)
(0.0120384 0 0)
(0.0120068 0 0)
(0.011975 0 0)
(0.0119431 0 0)
(0.011911 0 0)
(0.0118787 0 0)
(0.0118462 0 0)
(0.0118135 0 0)
(0.0117805 0 0)
(0.0117473 0 0)
(0.0117139 0 0)
(0.0116801 0 0)
(0.0116461 0 0)
(0.0116117 0 0)
(0.0115769 0 0)
(0.0115417 0 0)
(0.0115061 0 0)
(0.01147 0 0)
(0.0114333 0 0)
(0.0113961 0 0)
(0.0113581 0 0)
(0.0113194 0 0)
(0.0112798 0 0)
(0.0112392 0 0)
)
;

boundaryField
{
    inlet
    {
        type            fixedValue;
        value           uniform (0 0 0);
    }
    outlet
    {
        type            zeroGradient;
    }
    yzfaces
    {
        type            empty;
    }
}


// ************************************************************************* //
