/*--------------------------------*- C++ -*----------------------------------*\
  =========                 |
  \\      /  F ield         | OpenFOAM: The Open Source CFD Toolbox
   \\    /   O peration     | Website:  https://openfoam.org
    \\  /    A nd           | Version:  10
     \\/     M anipulation  |
\*---------------------------------------------------------------------------*/
FoamFile
{
    format      ascii;
    class       volVectorField;
    location    "1.47";
    object      Ub;
}
// * * * * * * * * * * * * * * * * * * * * * * * * * * * * * * * * * * * * * //

dimensions      [0 1 -1 0 0 0 0];

internalField   nonuniform List<vector> 
100
(
(1.32773e-05 0 0)
(4.06748e-05 0 0)
(6.92203e-05 0 0)
(9.82008e-05 0 0)
(0.000127365 0 0)
(0.0001566 0 0)
(0.000185849 0 0)
(0.000215083 0 0)
(0.000244284 0 0)
(0.000273444 0 0)
(0.000302559 0 0)
(0.000331629 0 0)
(0.000360652 0 0)
(0.000389632 0 0)
(0.000418569 0 0)
(0.000447468 0 0)
(0.000476329 0 0)
(0.000505157 0 0)
(0.000533955 0 0)
(0.000562725 0 0)
(0.00059147 0 0)
(0.000620195 0 0)
(0.0006489 0 0)
(0.00067759 0 0)
(0.000706266 0 0)
(0.000734933 0 0)
(0.000763591 0 0)
(0.000792245 0 0)
(0.000820897 0 0)
(0.000849548 0 0)
(0.000878202 0 0)
(0.000906861 0 0)
(0.000935527 0 0)
(0.000964202 0 0)
(0.000992889 0 0)
(0.00102159 0 0)
(0.00105031 0 0)
(0.00107904 0 0)
(0.0011078 0 0)
(0.00113658 0 0)
(0.00116538 0 0)
(0.00119421 0 0)
(0.00122307 0 0)
(0.00125196 0 0)
(0.00128089 0 0)
(0.00130984 0 0)
(0.00133884 0 0)
(0.00136788 0 0)
(0.00139696 0 0)
(0.00142608 0 0)
(0.00145525 0 0)
(0.00148446 0 0)
(0.00151373 0 0)
(0.00154305 0 0)
(0.00157243 0 0)
(0.00160187 0 0)
(0.00163136 0 0)
(0.00166092 0 0)
(0.00169054 0 0)
(0.00172024 0 0)
(0.00175 0 0)
(0.00177984 0 0)
(0.00180976 0 0)
(0.00183976 0 0)
(0.00186984 0 0)
(0.00190001 0 0)
(0.00193027 0 0)
(0.00196063 0 0)
(0.00199109 0 0)
(0.00202165 0 0)
(0.00205232 0 0)
(0.00208311 0 0)
(0.00211401 0 0)
(0.00214504 0 0)
(0.0021762 0 0)
(0.0022075 0 0)
(0.00223894 0 0)
(0.00227053 0 0)
(0.00230229 0 0)
(0.00233421 0 0)
(0.00236632 0 0)
(0.00239862 0 0)
(0.00243112 0 0)
(0.00246383 0 0)
(0.00249678 0 0)
(0.00252998 0 0)
(0.00256344 0 0)
(0.0025972 0 0)
(0.00263126 0 0)
(0.00266566 0 0)
(0.00270043 0 0)
(0.0027356 0 0)
(0.00277122 0 0)
(0.00280733 0 0)
(0.00284398 0 0)
(0.00288124 0 0)
(0.00291919 0 0)
(0.00295791 0 0)
(0.00299752 0 0)
(0.00303814 0 0)
)
;

boundaryField
{
    inlet
    {
        type            fixedValue;
        value           uniform (0 0 0);
    }
    outlet
    {
        type            zeroGradient;
    }
    yzfaces
    {
        type            empty;
    }
}


// ************************************************************************* //
