/*--------------------------------*- C++ -*----------------------------------*\
  =========                 |
  \\      /  F ield         | OpenFOAM: The Open Source CFD Toolbox
   \\    /   O peration     | Website:  https://openfoam.org
    \\  /    A nd           | Version:  10
     \\/     M anipulation  |
\*---------------------------------------------------------------------------*/
FoamFile
{
    format      ascii;
    class       volVectorField;
    location    "0.07";
    object      Ub;
}
// * * * * * * * * * * * * * * * * * * * * * * * * * * * * * * * * * * * * * //

dimensions      [0 1 -1 0 0 0 0];

internalField   nonuniform List<vector> 
100
(
(0.000311507 0 0)
(0.00094985 0 0)
(0.00163581 0 0)
(0.00242113 0 0)
(0.00343576 0 0)
(0.00515693 0 0)
(0.0094136 0 0)
(0.0134113 0 0)
(0.0142852 0 0)
(0.0142853 0 0)
(0.0142853 0 0)
(0.0142853 0 0)
(0.0142853 0 0)
(0.0142853 0 0)
(0.0142853 0 0)
(0.0142853 0 0)
(0.0142853 0 0)
(0.0142853 0 0)
(0.0142853 0 0)
(0.0142853 0 0)
(0.0142853 0 0)
(0.0142853 0 0)
(0.0142853 0 0)
(0.0142853 0 0)
(0.0142853 0 0)
(0.0142853 0 0)
(0.0142853 0 0)
(0.0142853 0 0)
(0.0142853 0 0)
(0.0142853 0 0)
(0.0142853 0 0)
(0.0142853 0 0)
(0.0142853 0 0)
(0.0142853 0 0)
(0.0142853 0 0)
(0.0142853 0 0)
(0.0142853 0 0)
(0.0142853 0 0)
(0.0142853 0 0)
(0.0142853 0 0)
(0.0142853 0 0)
(0.0142853 0 0)
(0.0142853 0 0)
(0.0142853 0 0)
(0.0142853 0 0)
(0.0142853 0 0)
(0.0142853 0 0)
(0.0142853 0 0)
(0.0142853 0 0)
(0.0142853 0 0)
(0.0142853 0 0)
(0.0142853 0 0)
(0.0142853 0 0)
(0.0142853 0 0)
(0.0142853 0 0)
(0.0142853 0 0)
(0.0142853 0 0)
(0.0142853 0 0)
(0.0142853 0 0)
(0.0142853 0 0)
(0.0142853 0 0)
(0.0142853 0 0)
(0.0142853 0 0)
(0.0142853 0 0)
(0.0142853 0 0)
(0.0142853 0 0)
(0.0142853 0 0)
(0.0142853 0 0)
(0.0142853 0 0)
(0.0142853 0 0)
(0.0142853 0 0)
(0.0142853 0 0)
(0.0142853 0 0)
(0.0142853 0 0)
(0.0142853 0 0)
(0.0142853 0 0)
(0.0142853 0 0)
(0.0142853 0 0)
(0.0142853 0 0)
(0.0142853 0 0)
(0.0142853 0 0)
(0.0142853 0 0)
(0.0142853 0 0)
(0.0142853 0 0)
(0.0142853 0 0)
(0.0142853 0 0)
(0.0142853 0 0)
(0.0142853 0 0)
(0.0142853 0 0)
(0.0142853 0 0)
(0.0142853 0 0)
(0.0142853 0 0)
(0.0142853 0 0)
(0.0142853 0 0)
(0.0142853 0 0)
(0.0142853 0 0)
(0.0142853 0 0)
(0.0142853 0 0)
(0.0142853 0 0)
(0.0142853 0 0)
)
;

boundaryField
{
    inlet
    {
        type            fixedValue;
        value           uniform (0 0 0);
    }
    outlet
    {
        type            zeroGradient;
    }
    yzfaces
    {
        type            empty;
    }
}


// ************************************************************************* //
