/*--------------------------------*- C++ -*----------------------------------*\
  =========                 |
  \\      /  F ield         | OpenFOAM: The Open Source CFD Toolbox
   \\    /   O peration     | Website:  https://openfoam.org
    \\  /    A nd           | Version:  10
     \\/     M anipulation  |
\*---------------------------------------------------------------------------*/
FoamFile
{
    format      ascii;
    class       volVectorField;
    location    "0.83";
    object      Ua;
}
// * * * * * * * * * * * * * * * * * * * * * * * * * * * * * * * * * * * * * //

dimensions      [0 1 -1 0 0 0 0];

internalField   nonuniform List<vector> 
100
(
(0.007116 0 0)
(0.0142065 0 0)
(0.0141552 0 0)
(0.0141036 0 0)
(0.0140519 0 0)
(0.0140003 0 0)
(0.0139488 0 0)
(0.0138974 0 0)
(0.0138461 0 0)
(0.0137949 0 0)
(0.0137438 0 0)
(0.0136927 0 0)
(0.0136417 0 0)
(0.0135907 0 0)
(0.0135397 0 0)
(0.0134887 0 0)
(0.0134377 0 0)
(0.0133867 0 0)
(0.0133356 0 0)
(0.0132845 0 0)
(0.0132333 0 0)
(0.013182 0 0)
(0.0131306 0 0)
(0.0130792 0 0)
(0.0130276 0 0)
(0.0129759 0 0)
(0.012924 0 0)
(0.0128719 0 0)
(0.0128197 0 0)
(0.0127673 0 0)
(0.0127147 0 0)
(0.0126619 0 0)
(0.0126088 0 0)
(0.0125554 0 0)
(0.0125018 0 0)
(0.0124479 0 0)
(0.0123936 0 0)
(0.012339 0 0)
(0.012284 0 0)
(0.0122286 0 0)
(0.0121727 0 0)
(0.0121163 0 0)
(0.0120594 0 0)
(0.0120019 0 0)
(0.0119437 0 0)
(0.0118847 0 0)
(0.011825 0 0)
(0.0117643 0 0)
(0.0117025 0 0)
(0.0116396 0 0)
(0.0115752 0 0)
(0.0115093 0 0)
(0.0114414 0 0)
(0.0113712 0 0)
(0.0112983 0 0)
(0.0112219 0 0)
(0.0111412 0 0)
(0.0110551 0 0)
(0.0109616 0 0)
(0.0108582 0 0)
(0.0107409 0 0)
(0.0106028 0 0)
(0.0104321 0 0)
(0.0102056 0 0)
(0.00987116 0 0)
(0.00928512 0 0)
(0.00789033 0 0)
(0.00395009 0 0)
(0.000510966 0 0)
(1.63036e-08 0 0)
(0 0 0)
(0 0 0)
(0 0 0)
(0 0 0)
(0 0 0)
(0 0 0)
(0 0 0)
(0 0 0)
(0 0 0)
(0 0 0)
(0 0 0)
(0 0 0)
(0 0 0)
(0 0 0)
(0 0 0)
(0 0 0)
(0 0 0)
(0 0 0)
(0 0 0)
(0 0 0)
(0 0 0)
(0 0 0)
(0 0 0)
(0 0 0)
(0 0 0)
(0 0 0)
(0 0 0)
(0 0 0)
(0 0 0)
(0 0 0)
)
;

boundaryField
{
    inlet
    {
        type            fixedValue;
        value           uniform (0 0 0);
    }
    outlet
    {
        type            zeroGradient;
    }
    yzfaces
    {
        type            empty;
    }
}


// ************************************************************************* //
