/*--------------------------------*- C++ -*----------------------------------*\
  =========                 |
  \\      /  F ield         | OpenFOAM: The Open Source CFD Toolbox
   \\    /   O peration     | Website:  https://openfoam.org
    \\  /    A nd           | Version:  10
     \\/     M anipulation  |
\*---------------------------------------------------------------------------*/
FoamFile
{
    format      ascii;
    class       volVectorField;
    location    "0.83";
    object      Ub;
}
// * * * * * * * * * * * * * * * * * * * * * * * * * * * * * * * * * * * * * //

dimensions      [0 1 -1 0 0 0 0];

internalField   nonuniform List<vector> 
100
(
(2.44875e-05 0 0)
(7.44854e-05 0 0)
(0.000125774 0 0)
(0.00017739 0 0)
(0.000229049 0 0)
(0.000280647 0 0)
(0.00033215 0 0)
(0.000383549 0 0)
(0.000434849 0 0)
(0.00048606 0 0)
(0.000537197 0 0)
(0.000588273 0 0)
(0.000639304 0 0)
(0.000690306 0 0)
(0.000741292 0 0)
(0.000792279 0 0)
(0.000843279 0 0)
(0.000894306 0 0)
(0.000945375 0 0)
(0.000996499 0 0)
(0.00104769 0 0)
(0.00109896 0 0)
(0.00115033 0 0)
(0.0012018 0 0)
(0.0012534 0 0)
(0.00130512 0 0)
(0.001357 0 0)
(0.00140904 0 0)
(0.00146125 0 0)
(0.00151366 0 0)
(0.00156627 0 0)
(0.00161911 0 0)
(0.00167219 0 0)
(0.00172553 0 0)
(0.00177916 0 0)
(0.00183309 0 0)
(0.00188735 0 0)
(0.00194197 0 0)
(0.00199698 0 0)
(0.0020524 0 0)
(0.00210828 0 0)
(0.00216466 0 0)
(0.00222159 0 0)
(0.00227912 0 0)
(0.00233731 0 0)
(0.00239625 0 0)
(0.00245601 0 0)
(0.0025167 0 0)
(0.00257845 0 0)
(0.0026414 0 0)
(0.00270574 0 0)
(0.00277171 0 0)
(0.00283959 0 0)
(0.00290976 0 0)
(0.00298271 0 0)
(0.00305907 0 0)
(0.00313973 0 0)
(0.00322591 0 0)
(0.00331937 0 0)
(0.00342273 0 0)
(0.00354008 0 0)
(0.00367815 0 0)
(0.00384884 0 0)
(0.00407539 0 0)
(0.00440981 0 0)
(0.00499585 0 0)
(0.00639064 0 0)
(0.0103309 0 0)
(0.01377 0 0)
(0.014281 0 0)
(0.014281 0 0)
(0.014281 0 0)
(0.014281 0 0)
(0.014281 0 0)
(0.014281 0 0)
(0.014281 0 0)
(0.014281 0 0)
(0.014281 0 0)
(0.014281 0 0)
(0.014281 0 0)
(0.014281 0 0)
(0.014281 0 0)
(0.014281 0 0)
(0.014281 0 0)
(0.014281 0 0)
(0.014281 0 0)
(0.014281 0 0)
(0.014281 0 0)
(0.014281 0 0)
(0.014281 0 0)
(0.014281 0 0)
(0.014281 0 0)
(0.014281 0 0)
(0.014281 0 0)
(0.014281 0 0)
(0.014281 0 0)
(0.014281 0 0)
(0.014281 0 0)
(0.014281 0 0)
(0.014281 0 0)
)
;

boundaryField
{
    inlet
    {
        type            fixedValue;
        value           uniform (0 0 0);
    }
    outlet
    {
        type            zeroGradient;
    }
    yzfaces
    {
        type            empty;
    }
}


// ************************************************************************* //
