/*--------------------------------*- C++ -*----------------------------------*\
  =========                 |
  \\      /  F ield         | OpenFOAM: The Open Source CFD Toolbox
   \\    /   O peration     | Website:  https://openfoam.org
    \\  /    A nd           | Version:  10
     \\/     M anipulation  |
\*---------------------------------------------------------------------------*/
FoamFile
{
    format      ascii;
    class       volVectorField;
    location    "1.175";
    object      Ua;
}
// * * * * * * * * * * * * * * * * * * * * * * * * * * * * * * * * * * * * * //

dimensions      [0 1 -1 0 0 0 0];

internalField   nonuniform List<vector> 
100
(
(0.00712259 0 0)
(0.0142274 0 0)
(0.0141914 0 0)
(0.014155 0 0)
(0.0141185 0 0)
(0.0140819 0 0)
(0.0140454 0 0)
(0.0140089 0 0)
(0.0139725 0 0)
(0.0139361 0 0)
(0.0138999 0 0)
(0.0138636 0 0)
(0.0138275 0 0)
(0.0137913 0 0)
(0.0137553 0 0)
(0.0137192 0 0)
(0.0136832 0 0)
(0.0136473 0 0)
(0.0136113 0 0)
(0.0135754 0 0)
(0.0135395 0 0)
(0.0135036 0 0)
(0.0134677 0 0)
(0.0134318 0 0)
(0.0133958 0 0)
(0.0133599 0 0)
(0.013324 0 0)
(0.013288 0 0)
(0.013252 0 0)
(0.013216 0 0)
(0.01318 0 0)
(0.0131439 0 0)
(0.0131077 0 0)
(0.0130715 0 0)
(0.0130353 0 0)
(0.012999 0 0)
(0.0129627 0 0)
(0.0129263 0 0)
(0.0128898 0 0)
(0.0128532 0 0)
(0.0128166 0 0)
(0.0127799 0 0)
(0.012743 0 0)
(0.0127061 0 0)
(0.0126691 0 0)
(0.012632 0 0)
(0.0125948 0 0)
(0.0125575 0 0)
(0.01252 0 0)
(0.0124825 0 0)
(0.0124448 0 0)
(0.0124069 0 0)
(0.0123689 0 0)
(0.0123307 0 0)
(0.0122924 0 0)
(0.0122539 0 0)
(0.0122152 0 0)
(0.0121763 0 0)
(0.0121372 0 0)
(0.0120978 0 0)
(0.0120582 0 0)
(0.0120184 0 0)
(0.0119783 0 0)
(0.0119379 0 0)
(0.0118972 0 0)
(0.0118561 0 0)
(0.0118147 0 0)
(0.0117729 0 0)
(0.0117306 0 0)
(0.0116879 0 0)
(0.0116446 0 0)
(0.0116007 0 0)
(0.0115561 0 0)
(0.0115109 0 0)
(0.0114648 0 0)
(0.0114177 0 0)
(0.0113695 0 0)
(0.0113201 0 0)
(0.0112692 0 0)
(0.0112166 0 0)
(0.0111618 0 0)
(0.0111046 0 0)
(0.0110442 0 0)
(0.0109798 0 0)
(0.0109105 0 0)
(0.0108345 0 0)
(0.0107496 0 0)
(0.0106523 0 0)
(0.0105367 0 0)
(0.0103931 0 0)
(0.0102026 0 0)
(0.00992544 0 0)
(0.00945952 0 0)
(0.00845383 0 0)
(0.00535906 0 0)
(0.00148753 0 0)
(1.93095e-06 0 0)
(2.42861e-17 0 0)
(0 0 0)
(0 0 0)
)
;

boundaryField
{
    inlet
    {
        type            fixedValue;
        value           uniform (0 0 0);
    }
    outlet
    {
        type            zeroGradient;
    }
    yzfaces
    {
        type            empty;
    }
}


// ************************************************************************* //
