/*--------------------------------*- C++ -*----------------------------------*\
  =========                 |
  \\      /  F ield         | OpenFOAM: The Open Source CFD Toolbox
   \\    /   O peration     | Website:  https://openfoam.org
    \\  /    A nd           | Version:  10
     \\/     M anipulation  |
\*---------------------------------------------------------------------------*/
FoamFile
{
    format      ascii;
    class       volVectorField;
    location    "1.175";
    object      Ub;
}
// * * * * * * * * * * * * * * * * * * * * * * * * * * * * * * * * * * * * * //

dimensions      [0 1 -1 0 0 0 0];

internalField   nonuniform List<vector> 
100
(
(1.69086e-05 0 0)
(5.16504e-05 0 0)
(8.76197e-05 0 0)
(0.000124002 0 0)
(0.000160527 0 0)
(0.00019708 0 0)
(0.000233608 0 0)
(0.000270086 0 0)
(0.000306503 0 0)
(0.000342855 0 0)
(0.000379143 0 0)
(0.000415371 0 0)
(0.000451541 0 0)
(0.00048766 0 0)
(0.000523733 0 0)
(0.000559766 0 0)
(0.000595764 0 0)
(0.000631733 0 0)
(0.000667679 0 0)
(0.000703606 0 0)
(0.000739521 0 0)
(0.000775428 0 0)
(0.000811333 0 0)
(0.00084724 0 0)
(0.000883154 0 0)
(0.00091908 0 0)
(0.000955023 0 0)
(0.000990987 0 0)
(0.00102698 0 0)
(0.00106299 0 0)
(0.00109905 0 0)
(0.00113514 0 0)
(0.00117128 0 0)
(0.00120746 0 0)
(0.00124369 0 0)
(0.00127998 0 0)
(0.00131633 0 0)
(0.00135275 0 0)
(0.00138923 0 0)
(0.00142579 0 0)
(0.00146243 0 0)
(0.00149915 0 0)
(0.00153595 0 0)
(0.00157286 0 0)
(0.00160986 0 0)
(0.00164696 0 0)
(0.00168417 0 0)
(0.0017215 0 0)
(0.00175895 0 0)
(0.00179653 0 0)
(0.00183425 0 0)
(0.00187211 0 0)
(0.00191012 0 0)
(0.00194828 0 0)
(0.00198662 0 0)
(0.00202513 0 0)
(0.00206383 0 0)
(0.00210273 0 0)
(0.00214184 0 0)
(0.00218118 0 0)
(0.00222075 0 0)
(0.00226058 0 0)
(0.00230069 0 0)
(0.00234109 0 0)
(0.0023818 0 0)
(0.00242286 0 0)
(0.00246429 0 0)
(0.00250612 0 0)
(0.00254839 0 0)
(0.00259115 0 0)
(0.00263444 0 0)
(0.00267832 0 0)
(0.00272286 0 0)
(0.00276813 0 0)
(0.00281425 0 0)
(0.00286131 0 0)
(0.00290946 0 0)
(0.00295888 0 0)
(0.00300978 0 0)
(0.00306242 0 0)
(0.00311716 0 0)
(0.00317443 0 0)
(0.00323484 0 0)
(0.00329917 0 0)
(0.00336853 0 0)
(0.0034445 0 0)
(0.00352938 0 0)
(0.00362673 0 0)
(0.00374228 0 0)
(0.00388594 0 0)
(0.00407642 0 0)
(0.00435356 0 0)
(0.00481948 0 0)
(0.00582518 0 0)
(0.00891994 0 0)
(0.0127915 0 0)
(0.0142771 0 0)
(0.014279 0 0)
(0.014279 0 0)
(0.014279 0 0)
)
;

boundaryField
{
    inlet
    {
        type            fixedValue;
        value           uniform (0 0 0);
    }
    outlet
    {
        type            zeroGradient;
    }
    yzfaces
    {
        type            empty;
    }
}


// ************************************************************************* //
