/*--------------------------------*- C++ -*----------------------------------*\
  =========                 |
  \\      /  F ield         | OpenFOAM: The Open Source CFD Toolbox
   \\    /   O peration     | Website:  https://openfoam.org
    \\  /    A nd           | Version:  10
     \\/     M anipulation  |
\*---------------------------------------------------------------------------*/
FoamFile
{
    format      ascii;
    class       volVectorField;
    location    "1.125";
    object      Ua;
}
// * * * * * * * * * * * * * * * * * * * * * * * * * * * * * * * * * * * * * //

dimensions      [0 1 -1 0 0 0 0];

internalField   nonuniform List<vector> 
100
(
(0.00712193 0 0)
(0.0142252 0 0)
(0.0141876 0 0)
(0.0141496 0 0)
(0.0141114 0 0)
(0.0140733 0 0)
(0.0140351 0 0)
(0.013997 0 0)
(0.013959 0 0)
(0.0139211 0 0)
(0.0138832 0 0)
(0.0138454 0 0)
(0.0138077 0 0)
(0.01377 0 0)
(0.0137323 0 0)
(0.0136947 0 0)
(0.0136571 0 0)
(0.0136195 0 0)
(0.013582 0 0)
(0.0135445 0 0)
(0.013507 0 0)
(0.0134694 0 0)
(0.0134319 0 0)
(0.0133944 0 0)
(0.0133569 0 0)
(0.0133193 0 0)
(0.0132817 0 0)
(0.0132441 0 0)
(0.0132065 0 0)
(0.0131688 0 0)
(0.013131 0 0)
(0.0130933 0 0)
(0.0130554 0 0)
(0.0130175 0 0)
(0.0129796 0 0)
(0.0129415 0 0)
(0.0129034 0 0)
(0.0128652 0 0)
(0.012827 0 0)
(0.0127886 0 0)
(0.0127502 0 0)
(0.0127116 0 0)
(0.0126729 0 0)
(0.0126341 0 0)
(0.0125952 0 0)
(0.0125562 0 0)
(0.012517 0 0)
(0.0124777 0 0)
(0.0124383 0 0)
(0.0123986 0 0)
(0.0123588 0 0)
(0.0123189 0 0)
(0.0122787 0 0)
(0.0122383 0 0)
(0.0121978 0 0)
(0.012157 0 0)
(0.0121159 0 0)
(0.0120746 0 0)
(0.012033 0 0)
(0.0119912 0 0)
(0.011949 0 0)
(0.0119064 0 0)
(0.0118635 0 0)
(0.0118202 0 0)
(0.0117764 0 0)
(0.0117321 0 0)
(0.0116873 0 0)
(0.011642 0 0)
(0.0115959 0 0)
(0.0115491 0 0)
(0.0115015 0 0)
(0.0114529 0 0)
(0.0114032 0 0)
(0.0113523 0 0)
(0.0112999 0 0)
(0.0112458 0 0)
(0.0111895 0 0)
(0.0111308 0 0)
(0.0110689 0 0)
(0.0110032 0 0)
(0.0109324 0 0)
(0.0108552 0 0)
(0.0107692 0 0)
(0.0106708 0 0)
(0.0105547 0 0)
(0.0104109 0 0)
(0.0102216 0 0)
(0.00994821 0 0)
(0.00949353 0 0)
(0.00852859 0 0)
(0.00557889 0 0)
(0.00165524 0 0)
(3.36123e-06 0 0)
(1.63064e-16 0 0)
(0 0 0)
(0 0 0)
(0 0 0)
(0 0 0)
(0 0 0)
(0 0 0)
)
;

boundaryField
{
    inlet
    {
        type            fixedValue;
        value           uniform (0 0 0);
    }
    outlet
    {
        type            zeroGradient;
    }
    yzfaces
    {
        type            empty;
    }
}


// ************************************************************************* //
