/*--------------------------------*- C++ -*----------------------------------*\
  =========                 |
  \\      /  F ield         | OpenFOAM: The Open Source CFD Toolbox
   \\    /   O peration     | Website:  https://openfoam.org
    \\  /    A nd           | Version:  10
     \\/     M anipulation  |
\*---------------------------------------------------------------------------*/
FoamFile
{
    format      ascii;
    class       volVectorField;
    location    "1.125";
    object      Ub;
}
// * * * * * * * * * * * * * * * * * * * * * * * * * * * * * * * * * * * * * //

dimensions      [0 1 -1 0 0 0 0];

internalField   nonuniform List<vector> 
100
(
(1.77159e-05 0 0)
(5.40871e-05 0 0)
(9.16982e-05 0 0)
(0.000129715 0 0)
(0.000167865 0 0)
(0.000206033 0 0)
(0.000244167 0 0)
(0.000282244 0 0)
(0.000320255 0 0)
(0.000358197 0 0)
(0.000396071 0 0)
(0.000433882 0 0)
(0.000471636 0 0)
(0.000509337 0 0)
(0.000546993 0 0)
(0.000584611 0 0)
(0.000622195 0 0)
(0.000659753 0 0)
(0.000697292 0 0)
(0.000734816 0 0)
(0.000772332 0 0)
(0.000809846 0 0)
(0.000847362 0 0)
(0.000884888 0 0)
(0.000922428 0 0)
(0.000959987 0 0)
(0.00099757 0 0)
(0.00103518 0 0)
(0.00107283 0 0)
(0.00111052 0 0)
(0.00114825 0 0)
(0.00118603 0 0)
(0.00122387 0 0)
(0.00126177 0 0)
(0.00129973 0 0)
(0.00133776 0 0)
(0.00137586 0 0)
(0.00141405 0 0)
(0.00145232 0 0)
(0.00149068 0 0)
(0.00152914 0 0)
(0.0015677 0 0)
(0.00160637 0 0)
(0.00164515 0 0)
(0.00168406 0 0)
(0.00172309 0 0)
(0.00176226 0 0)
(0.00180157 0 0)
(0.00184103 0 0)
(0.00188066 0 0)
(0.00192045 0 0)
(0.00196042 0 0)
(0.00200058 0 0)
(0.00204095 0 0)
(0.00208152 0 0)
(0.00212233 0 0)
(0.00216337 0 0)
(0.00220468 0 0)
(0.00224626 0 0)
(0.00228814 0 0)
(0.00233034 0 0)
(0.00237288 0 0)
(0.0024158 0 0)
(0.00245913 0 0)
(0.0025029 0 0)
(0.00254715 0 0)
(0.00259195 0 0)
(0.00263733 0 0)
(0.00268338 0 0)
(0.00273017 0 0)
(0.0027778 0 0)
(0.00282638 0 0)
(0.00287605 0 0)
(0.00292698 0 0)
(0.00297939 0 0)
(0.00303353 0 0)
(0.00308976 0 0)
(0.00314851 0 0)
(0.00321037 0 0)
(0.00327611 0 0)
(0.00334684 0 0)
(0.00342409 0 0)
(0.00351013 0 0)
(0.00360844 0 0)
(0.00372463 0 0)
(0.00386834 0 0)
(0.0040577 0 0)
(0.00433108 0 0)
(0.00478576 0 0)
(0.0057507 0 0)
(0.0087004 0 0)
(0.0126241 0 0)
(0.0142759 0 0)
(0.0142793 0 0)
(0.0142793 0 0)
(0.0142793 0 0)
(0.0142793 0 0)
(0.0142793 0 0)
(0.0142793 0 0)
(0.0142793 0 0)
)
;

boundaryField
{
    inlet
    {
        type            fixedValue;
        value           uniform (0 0 0);
    }
    outlet
    {
        type            zeroGradient;
    }
    yzfaces
    {
        type            empty;
    }
}


// ************************************************************************* //
