/*--------------------------------*- C++ -*----------------------------------*\
  =========                 |
  \\      /  F ield         | OpenFOAM: The Open Source CFD Toolbox
   \\    /   O peration     | Website:  https://openfoam.org
    \\  /    A nd           | Version:  10
     \\/     M anipulation  |
\*---------------------------------------------------------------------------*/
FoamFile
{
    format      ascii;
    class       volVectorField;
    location    "0.855";
    object      Ub;
}
// * * * * * * * * * * * * * * * * * * * * * * * * * * * * * * * * * * * * * //

dimensions      [0 1 -1 0 0 0 0];

internalField   nonuniform List<vector> 
100
(
(2.37306e-05 0 0)
(7.22081e-05 0 0)
(0.000121975 0 0)
(0.000172079 0 0)
(0.000222235 0 0)
(0.00027234 0 0)
(0.000322355 0 0)
(0.00037227 0 0)
(0.000422088 0 0)
(0.000471818 0 0)
(0.000521472 0 0)
(0.000571063 0 0)
(0.000620606 0 0)
(0.000670115 0 0)
(0.000719602 0 0)
(0.000769082 0 0)
(0.000818567 0 0)
(0.000868071 0 0)
(0.000917606 0 0)
(0.000967185 0 0)
(0.00101682 0 0)
(0.00106652 0 0)
(0.0011163 0 0)
(0.00116617 0 0)
(0.00121615 0 0)
(0.00126624 0 0)
(0.00131645 0 0)
(0.00136681 0 0)
(0.00141732 0 0)
(0.001468 0 0)
(0.00151886 0 0)
(0.00156991 0 0)
(0.00162118 0 0)
(0.00167267 0 0)
(0.0017244 0 0)
(0.0017764 0 0)
(0.00182868 0 0)
(0.00188126 0 0)
(0.00193418 0 0)
(0.00198745 0 0)
(0.0020411 0 0)
(0.00209517 0 0)
(0.0021497 0 0)
(0.00220472 0 0)
(0.00226029 0 0)
(0.00231645 0 0)
(0.00237327 0 0)
(0.00243084 0 0)
(0.00248922 0 0)
(0.00254853 0 0)
(0.00260889 0 0)
(0.00267046 0 0)
(0.00273341 0 0)
(0.00279798 0 0)
(0.00286447 0 0)
(0.00293325 0 0)
(0.0030048 0 0)
(0.00307978 0 0)
(0.00315907 0 0)
(0.0032439 0 0)
(0.00333604 0 0)
(0.00343814 0 0)
(0.00355432 0 0)
(0.00369137 0 0)
(0.00386135 0 0)
(0.00408783 0 0)
(0.0044237 0 0)
(0.00501594 0 0)
(0.00643843 0 0)
(0.0104099 0 0)
(0.0138137 0 0)
(0.0142808 0 0)
(0.0142808 0 0)
(0.0142808 0 0)
(0.0142808 0 0)
(0.0142808 0 0)
(0.0142808 0 0)
(0.0142808 0 0)
(0.0142808 0 0)
(0.0142808 0 0)
(0.0142808 0 0)
(0.0142808 0 0)
(0.0142808 0 0)
(0.0142808 0 0)
(0.0142808 0 0)
(0.0142808 0 0)
(0.0142808 0 0)
(0.0142808 0 0)
(0.0142808 0 0)
(0.0142808 0 0)
(0.0142808 0 0)
(0.0142808 0 0)
(0.0142808 0 0)
(0.0142808 0 0)
(0.0142808 0 0)
(0.0142808 0 0)
(0.0142808 0 0)
(0.0142808 0 0)
(0.0142808 0 0)
(0.0142808 0 0)
)
;

boundaryField
{
    inlet
    {
        type            fixedValue;
        value           uniform (0 0 0);
    }
    outlet
    {
        type            zeroGradient;
    }
    yzfaces
    {
        type            empty;
    }
}


// ************************************************************************* //
