/*--------------------------------*- C++ -*----------------------------------*\
  =========                 |
  \\      /  F ield         | OpenFOAM: The Open Source CFD Toolbox
   \\    /   O peration     | Website:  https://openfoam.org
    \\  /    A nd           | Version:  10
     \\/     M anipulation  |
\*---------------------------------------------------------------------------*/
FoamFile
{
    format      ascii;
    class       volVectorField;
    location    "1.44";
    object      Ua;
}
// * * * * * * * * * * * * * * * * * * * * * * * * * * * * * * * * * * * * * //

dimensions      [0 1 -1 0 0 0 0];

internalField   nonuniform List<vector> 
100
(
(0.00712517 0 0)
(0.0142359 0 0)
(0.0142067 0 0)
(0.0141771 0 0)
(0.0141474 0 0)
(0.0141175 0 0)
(0.0140877 0 0)
(0.0140578 0 0)
(0.014028 0 0)
(0.0139983 0 0)
(0.0139686 0 0)
(0.0139389 0 0)
(0.0139093 0 0)
(0.0138797 0 0)
(0.0138502 0 0)
(0.0138207 0 0)
(0.0137912 0 0)
(0.0137618 0 0)
(0.0137324 0 0)
(0.0137031 0 0)
(0.0136737 0 0)
(0.0136444 0 0)
(0.0136151 0 0)
(0.0135858 0 0)
(0.0135566 0 0)
(0.0135273 0 0)
(0.013498 0 0)
(0.0134688 0 0)
(0.0134395 0 0)
(0.0134103 0 0)
(0.013381 0 0)
(0.0133518 0 0)
(0.0133225 0 0)
(0.0132932 0 0)
(0.0132639 0 0)
(0.0132346 0 0)
(0.0132052 0 0)
(0.0131759 0 0)
(0.0131465 0 0)
(0.0131171 0 0)
(0.0130877 0 0)
(0.0130582 0 0)
(0.0130287 0 0)
(0.0129992 0 0)
(0.0129696 0 0)
(0.01294 0 0)
(0.0129104 0 0)
(0.0128807 0 0)
(0.0128509 0 0)
(0.0128211 0 0)
(0.0127913 0 0)
(0.0127614 0 0)
(0.0127315 0 0)
(0.0127015 0 0)
(0.0126714 0 0)
(0.0126413 0 0)
(0.0126111 0 0)
(0.0125808 0 0)
(0.0125504 0 0)
(0.01252 0 0)
(0.0124895 0 0)
(0.012459 0 0)
(0.0124283 0 0)
(0.0123975 0 0)
(0.0123667 0 0)
(0.0123357 0 0)
(0.0123047 0 0)
(0.0122735 0 0)
(0.0122423 0 0)
(0.0122109 0 0)
(0.0121794 0 0)
(0.0121478 0 0)
(0.012116 0 0)
(0.0120841 0 0)
(0.012052 0 0)
(0.0120198 0 0)
(0.0119874 0 0)
(0.0119549 0 0)
(0.0119221 0 0)
(0.0118892 0 0)
(0.011856 0 0)
(0.0118227 0 0)
(0.0117891 0 0)
(0.0117552 0 0)
(0.0117211 0 0)
(0.0116866 0 0)
(0.0116519 0 0)
(0.0116167 0 0)
(0.0115812 0 0)
(0.0115453 0 0)
(0.0115089 0 0)
(0.0114721 0 0)
(0.0114346 0 0)
(0.0113965 0 0)
(0.0113577 0 0)
(0.011318 0 0)
(0.0112775 0 0)
(0.0112358 0 0)
(0.0111929 0 0)
(0.0111486 0 0)
)
;

boundaryField
{
    inlet
    {
        type            fixedValue;
        value           uniform (0 0 0);
    }
    outlet
    {
        type            zeroGradient;
    }
    yzfaces
    {
        type            empty;
    }
}


// ************************************************************************* //
