/*--------------------------------*- C++ -*----------------------------------*\
  =========                 |
  \\      /  F ield         | OpenFOAM: The Open Source CFD Toolbox
   \\    /   O peration     | Website:  https://openfoam.org
    \\  /    A nd           | Version:  10
     \\/     M anipulation  |
\*---------------------------------------------------------------------------*/
FoamFile
{
    format      ascii;
    class       volVectorField;
    location    "0.61";
    object      Ua;
}
// * * * * * * * * * * * * * * * * * * * * * * * * * * * * * * * * * * * * * //

dimensions      [0 1 -1 0 0 0 0];

internalField   nonuniform List<vector> 
100
(
(0.00710727 0 0)
(0.0141796 0 0)
(0.0141096 0 0)
(0.0140394 0 0)
(0.0139693 0 0)
(0.0138993 0 0)
(0.0138294 0 0)
(0.0137597 0 0)
(0.01369 0 0)
(0.0136204 0 0)
(0.0135508 0 0)
(0.0134812 0 0)
(0.0134115 0 0)
(0.0133418 0 0)
(0.0132719 0 0)
(0.0132018 0 0)
(0.0131315 0 0)
(0.013061 0 0)
(0.0129903 0 0)
(0.0129192 0 0)
(0.0128477 0 0)
(0.0127759 0 0)
(0.0127036 0 0)
(0.0126309 0 0)
(0.0125576 0 0)
(0.0124837 0 0)
(0.0124092 0 0)
(0.0123339 0 0)
(0.0122578 0 0)
(0.0121807 0 0)
(0.0121026 0 0)
(0.0120233 0 0)
(0.0119426 0 0)
(0.0118604 0 0)
(0.0117763 0 0)
(0.0116901 0 0)
(0.0116013 0 0)
(0.0115093 0 0)
(0.0114134 0 0)
(0.0113127 0 0)
(0.0112056 0 0)
(0.0110901 0 0)
(0.0109629 0 0)
(0.0108191 0 0)
(0.0106499 0 0)
(0.0104395 0 0)
(0.0101552 0 0)
(0.0097169 0 0)
(0.00887194 0 0)
(0.00647984 0 0)
(0.00235495 0 0)
(2.4581e-05 0 0)
(1.87754e-13 0 0)
(0 0 0)
(0 0 0)
(0 0 0)
(0 0 0)
(0 0 0)
(0 0 0)
(0 0 0)
(0 0 0)
(0 0 0)
(0 0 0)
(0 0 0)
(0 0 0)
(0 0 0)
(0 0 0)
(0 0 0)
(0 0 0)
(0 0 0)
(0 0 0)
(0 0 0)
(0 0 0)
(0 0 0)
(0 0 0)
(0 0 0)
(0 0 0)
(0 0 0)
(0 0 0)
(0 0 0)
(0 0 0)
(0 0 0)
(0 0 0)
(0 0 0)
(0 0 0)
(0 0 0)
(0 0 0)
(0 0 0)
(0 0 0)
(0 0 0)
(0 0 0)
(0 0 0)
(0 0 0)
(0 0 0)
(0 0 0)
(0 0 0)
(0 0 0)
(0 0 0)
(0 0 0)
(0 0 0)
)
;

boundaryField
{
    inlet
    {
        type            fixedValue;
        value           uniform (0 0 0);
    }
    outlet
    {
        type            zeroGradient;
    }
    yzfaces
    {
        type            empty;
    }
}


// ************************************************************************* //
