/*--------------------------------*- C++ -*----------------------------------*\
  =========                 |
  \\      /  F ield         | OpenFOAM: The Open Source CFD Toolbox
   \\    /   O peration     | Website:  https://openfoam.org
    \\  /    A nd           | Version:  10
     \\/     M anipulation  |
\*---------------------------------------------------------------------------*/
FoamFile
{
    format      ascii;
    class       volVectorField;
    location    "0.61";
    object      Ub;
}
// * * * * * * * * * * * * * * * * * * * * * * * * * * * * * * * * * * * * * //

dimensions      [0 1 -1 0 0 0 0];

internalField   nonuniform List<vector> 
100
(
(3.38455e-05 0 0)
(0.000102597 0 0)
(0.000172608 0 0)
(0.000242813 0 0)
(0.000312947 0 0)
(0.000382942 0 0)
(0.000452798 0 0)
(0.000522537 0 0)
(0.000592191 0 0)
(0.000661796 0 0)
(0.00073139 0 0)
(0.000801007 0 0)
(0.000870684 0 0)
(0.000940457 0 0)
(0.00101036 0 0)
(0.00108043 0 0)
(0.0011507 0 0)
(0.0012212 0 0)
(0.00129198 0 0)
(0.00136306 0 0)
(0.0014345 0 0)
(0.00150632 0 0)
(0.00157858 0 0)
(0.00165133 0 0)
(0.00172462 0 0)
(0.0017985 0 0)
(0.00187306 0 0)
(0.00194835 0 0)
(0.00202447 0 0)
(0.00210153 0 0)
(0.00217963 0 0)
(0.00225893 0 0)
(0.00233959 0 0)
(0.00242182 0 0)
(0.00250589 0 0)
(0.00259213 0 0)
(0.00268096 0 0)
(0.00277293 0 0)
(0.00286879 0 0)
(0.00296955 0 0)
(0.00307665 0 0)
(0.00319218 0 0)
(0.00331933 0 0)
(0.00346317 0 0)
(0.00363233 0 0)
(0.00384269 0 0)
(0.00412707 0 0)
(0.00456533 0 0)
(0.0054103 0 0)
(0.00780239 0 0)
(0.0119273 0 0)
(0.0142577 0 0)
(0.0142822 0 0)
(0.0142822 0 0)
(0.0142822 0 0)
(0.0142822 0 0)
(0.0142822 0 0)
(0.0142822 0 0)
(0.0142822 0 0)
(0.0142822 0 0)
(0.0142822 0 0)
(0.0142822 0 0)
(0.0142822 0 0)
(0.0142822 0 0)
(0.0142822 0 0)
(0.0142822 0 0)
(0.0142822 0 0)
(0.0142822 0 0)
(0.0142822 0 0)
(0.0142822 0 0)
(0.0142822 0 0)
(0.0142822 0 0)
(0.0142822 0 0)
(0.0142822 0 0)
(0.0142822 0 0)
(0.0142822 0 0)
(0.0142822 0 0)
(0.0142822 0 0)
(0.0142822 0 0)
(0.0142822 0 0)
(0.0142822 0 0)
(0.0142822 0 0)
(0.0142822 0 0)
(0.0142822 0 0)
(0.0142822 0 0)
(0.0142822 0 0)
(0.0142822 0 0)
(0.0142822 0 0)
(0.0142822 0 0)
(0.0142822 0 0)
(0.0142822 0 0)
(0.0142822 0 0)
(0.0142822 0 0)
(0.0142822 0 0)
(0.0142822 0 0)
(0.0142822 0 0)
(0.0142822 0 0)
(0.0142822 0 0)
(0.0142822 0 0)
(0.0142822 0 0)
)
;

boundaryField
{
    inlet
    {
        type            fixedValue;
        value           uniform (0 0 0);
    }
    outlet
    {
        type            zeroGradient;
    }
    yzfaces
    {
        type            empty;
    }
}


// ************************************************************************* //
