/*--------------------------------*- C++ -*----------------------------------*\
  =========                 |
  \\      /  F ield         | OpenFOAM: The Open Source CFD Toolbox
   \\    /   O peration     | Website:  https://openfoam.org
    \\  /    A nd           | Version:  10
     \\/     M anipulation  |
\*---------------------------------------------------------------------------*/
FoamFile
{
    format      ascii;
    class       volVectorField;
    location    "1.07";
    object      Ua;
}
// * * * * * * * * * * * * * * * * * * * * * * * * * * * * * * * * * * * * * //

dimensions      [0 1 -1 0 0 0 0];

internalField   nonuniform List<vector> 
100
(
(0.00712111 0 0)
(0.0142226 0 0)
(0.014183 0 0)
(0.014143 0 0)
(0.0141029 0 0)
(0.0140628 0 0)
(0.0140227 0 0)
(0.0139827 0 0)
(0.0139427 0 0)
(0.0139029 0 0)
(0.0138631 0 0)
(0.0138234 0 0)
(0.0137837 0 0)
(0.0137441 0 0)
(0.0137045 0 0)
(0.013665 0 0)
(0.0136255 0 0)
(0.013586 0 0)
(0.0135465 0 0)
(0.0135071 0 0)
(0.0134676 0 0)
(0.0134281 0 0)
(0.0133887 0 0)
(0.0133492 0 0)
(0.0133097 0 0)
(0.0132701 0 0)
(0.0132305 0 0)
(0.0131909 0 0)
(0.0131512 0 0)
(0.0131115 0 0)
(0.0130717 0 0)
(0.0130319 0 0)
(0.012992 0 0)
(0.012952 0 0)
(0.0129119 0 0)
(0.0128717 0 0)
(0.0128315 0 0)
(0.0127911 0 0)
(0.0127506 0 0)
(0.01271 0 0)
(0.0126693 0 0)
(0.0126285 0 0)
(0.0125875 0 0)
(0.0125464 0 0)
(0.0125051 0 0)
(0.0124636 0 0)
(0.012422 0 0)
(0.0123802 0 0)
(0.0123382 0 0)
(0.012296 0 0)
(0.0122536 0 0)
(0.0122109 0 0)
(0.012168 0 0)
(0.0121248 0 0)
(0.0120813 0 0)
(0.0120375 0 0)
(0.0119934 0 0)
(0.0119489 0 0)
(0.0119041 0 0)
(0.0118588 0 0)
(0.011813 0 0)
(0.0117667 0 0)
(0.0117199 0 0)
(0.0116724 0 0)
(0.0116243 0 0)
(0.0115753 0 0)
(0.0115255 0 0)
(0.0114747 0 0)
(0.0114227 0 0)
(0.0113694 0 0)
(0.0113145 0 0)
(0.0112578 0 0)
(0.0111988 0 0)
(0.0111371 0 0)
(0.011072 0 0)
(0.0110027 0 0)
(0.010928 0 0)
(0.010846 0 0)
(0.0107542 0 0)
(0.0106484 0 0)
(0.010522 0 0)
(0.010363 0 0)
(0.0101482 0 0)
(0.00982585 0 0)
(0.00925253 0 0)
(0.00787377 0 0)
(0.0039522 0 0)
(0.000516652 0 0)
(1.7206e-08 0 0)
(0 0 0)
(0 0 0)
(0 0 0)
(0 0 0)
(0 0 0)
(0 0 0)
(0 0 0)
(0 0 0)
(0 0 0)
(0 0 0)
(0 0 0)
)
;

boundaryField
{
    inlet
    {
        type            fixedValue;
        value           uniform (0 0 0);
    }
    outlet
    {
        type            zeroGradient;
    }
    yzfaces
    {
        type            empty;
    }
}


// ************************************************************************* //
