/*--------------------------------*- C++ -*----------------------------------*\
  =========                 |
  \\      /  F ield         | OpenFOAM: The Open Source CFD Toolbox
   \\    /   O peration     | Website:  https://openfoam.org
    \\  /    A nd           | Version:  10
     \\/     M anipulation  |
\*---------------------------------------------------------------------------*/
FoamFile
{
    format      ascii;
    class       volVectorField;
    location    "1.07";
    object      Ub;
}
// * * * * * * * * * * * * * * * * * * * * * * * * * * * * * * * * * * * * * //

dimensions      [0 1 -1 0 0 0 0];

internalField   nonuniform List<vector> 
100
(
(1.86924e-05 0 0)
(5.70326e-05 0 0)
(9.66257e-05 0 0)
(0.000136615 0 0)
(0.000176725 0 0)
(0.000216841 0 0)
(0.000256914 0 0)
(0.000296921 0 0)
(0.000336855 0 0)
(0.000376716 0 0)
(0.000416506 0 0)
(0.000456231 0 0)
(0.000495897 0 0)
(0.000535512 0 0)
(0.000575083 0 0)
(0.000614618 0 0)
(0.000654123 0 0)
(0.000693606 0 0)
(0.000733074 0 0)
(0.000772535 0 0)
(0.000811993 0 0)
(0.000851457 0 0)
(0.000890932 0 0)
(0.000930425 0 0)
(0.000969941 0 0)
(0.00100949 0 0)
(0.00104907 0 0)
(0.00108869 0 0)
(0.00112836 0 0)
(0.00116809 0 0)
(0.00120787 0 0)
(0.00124772 0 0)
(0.00128764 0 0)
(0.00132764 0 0)
(0.00136772 0 0)
(0.00140789 0 0)
(0.00144815 0 0)
(0.00148851 0 0)
(0.00152899 0 0)
(0.00156958 0 0)
(0.00161029 0 0)
(0.00165113 0 0)
(0.00169211 0 0)
(0.00173324 0 0)
(0.00177452 0 0)
(0.00181597 0 0)
(0.00185759 0 0)
(0.00189939 0 0)
(0.00194139 0 0)
(0.0019836 0 0)
(0.00202603 0 0)
(0.0020687 0 0)
(0.00211162 0 0)
(0.0021548 0 0)
(0.00219828 0 0)
(0.00224207 0 0)
(0.00228619 0 0)
(0.00233067 0 0)
(0.00237554 0 0)
(0.00242084 0 0)
(0.0024666 0 0)
(0.00251287 0 0)
(0.00255971 0 0)
(0.00260717 0 0)
(0.00265532 0 0)
(0.00270426 0 0)
(0.00275408 0 0)
(0.0028049 0 0)
(0.00285688 0 0)
(0.0029102 0 0)
(0.00296509 0 0)
(0.00302183 0 0)
(0.00308081 0 0)
(0.0031425 0 0)
(0.00320756 0 0)
(0.00327686 0 0)
(0.00335163 0 0)
(0.00343362 0 0)
(0.00352545 0 0)
(0.00363122 0 0)
(0.00375764 0 0)
(0.00391663 0 0)
(0.00413136 0 0)
(0.00445375 0 0)
(0.00502707 0 0)
(0.00640583 0 0)
(0.0103274 0 0)
(0.013763 0 0)
(0.0142796 0 0)
(0.0142796 0 0)
(0.0142796 0 0)
(0.0142796 0 0)
(0.0142796 0 0)
(0.0142796 0 0)
(0.0142796 0 0)
(0.0142796 0 0)
(0.0142796 0 0)
(0.0142796 0 0)
(0.0142796 0 0)
(0.0142796 0 0)
)
;

boundaryField
{
    inlet
    {
        type            fixedValue;
        value           uniform (0 0 0);
    }
    outlet
    {
        type            zeroGradient;
    }
    yzfaces
    {
        type            empty;
    }
}


// ************************************************************************* //
