/*--------------------------------*- C++ -*----------------------------------*\
  =========                 |
  \\      /  F ield         | OpenFOAM: The Open Source CFD Toolbox
   \\    /   O peration     | Website:  https://openfoam.org
    \\  /    A nd           | Version:  10
     \\/     M anipulation  |
\*---------------------------------------------------------------------------*/
FoamFile
{
    format      ascii;
    class       volVectorField;
    location    "0.265";
    object      Ub;
}
// * * * * * * * * * * * * * * * * * * * * * * * * * * * * * * * * * * * * * //

dimensions      [0 1 -1 0 0 0 0];

internalField   nonuniform List<vector> 
100
(
(7.99558e-05 0 0)
(0.000240718 0 0)
(0.000402363 0 0)
(0.00056412 0 0)
(0.000726229 0 0)
(0.000889101 0 0)
(0.0010532 0 0)
(0.00121901 0 0)
(0.00138711 0 0)
(0.00155812 0 0)
(0.00173284 0 0)
(0.00191225 0 0)
(0.00209767 0 0)
(0.00229093 0 0)
(0.00249469 0 0)
(0.00271304 0 0)
(0.00295264 0 0)
(0.00322522 0 0)
(0.0035536 0 0)
(0.00398877 0 0)
(0.00467111 0 0)
(0.0061424 0 0)
(0.0101667 0 0)
(0.0137165 0 0)
(0.0142842 0 0)
(0.0142842 0 0)
(0.0142842 0 0)
(0.0142842 0 0)
(0.0142842 0 0)
(0.0142842 0 0)
(0.0142842 0 0)
(0.0142842 0 0)
(0.0142842 0 0)
(0.0142842 0 0)
(0.0142842 0 0)
(0.0142842 0 0)
(0.0142842 0 0)
(0.0142842 0 0)
(0.0142842 0 0)
(0.0142842 0 0)
(0.0142842 0 0)
(0.0142842 0 0)
(0.0142842 0 0)
(0.0142842 0 0)
(0.0142842 0 0)
(0.0142842 0 0)
(0.0142842 0 0)
(0.0142842 0 0)
(0.0142842 0 0)
(0.0142842 0 0)
(0.0142842 0 0)
(0.0142842 0 0)
(0.0142842 0 0)
(0.0142842 0 0)
(0.0142842 0 0)
(0.0142842 0 0)
(0.0142842 0 0)
(0.0142842 0 0)
(0.0142842 0 0)
(0.0142842 0 0)
(0.0142842 0 0)
(0.0142842 0 0)
(0.0142842 0 0)
(0.0142842 0 0)
(0.0142842 0 0)
(0.0142842 0 0)
(0.0142842 0 0)
(0.0142842 0 0)
(0.0142842 0 0)
(0.0142842 0 0)
(0.0142842 0 0)
(0.0142842 0 0)
(0.0142842 0 0)
(0.0142842 0 0)
(0.0142842 0 0)
(0.0142842 0 0)
(0.0142842 0 0)
(0.0142842 0 0)
(0.0142842 0 0)
(0.0142842 0 0)
(0.0142842 0 0)
(0.0142842 0 0)
(0.0142842 0 0)
(0.0142842 0 0)
(0.0142842 0 0)
(0.0142842 0 0)
(0.0142842 0 0)
(0.0142842 0 0)
(0.0142842 0 0)
(0.0142842 0 0)
(0.0142842 0 0)
(0.0142842 0 0)
(0.0142842 0 0)
(0.0142842 0 0)
(0.0142842 0 0)
(0.0142842 0 0)
(0.0142842 0 0)
(0.0142842 0 0)
(0.0142842 0 0)
(0.0142842 0 0)
)
;

boundaryField
{
    inlet
    {
        type            fixedValue;
        value           uniform (0 0 0);
    }
    outlet
    {
        type            zeroGradient;
    }
    yzfaces
    {
        type            empty;
    }
}


// ************************************************************************* //
