/*--------------------------------*- C++ -*----------------------------------*\
  =========                 |
  \\      /  F ield         | OpenFOAM: The Open Source CFD Toolbox
   \\    /   O peration     | Website:  https://openfoam.org
    \\  /    A nd           | Version:  10
     \\/     M anipulation  |
\*---------------------------------------------------------------------------*/
FoamFile
{
    format      ascii;
    class       volVectorField;
    location    "0.755";
    object      Ub;
}
// * * * * * * * * * * * * * * * * * * * * * * * * * * * * * * * * * * * * * //

dimensions      [0 1 -1 0 0 0 0];

internalField   nonuniform List<vector> 
100
(
(2.70616e-05 0 0)
(8.22251e-05 0 0)
(0.00013868 0 0)
(0.000195426 0 0)
(0.000252182 0 0)
(0.000308851 0 0)
(0.000365406 0 0)
(0.000421848 0 0)
(0.000478186 0 0)
(0.000534438 0 0)
(0.000590622 0 0)
(0.00064676 0 0)
(0.000702869 0 0)
(0.000758971 0 0)
(0.000815083 0 0)
(0.000871226 0 0)
(0.000927416 0 0)
(0.000983673 0 0)
(0.00104001 0 0)
(0.00109646 0 0)
(0.00115302 0 0)
(0.00120972 0 0)
(0.00126657 0 0)
(0.0013236 0 0)
(0.00138082 0 0)
(0.00143825 0 0)
(0.00149592 0 0)
(0.00155384 0 0)
(0.00161204 0 0)
(0.00167054 0 0)
(0.00172937 0 0)
(0.00178856 0 0)
(0.00184814 0 0)
(0.00190814 0 0)
(0.00196861 0 0)
(0.00202958 0 0)
(0.00209111 0 0)
(0.00215325 0 0)
(0.00221607 0 0)
(0.00227964 0 0)
(0.00234405 0 0)
(0.00240941 0 0)
(0.00247583 0 0)
(0.00254347 0 0)
(0.00261252 0 0)
(0.0026832 0 0)
(0.00275581 0 0)
(0.0028307 0 0)
(0.00290837 0 0)
(0.00298944 0 0)
(0.00307478 0 0)
(0.00316559 0 0)
(0.00326359 0 0)
(0.00337134 0 0)
(0.00349282 0 0)
(0.00363457 0 0)
(0.00380811 0 0)
(0.00403576 0 0)
(0.00436707 0 0)
(0.00493706 0 0)
(0.00625789 0 0)
(0.0100952 0 0)
(0.0136313 0 0)
(0.0142814 0 0)
(0.0142814 0 0)
(0.0142814 0 0)
(0.0142814 0 0)
(0.0142814 0 0)
(0.0142814 0 0)
(0.0142814 0 0)
(0.0142814 0 0)
(0.0142814 0 0)
(0.0142814 0 0)
(0.0142814 0 0)
(0.0142814 0 0)
(0.0142814 0 0)
(0.0142814 0 0)
(0.0142814 0 0)
(0.0142814 0 0)
(0.0142814 0 0)
(0.0142814 0 0)
(0.0142814 0 0)
(0.0142814 0 0)
(0.0142814 0 0)
(0.0142814 0 0)
(0.0142814 0 0)
(0.0142814 0 0)
(0.0142814 0 0)
(0.0142814 0 0)
(0.0142814 0 0)
(0.0142814 0 0)
(0.0142814 0 0)
(0.0142814 0 0)
(0.0142814 0 0)
(0.0142814 0 0)
(0.0142814 0 0)
(0.0142814 0 0)
(0.0142814 0 0)
(0.0142814 0 0)
(0.0142814 0 0)
)
;

boundaryField
{
    inlet
    {
        type            fixedValue;
        value           uniform (0 0 0);
    }
    outlet
    {
        type            zeroGradient;
    }
    yzfaces
    {
        type            empty;
    }
}


// ************************************************************************* //
