/*--------------------------------*- C++ -*----------------------------------*\
  =========                 |
  \\      /  F ield         | OpenFOAM: The Open Source CFD Toolbox
   \\    /   O peration     | Website:  https://openfoam.org
    \\  /    A nd           | Version:  10
     \\/     M anipulation  |
\*---------------------------------------------------------------------------*/
FoamFile
{
    format      ascii;
    class       volVectorField;
    location    "0.44";
    object      Ua;
}
// * * * * * * * * * * * * * * * * * * * * * * * * * * * * * * * * * * * * * //

dimensions      [0 1 -1 0 0 0 0];

internalField   nonuniform List<vector> 
100
(
(0.00709408 0 0)
(0.0141396 0 0)
(0.0140424 0 0)
(0.0139452 0 0)
(0.0138482 0 0)
(0.0137512 0 0)
(0.0136544 0 0)
(0.0135575 0 0)
(0.0134605 0 0)
(0.0133633 0 0)
(0.0132658 0 0)
(0.0131679 0 0)
(0.0130695 0 0)
(0.0129704 0 0)
(0.0128707 0 0)
(0.01277 0 0)
(0.0126684 0 0)
(0.0125657 0 0)
(0.0124616 0 0)
(0.012356 0 0)
(0.0122486 0 0)
(0.012139 0 0)
(0.012027 0 0)
(0.011912 0 0)
(0.0117934 0 0)
(0.0116702 0 0)
(0.0115412 0 0)
(0.0114048 0 0)
(0.0112582 0 0)
(0.0110975 0 0)
(0.0109159 0 0)
(0.0107019 0 0)
(0.0104324 0 0)
(0.0100565 0 0)
(0.0094334 0 0)
(0.00802136 0 0)
(0.0040645 0 0)
(0.000560096 0 0)
(2.29151e-08 0 0)
(0 0 0)
(0 0 0)
(0 0 0)
(0 0 0)
(0 0 0)
(0 0 0)
(0 0 0)
(0 0 0)
(0 0 0)
(0 0 0)
(0 0 0)
(0 0 0)
(0 0 0)
(0 0 0)
(0 0 0)
(0 0 0)
(0 0 0)
(0 0 0)
(0 0 0)
(0 0 0)
(0 0 0)
(0 0 0)
(0 0 0)
(0 0 0)
(0 0 0)
(0 0 0)
(0 0 0)
(0 0 0)
(0 0 0)
(0 0 0)
(0 0 0)
(0 0 0)
(0 0 0)
(0 0 0)
(0 0 0)
(0 0 0)
(0 0 0)
(0 0 0)
(0 0 0)
(0 0 0)
(0 0 0)
(0 0 0)
(0 0 0)
(0 0 0)
(0 0 0)
(0 0 0)
(0 0 0)
(0 0 0)
(0 0 0)
(0 0 0)
(0 0 0)
(0 0 0)
(0 0 0)
(0 0 0)
(0 0 0)
(0 0 0)
(0 0 0)
(0 0 0)
(0 0 0)
(0 0 0)
(0 0 0)
)
;

boundaryField
{
    inlet
    {
        type            fixedValue;
        value           uniform (0 0 0);
    }
    outlet
    {
        type            zeroGradient;
    }
    yzfaces
    {
        type            empty;
    }
}


// ************************************************************************* //
