/*--------------------------------*- C++ -*----------------------------------*\
  =========                 |
  \\      /  F ield         | OpenFOAM: The Open Source CFD Toolbox
   \\    /   O peration     | Website:  https://openfoam.org
    \\  /    A nd           | Version:  10
     \\/     M anipulation  |
\*---------------------------------------------------------------------------*/
FoamFile
{
    format      ascii;
    class       volVectorField;
    location    "0.88";
    object      Ua;
}
// * * * * * * * * * * * * * * * * * * * * * * * * * * * * * * * * * * * * * //

dimensions      [0 1 -1 0 0 0 0];

internalField   nonuniform List<vector> 
100
(
(0.00711733 0 0)
(0.0142106 0 0)
(0.0141623 0 0)
(0.0141136 0 0)
(0.0140649 0 0)
(0.0140162 0 0)
(0.0139676 0 0)
(0.0139191 0 0)
(0.0138706 0 0)
(0.0138223 0 0)
(0.013774 0 0)
(0.0137259 0 0)
(0.0136777 0 0)
(0.0136296 0 0)
(0.0135815 0 0)
(0.0135335 0 0)
(0.0134854 0 0)
(0.0134373 0 0)
(0.0133892 0 0)
(0.0133411 0 0)
(0.0132929 0 0)
(0.0132447 0 0)
(0.0131964 0 0)
(0.013148 0 0)
(0.0130996 0 0)
(0.013051 0 0)
(0.0130023 0 0)
(0.0129536 0 0)
(0.0129046 0 0)
(0.0128556 0 0)
(0.0128063 0 0)
(0.0127569 0 0)
(0.0127073 0 0)
(0.0126576 0 0)
(0.0126076 0 0)
(0.0125574 0 0)
(0.0125069 0 0)
(0.0124562 0 0)
(0.0124052 0 0)
(0.0123538 0 0)
(0.0123022 0 0)
(0.0122502 0 0)
(0.0121978 0 0)
(0.012145 0 0)
(0.0120918 0 0)
(0.0120381 0 0)
(0.0119838 0 0)
(0.0119289 0 0)
(0.0118734 0 0)
(0.0118171 0 0)
(0.01176 0 0)
(0.011702 0 0)
(0.011643 0 0)
(0.0115827 0 0)
(0.0115211 0 0)
(0.0114578 0 0)
(0.0113927 0 0)
(0.0113252 0 0)
(0.011255 0 0)
(0.0111813 0 0)
(0.0111033 0 0)
(0.0110197 0 0)
(0.0109288 0 0)
(0.0108279 0 0)
(0.0107128 0 0)
(0.0105766 0 0)
(0.0104073 0 0)
(0.0101807 0 0)
(0.00984322 0 0)
(0.00924438 0 0)
(0.00779261 0 0)
(0.00379177 0 0)
(0.000424919 0 0)
(7.79069e-09 0 0)
(0 0 0)
(0 0 0)
(0 0 0)
(0 0 0)
(0 0 0)
(0 0 0)
(0 0 0)
(0 0 0)
(0 0 0)
(0 0 0)
(0 0 0)
(0 0 0)
(0 0 0)
(0 0 0)
(0 0 0)
(0 0 0)
(0 0 0)
(0 0 0)
(0 0 0)
(0 0 0)
(0 0 0)
(0 0 0)
(0 0 0)
(0 0 0)
(0 0 0)
(0 0 0)
)
;

boundaryField
{
    inlet
    {
        type            fixedValue;
        value           uniform (0 0 0);
    }
    outlet
    {
        type            zeroGradient;
    }
    yzfaces
    {
        type            empty;
    }
}


// ************************************************************************* //
