/*--------------------------------*- C++ -*----------------------------------*\
  =========                 |
  \\      /  F ield         | OpenFOAM: The Open Source CFD Toolbox
   \\    /   O peration     | Website:  https://openfoam.org
    \\  /    A nd           | Version:  10
     \\/     M anipulation  |
\*---------------------------------------------------------------------------*/
FoamFile
{
    format      ascii;
    class       volVectorField;
    location    "0.88";
    object      Ub;
}
// * * * * * * * * * * * * * * * * * * * * * * * * * * * * * * * * * * * * * //

dimensions      [0 1 -1 0 0 0 0];

internalField   nonuniform List<vector> 
100
(
(2.30169e-05 0 0)
(7.00606e-05 0 0)
(0.000118391 0 0)
(0.000167068 0 0)
(0.000215807 0 0)
(0.000264502 0 0)
(0.000313113 0 0)
(0.000361629 0 0)
(0.000410049 0 0)
(0.000458383 0 0)
(0.00050664 0 0)
(0.000554833 0 0)
(0.000602974 0 0)
(0.000651077 0 0)
(0.000699153 0 0)
(0.000747217 0 0)
(0.000795279 0 0)
(0.000843352 0 0)
(0.000891446 0 0)
(0.000939575 0 0)
(0.000987748 0 0)
(0.00103598 0 0)
(0.00108427 0 0)
(0.00113265 0 0)
(0.00118111 0 0)
(0.00122967 0 0)
(0.00127834 0 0)
(0.00132713 0 0)
(0.00137606 0 0)
(0.00142513 0 0)
(0.00147436 0 0)
(0.00152376 0 0)
(0.00157334 0 0)
(0.00162312 0 0)
(0.00167311 0 0)
(0.00172333 0 0)
(0.00177379 0 0)
(0.00182452 0 0)
(0.00187553 0 0)
(0.00192684 0 0)
(0.00197848 0 0)
(0.00203048 0 0)
(0.00208285 0 0)
(0.00213565 0 0)
(0.00218889 0 0)
(0.00224263 0 0)
(0.00229691 0 0)
(0.00235178 0 0)
(0.00240731 0 0)
(0.00246357 0 0)
(0.00252066 0 0)
(0.00257866 0 0)
(0.00263771 0 0)
(0.00269797 0 0)
(0.00275961 0 0)
(0.00282286 0 0)
(0.00288804 0 0)
(0.0029555 0 0)
(0.00302574 0 0)
(0.00309941 0 0)
(0.00317741 0 0)
(0.00326097 0 0)
(0.00335188 0 0)
(0.0034528 0 0)
(0.0035679 0 0)
(0.00370404 0 0)
(0.00387342 0 0)
(0.00409995 0 0)
(0.00443747 0 0)
(0.00503631 0 0)
(0.00648808 0 0)
(0.0104889 0 0)
(0.0138558 0 0)
(0.0142807 0 0)
(0.0142807 0 0)
(0.0142807 0 0)
(0.0142807 0 0)
(0.0142807 0 0)
(0.0142807 0 0)
(0.0142807 0 0)
(0.0142807 0 0)
(0.0142807 0 0)
(0.0142807 0 0)
(0.0142807 0 0)
(0.0142807 0 0)
(0.0142807 0 0)
(0.0142807 0 0)
(0.0142807 0 0)
(0.0142807 0 0)
(0.0142807 0 0)
(0.0142807 0 0)
(0.0142807 0 0)
(0.0142807 0 0)
(0.0142807 0 0)
(0.0142807 0 0)
(0.0142807 0 0)
(0.0142807 0 0)
(0.0142807 0 0)
(0.0142807 0 0)
(0.0142807 0 0)
)
;

boundaryField
{
    inlet
    {
        type            fixedValue;
        value           uniform (0 0 0);
    }
    outlet
    {
        type            zeroGradient;
    }
    yzfaces
    {
        type            empty;
    }
}


// ************************************************************************* //
