/*--------------------------------*- C++ -*----------------------------------*\
  =========                 |
  \\      /  F ield         | OpenFOAM: The Open Source CFD Toolbox
   \\    /   O peration     | Website:  https://openfoam.org
    \\  /    A nd           | Version:  10
     \\/     M anipulation  |
\*---------------------------------------------------------------------------*/
FoamFile
{
    format      ascii;
    class       volVectorField;
    location    "0.5";
    object      Ua;
}
// * * * * * * * * * * * * * * * * * * * * * * * * * * * * * * * * * * * * * //

dimensions      [0 1 -1 0 0 0 0];

internalField   nonuniform List<vector> 
100
(
(0.0070998 0 0)
(0.0141569 0 0)
(0.0140714 0 0)
(0.0139858 0 0)
(0.0139004 0 0)
(0.0138151 0 0)
(0.0137299 0 0)
(0.0136448 0 0)
(0.0135597 0 0)
(0.0134746 0 0)
(0.0133893 0 0)
(0.0133038 0 0)
(0.013218 0 0)
(0.013132 0 0)
(0.0130455 0 0)
(0.0129585 0 0)
(0.0128711 0 0)
(0.012783 0 0)
(0.0126942 0 0)
(0.0126046 0 0)
(0.0125141 0 0)
(0.0124225 0 0)
(0.0123298 0 0)
(0.0122357 0 0)
(0.01214 0 0)
(0.0120425 0 0)
(0.0119429 0 0)
(0.0118407 0 0)
(0.0117355 0 0)
(0.0116264 0 0)
(0.0115127 0 0)
(0.011393 0 0)
(0.0112653 0 0)
(0.0111269 0 0)
(0.0109732 0 0)
(0.0107968 0 0)
(0.0105841 0 0)
(0.0103083 0 0)
(0.00990687 0 0)
(0.00919683 0 0)
(0.00741067 0 0)
(0.00321566 0 0)
(0.000170004 0 0)
(2.22212e-10 0 0)
(0 0 0)
(0 0 0)
(0 0 0)
(0 0 0)
(0 0 0)
(0 0 0)
(0 0 0)
(0 0 0)
(0 0 0)
(0 0 0)
(0 0 0)
(0 0 0)
(0 0 0)
(0 0 0)
(0 0 0)
(0 0 0)
(0 0 0)
(0 0 0)
(0 0 0)
(0 0 0)
(0 0 0)
(0 0 0)
(0 0 0)
(0 0 0)
(0 0 0)
(0 0 0)
(0 0 0)
(0 0 0)
(0 0 0)
(0 0 0)
(0 0 0)
(0 0 0)
(0 0 0)
(0 0 0)
(0 0 0)
(0 0 0)
(0 0 0)
(0 0 0)
(0 0 0)
(0 0 0)
(0 0 0)
(0 0 0)
(0 0 0)
(0 0 0)
(0 0 0)
(0 0 0)
(0 0 0)
(0 0 0)
(0 0 0)
(0 0 0)
(0 0 0)
(0 0 0)
(0 0 0)
(0 0 0)
(0 0 0)
(0 0 0)
)
;

boundaryField
{
    inlet
    {
        type            fixedValue;
        value           uniform (0 0 0);
    }
    outlet
    {
        type            zeroGradient;
    }
    yzfaces
    {
        type            empty;
    }
}


// ************************************************************************* //
