/*--------------------------------*- C++ -*----------------------------------*\
  =========                 |
  \\      /  F ield         | OpenFOAM: The Open Source CFD Toolbox
   \\    /   O peration     | Website:  https://openfoam.org
    \\  /    A nd           | Version:  10
     \\/     M anipulation  |
\*---------------------------------------------------------------------------*/
FoamFile
{
    format      ascii;
    class       volVectorField;
    location    "0.5";
    object      Ub;
}
// * * * * * * * * * * * * * * * * * * * * * * * * * * * * * * * * * * * * * //

dimensions      [0 1 -1 0 0 0 0];

internalField   nonuniform List<vector> 
100
(
(4.1629e-05 0 0)
(0.000125936 0 0)
(0.000211433 0 0)
(0.000297019 0 0)
(0.000382469 0 0)
(0.000467759 0 0)
(0.000552926 0 0)
(0.000638028 0 0)
(0.00072313 0 0)
(0.000808296 0 0)
(0.000893592 0 0)
(0.000979082 0 0)
(0.00106483 0 0)
(0.00115091 0 0)
(0.00123738 0 0)
(0.00132431 0 0)
(0.00141178 0 0)
(0.00149987 0 0)
(0.00158867 0 0)
(0.00167827 0 0)
(0.00176878 0 0)
(0.00186034 0 0)
(0.00195308 0 0)
(0.00204717 0 0)
(0.00214284 0 0)
(0.00224033 0 0)
(0.00233997 0 0)
(0.00244215 0 0)
(0.00254741 0 0)
(0.00265642 0 0)
(0.00277015 0 0)
(0.00288989 0 0)
(0.00301755 0 0)
(0.00315599 0 0)
(0.00330967 0 0)
(0.00348609 0 0)
(0.00369873 0 0)
(0.00397452 0 0)
(0.00437599 0 0)
(0.00508603 0 0)
(0.00687219 0 0)
(0.0110672 0 0)
(0.0141129 0 0)
(0.0142829 0 0)
(0.0142829 0 0)
(0.0142829 0 0)
(0.0142829 0 0)
(0.0142829 0 0)
(0.0142829 0 0)
(0.0142829 0 0)
(0.0142829 0 0)
(0.0142829 0 0)
(0.0142829 0 0)
(0.0142829 0 0)
(0.0142829 0 0)
(0.0142829 0 0)
(0.0142829 0 0)
(0.0142829 0 0)
(0.0142829 0 0)
(0.0142829 0 0)
(0.0142829 0 0)
(0.0142829 0 0)
(0.0142829 0 0)
(0.0142829 0 0)
(0.0142829 0 0)
(0.0142829 0 0)
(0.0142829 0 0)
(0.0142829 0 0)
(0.0142829 0 0)
(0.0142829 0 0)
(0.0142829 0 0)
(0.0142829 0 0)
(0.0142829 0 0)
(0.0142829 0 0)
(0.0142829 0 0)
(0.0142829 0 0)
(0.0142829 0 0)
(0.0142829 0 0)
(0.0142829 0 0)
(0.0142829 0 0)
(0.0142829 0 0)
(0.0142829 0 0)
(0.0142829 0 0)
(0.0142829 0 0)
(0.0142829 0 0)
(0.0142829 0 0)
(0.0142829 0 0)
(0.0142829 0 0)
(0.0142829 0 0)
(0.0142829 0 0)
(0.0142829 0 0)
(0.0142829 0 0)
(0.0142829 0 0)
(0.0142829 0 0)
(0.0142829 0 0)
(0.0142829 0 0)
(0.0142829 0 0)
(0.0142829 0 0)
(0.0142829 0 0)
(0.0142829 0 0)
)
;

boundaryField
{
    inlet
    {
        type            fixedValue;
        value           uniform (0 0 0);
    }
    outlet
    {
        type            zeroGradient;
    }
    yzfaces
    {
        type            empty;
    }
}


// ************************************************************************* //
