/*--------------------------------*- C++ -*----------------------------------*\
  =========                 |
  \\      /  F ield         | OpenFOAM: The Open Source CFD Toolbox
   \\    /   O peration     | Website:  https://openfoam.org
    \\  /    A nd           | Version:  10
     \\/     M anipulation  |
\*---------------------------------------------------------------------------*/
FoamFile
{
    format      ascii;
    class       volVectorField;
    location    "0.395";
    object      Ub;
}
// * * * * * * * * * * * * * * * * * * * * * * * * * * * * * * * * * * * * * //

dimensions      [0 1 -1 0 0 0 0];

internalField   nonuniform List<vector> 
100
(
(5.31127e-05 0 0)
(0.000160336 0 0)
(0.00026862 0 0)
(0.000376884 0 0)
(0.000484994 0 0)
(0.000593014 0 0)
(0.000701057 0 0)
(0.000809254 0 0)
(0.000917737 0 0)
(0.00102664 0 0)
(0.00113611 0 0)
(0.00124628 0 0)
(0.0013573 0 0)
(0.00146936 0 0)
(0.00158262 0 0)
(0.00169731 0 0)
(0.00181368 0 0)
(0.00193203 0 0)
(0.00205272 0 0)
(0.00217622 0 0)
(0.00230313 0 0)
(0.00243424 0 0)
(0.00257062 0 0)
(0.00271379 0 0)
(0.00286594 0 0)
(0.00303043 0 0)
(0.00321263 0 0)
(0.00342175 0 0)
(0.00367495 0 0)
(0.00400822 0 0)
(0.00451148 0 0)
(0.00548126 0 0)
(0.00826729 0 0)
(0.0123309 0 0)
(0.0142757 0 0)
(0.0142835 0 0)
(0.0142835 0 0)
(0.0142835 0 0)
(0.0142835 0 0)
(0.0142835 0 0)
(0.0142835 0 0)
(0.0142835 0 0)
(0.0142835 0 0)
(0.0142835 0 0)
(0.0142835 0 0)
(0.0142835 0 0)
(0.0142835 0 0)
(0.0142835 0 0)
(0.0142835 0 0)
(0.0142835 0 0)
(0.0142835 0 0)
(0.0142835 0 0)
(0.0142835 0 0)
(0.0142835 0 0)
(0.0142835 0 0)
(0.0142835 0 0)
(0.0142835 0 0)
(0.0142835 0 0)
(0.0142835 0 0)
(0.0142835 0 0)
(0.0142835 0 0)
(0.0142835 0 0)
(0.0142835 0 0)
(0.0142835 0 0)
(0.0142835 0 0)
(0.0142835 0 0)
(0.0142835 0 0)
(0.0142835 0 0)
(0.0142835 0 0)
(0.0142835 0 0)
(0.0142835 0 0)
(0.0142835 0 0)
(0.0142835 0 0)
(0.0142835 0 0)
(0.0142835 0 0)
(0.0142835 0 0)
(0.0142835 0 0)
(0.0142835 0 0)
(0.0142835 0 0)
(0.0142835 0 0)
(0.0142835 0 0)
(0.0142835 0 0)
(0.0142835 0 0)
(0.0142835 0 0)
(0.0142835 0 0)
(0.0142835 0 0)
(0.0142835 0 0)
(0.0142835 0 0)
(0.0142835 0 0)
(0.0142835 0 0)
(0.0142835 0 0)
(0.0142835 0 0)
(0.0142835 0 0)
(0.0142835 0 0)
(0.0142835 0 0)
(0.0142835 0 0)
(0.0142835 0 0)
(0.0142835 0 0)
(0.0142835 0 0)
(0.0142835 0 0)
)
;

boundaryField
{
    inlet
    {
        type            fixedValue;
        value           uniform (0 0 0);
    }
    outlet
    {
        type            zeroGradient;
    }
    yzfaces
    {
        type            empty;
    }
}


// ************************************************************************* //
