/*--------------------------------*- C++ -*----------------------------------*\
  =========                 |
  \\      /  F ield         | OpenFOAM: The Open Source CFD Toolbox
   \\    /   O peration     | Website:  https://openfoam.org
    \\  /    A nd           | Version:  10
     \\/     M anipulation  |
\*---------------------------------------------------------------------------*/
FoamFile
{
    format      ascii;
    class       volVectorField;
    location    "1.41";
    object      Ua;
}
// * * * * * * * * * * * * * * * * * * * * * * * * * * * * * * * * * * * * * //

dimensions      [0 1 -1 0 0 0 0];

internalField   nonuniform List<vector> 
100
(
(0.00712494 0 0)
(0.0142351 0 0)
(0.0142053 0 0)
(0.0141751 0 0)
(0.0141447 0 0)
(0.0141142 0 0)
(0.0140837 0 0)
(0.0140532 0 0)
(0.0140228 0 0)
(0.0139924 0 0)
(0.0139621 0 0)
(0.0139318 0 0)
(0.0139016 0 0)
(0.0138714 0 0)
(0.0138412 0 0)
(0.0138111 0 0)
(0.0137811 0 0)
(0.013751 0 0)
(0.013721 0 0)
(0.013691 0 0)
(0.0136611 0 0)
(0.0136312 0 0)
(0.0136012 0 0)
(0.0135713 0 0)
(0.0135414 0 0)
(0.0135116 0 0)
(0.0134817 0 0)
(0.0134518 0 0)
(0.0134219 0 0)
(0.013392 0 0)
(0.0133621 0 0)
(0.0133322 0 0)
(0.0133023 0 0)
(0.0132724 0 0)
(0.0132425 0 0)
(0.0132125 0 0)
(0.0131825 0 0)
(0.0131525 0 0)
(0.0131225 0 0)
(0.0130924 0 0)
(0.0130623 0 0)
(0.0130322 0 0)
(0.013002 0 0)
(0.0129718 0 0)
(0.0129416 0 0)
(0.0129113 0 0)
(0.012881 0 0)
(0.0128506 0 0)
(0.0128202 0 0)
(0.0127897 0 0)
(0.0127591 0 0)
(0.0127285 0 0)
(0.0126979 0 0)
(0.0126671 0 0)
(0.0126363 0 0)
(0.0126055 0 0)
(0.0125745 0 0)
(0.0125435 0 0)
(0.0125124 0 0)
(0.0124812 0 0)
(0.01245 0 0)
(0.0124186 0 0)
(0.0123871 0 0)
(0.0123556 0 0)
(0.0123239 0 0)
(0.0122922 0 0)
(0.0122603 0 0)
(0.0122283 0 0)
(0.0121961 0 0)
(0.0121639 0 0)
(0.0121315 0 0)
(0.0120989 0 0)
(0.0120662 0 0)
(0.0120334 0 0)
(0.0120004 0 0)
(0.0119671 0 0)
(0.0119337 0 0)
(0.0119001 0 0)
(0.0118663 0 0)
(0.0118323 0 0)
(0.011798 0 0)
(0.0117634 0 0)
(0.0117286 0 0)
(0.0116934 0 0)
(0.0116579 0 0)
(0.011622 0 0)
(0.0115858 0 0)
(0.0115491 0 0)
(0.0115119 0 0)
(0.0114742 0 0)
(0.0114359 0 0)
(0.0113969 0 0)
(0.0113572 0 0)
(0.0113166 0 0)
(0.011275 0 0)
(0.0112323 0 0)
(0.0111883 0 0)
(0.0111427 0 0)
(0.0110953 0 0)
(0.0110456 0 0)
)
;

boundaryField
{
    inlet
    {
        type            fixedValue;
        value           uniform (0 0 0);
    }
    outlet
    {
        type            zeroGradient;
    }
    yzfaces
    {
        type            empty;
    }
}


// ************************************************************************* //
