/*--------------------------------*- C++ -*----------------------------------*\
  =========                 |
  \\      /  F ield         | OpenFOAM: The Open Source CFD Toolbox
   \\    /   O peration     | Website:  https://openfoam.org
    \\  /    A nd           | Version:  10
     \\/     M anipulation  |
\*---------------------------------------------------------------------------*/
FoamFile
{
    format      ascii;
    class       volVectorField;
    location    "1.41";
    object      Ub;
}
// * * * * * * * * * * * * * * * * * * * * * * * * * * * * * * * * * * * * * //

dimensions      [0 1 -1 0 0 0 0];

internalField   nonuniform List<vector> 
100
(
(1.38908e-05 0 0)
(4.25312e-05 0 0)
(7.23361e-05 0 0)
(0.000102574 0 0)
(0.000132988 0 0)
(0.000163467 0 0)
(0.000193954 0 0)
(0.000224418 0 0)
(0.000254845 0 0)
(0.000285227 0 0)
(0.00031556 0 0)
(0.000345844 0 0)
(0.00037608 0 0)
(0.00040627 0 0)
(0.000436416 0 0)
(0.000466522 0 0)
(0.000496591 0 0)
(0.000526627 0 0)
(0.000556632 0 0)
(0.000586611 0 0)
(0.000616566 0 0)
(0.000646501 0 0)
(0.000676418 0 0)
(0.000706323 0 0)
(0.000736216 0 0)
(0.000766102 0 0)
(0.000795983 0 0)
(0.000825862 0 0)
(0.000855742 0 0)
(0.000885626 0 0)
(0.000915516 0 0)
(0.000945415 0 0)
(0.000975326 0 0)
(0.00100525 0 0)
(0.00103519 0 0)
(0.00106515 0 0)
(0.00109514 0 0)
(0.00112514 0 0)
(0.00115518 0 0)
(0.00118524 0 0)
(0.00121533 0 0)
(0.00124546 0 0)
(0.00127562 0 0)
(0.00130582 0 0)
(0.00133607 0 0)
(0.00136635 0 0)
(0.00139669 0 0)
(0.00142707 0 0)
(0.0014575 0 0)
(0.00148799 0 0)
(0.00151853 0 0)
(0.00154913 0 0)
(0.00157979 0 0)
(0.00161052 0 0)
(0.00164132 0 0)
(0.00167218 0 0)
(0.00170312 0 0)
(0.00173414 0 0)
(0.00176524 0 0)
(0.00179642 0 0)
(0.00182769 0 0)
(0.00185905 0 0)
(0.00189051 0 0)
(0.00192207 0 0)
(0.00195373 0 0)
(0.0019855 0 0)
(0.00201738 0 0)
(0.00204939 0 0)
(0.00208152 0 0)
(0.00211378 0 0)
(0.00214618 0 0)
(0.00217872 0 0)
(0.00221142 0 0)
(0.00224428 0 0)
(0.00227731 0 0)
(0.00231052 0 0)
(0.00234392 0 0)
(0.00237752 0 0)
(0.00241134 0 0)
(0.00244539 0 0)
(0.00247969 0 0)
(0.00251426 0 0)
(0.0025491 0 0)
(0.00258426 0 0)
(0.00261976 0 0)
(0.00265561 0 0)
(0.00269187 0 0)
(0.00272856 0 0)
(0.00276574 0 0)
(0.00280345 0 0)
(0.00284175 0 0)
(0.00288073 0 0)
(0.00292045 0 0)
(0.00296104 0 0)
(0.00300261 0 0)
(0.00304532 0 0)
(0.00308935 0 0)
(0.00313494 0 0)
(0.00318239 0 0)
(0.00323208 0 0)
)
;

boundaryField
{
    inlet
    {
        type            fixedValue;
        value           uniform (0 0 0);
    }
    outlet
    {
        type            zeroGradient;
    }
    yzfaces
    {
        type            empty;
    }
}


// ************************************************************************* //
