/*--------------------------------*- C++ -*----------------------------------*\
  =========                 |
  \\      /  F ield         | OpenFOAM: The Open Source CFD Toolbox
   \\    /   O peration     | Website:  https://openfoam.org
    \\  /    A nd           | Version:  10
     \\/     M anipulation  |
\*---------------------------------------------------------------------------*/
FoamFile
{
    format      ascii;
    class       volVectorField;
    location    "0.195";
    object      Ub;
}
// * * * * * * * * * * * * * * * * * * * * * * * * * * * * * * * * * * * * * //

dimensions      [0 1 -1 0 0 0 0];

internalField   nonuniform List<vector> 
100
(
(0.000109274 0 0)
(0.000328665 0 0)
(0.000549294 0 0)
(0.000771155 0 0)
(0.000995269 0 0)
(0.0012229 0 0)
(0.00145554 0 0)
(0.00169506 0 0)
(0.00194399 0 0)
(0.00220599 0 0)
(0.00248676 0 0)
(0.00279588 0 0)
(0.00315118 0 0)
(0.00359019 0 0)
(0.00420774 0 0)
(0.00532303 0 0)
(0.00838784 0 0)
(0.0124919 0 0)
(0.0142802 0 0)
(0.0142846 0 0)
(0.0142846 0 0)
(0.0142846 0 0)
(0.0142846 0 0)
(0.0142846 0 0)
(0.0142846 0 0)
(0.0142846 0 0)
(0.0142846 0 0)
(0.0142846 0 0)
(0.0142846 0 0)
(0.0142846 0 0)
(0.0142846 0 0)
(0.0142846 0 0)
(0.0142846 0 0)
(0.0142846 0 0)
(0.0142846 0 0)
(0.0142846 0 0)
(0.0142846 0 0)
(0.0142846 0 0)
(0.0142846 0 0)
(0.0142846 0 0)
(0.0142846 0 0)
(0.0142846 0 0)
(0.0142846 0 0)
(0.0142846 0 0)
(0.0142846 0 0)
(0.0142846 0 0)
(0.0142846 0 0)
(0.0142846 0 0)
(0.0142846 0 0)
(0.0142846 0 0)
(0.0142846 0 0)
(0.0142846 0 0)
(0.0142846 0 0)
(0.0142846 0 0)
(0.0142846 0 0)
(0.0142846 0 0)
(0.0142846 0 0)
(0.0142846 0 0)
(0.0142846 0 0)
(0.0142846 0 0)
(0.0142846 0 0)
(0.0142846 0 0)
(0.0142846 0 0)
(0.0142846 0 0)
(0.0142846 0 0)
(0.0142846 0 0)
(0.0142846 0 0)
(0.0142846 0 0)
(0.0142846 0 0)
(0.0142846 0 0)
(0.0142846 0 0)
(0.0142846 0 0)
(0.0142846 0 0)
(0.0142846 0 0)
(0.0142846 0 0)
(0.0142846 0 0)
(0.0142846 0 0)
(0.0142846 0 0)
(0.0142846 0 0)
(0.0142846 0 0)
(0.0142846 0 0)
(0.0142846 0 0)
(0.0142846 0 0)
(0.0142846 0 0)
(0.0142846 0 0)
(0.0142846 0 0)
(0.0142846 0 0)
(0.0142846 0 0)
(0.0142846 0 0)
(0.0142846 0 0)
(0.0142846 0 0)
(0.0142846 0 0)
(0.0142846 0 0)
(0.0142846 0 0)
(0.0142846 0 0)
(0.0142846 0 0)
(0.0142846 0 0)
(0.0142846 0 0)
(0.0142846 0 0)
(0.0142846 0 0)
)
;

boundaryField
{
    inlet
    {
        type            fixedValue;
        value           uniform (0 0 0);
    }
    outlet
    {
        type            zeroGradient;
    }
    yzfaces
    {
        type            empty;
    }
}


// ************************************************************************* //
