/*--------------------------------*- C++ -*----------------------------------*\
  =========                 |
  \\      /  F ield         | OpenFOAM: The Open Source CFD Toolbox
   \\    /   O peration     | Website:  https://openfoam.org
    \\  /    A nd           | Version:  10
     \\/     M anipulation  |
\*---------------------------------------------------------------------------*/
FoamFile
{
    format      ascii;
    class       volVectorField;
    location    "0.36";
    object      Ub;
}
// * * * * * * * * * * * * * * * * * * * * * * * * * * * * * * * * * * * * * //

dimensions      [0 1 -1 0 0 0 0];

internalField   nonuniform List<vector> 
100
(
(5.8431e-05 0 0)
(0.00017626 0 0)
(0.000295093 0 0)
(0.000413883 0 0)
(0.000532552 0 0)
(0.000651212 0 0)
(0.000770024 0 0)
(0.000889164 0 0)
(0.00100881 0 0)
(0.00112915 0 0)
(0.00125037 0 0)
(0.00137269 0 0)
(0.00149633 0 0)
(0.00162156 0 0)
(0.00174868 0 0)
(0.00187807 0 0)
(0.00201019 0 0)
(0.0021456 0 0)
(0.00228507 0 0)
(0.00242962 0 0)
(0.00258066 0 0)
(0.00274022 0 0)
(0.00291139 0 0)
(0.00309903 0 0)
(0.00331132 0 0)
(0.00356325 0 0)
(0.0038854 0 0)
(0.00435102 0 0)
(0.00518576 0 0)
(0.00739061 0 0)
(0.0116114 0 0)
(0.014232 0 0)
(0.0142837 0 0)
(0.0142837 0 0)
(0.0142837 0 0)
(0.0142837 0 0)
(0.0142837 0 0)
(0.0142837 0 0)
(0.0142837 0 0)
(0.0142837 0 0)
(0.0142837 0 0)
(0.0142837 0 0)
(0.0142837 0 0)
(0.0142837 0 0)
(0.0142837 0 0)
(0.0142837 0 0)
(0.0142837 0 0)
(0.0142837 0 0)
(0.0142837 0 0)
(0.0142837 0 0)
(0.0142837 0 0)
(0.0142837 0 0)
(0.0142837 0 0)
(0.0142837 0 0)
(0.0142837 0 0)
(0.0142837 0 0)
(0.0142837 0 0)
(0.0142837 0 0)
(0.0142837 0 0)
(0.0142837 0 0)
(0.0142837 0 0)
(0.0142837 0 0)
(0.0142837 0 0)
(0.0142837 0 0)
(0.0142837 0 0)
(0.0142837 0 0)
(0.0142837 0 0)
(0.0142837 0 0)
(0.0142837 0 0)
(0.0142837 0 0)
(0.0142837 0 0)
(0.0142837 0 0)
(0.0142837 0 0)
(0.0142837 0 0)
(0.0142837 0 0)
(0.0142837 0 0)
(0.0142837 0 0)
(0.0142837 0 0)
(0.0142837 0 0)
(0.0142837 0 0)
(0.0142837 0 0)
(0.0142837 0 0)
(0.0142837 0 0)
(0.0142837 0 0)
(0.0142837 0 0)
(0.0142837 0 0)
(0.0142837 0 0)
(0.0142837 0 0)
(0.0142837 0 0)
(0.0142837 0 0)
(0.0142837 0 0)
(0.0142837 0 0)
(0.0142837 0 0)
(0.0142837 0 0)
(0.0142837 0 0)
(0.0142837 0 0)
(0.0142837 0 0)
(0.0142837 0 0)
(0.0142837 0 0)
(0.0142837 0 0)
)
;

boundaryField
{
    inlet
    {
        type            fixedValue;
        value           uniform (0 0 0);
    }
    outlet
    {
        type            zeroGradient;
    }
    yzfaces
    {
        type            empty;
    }
}


// ************************************************************************* //
