/*--------------------------------*- C++ -*----------------------------------*\
  =========                 |
  \\      /  F ield         | OpenFOAM: The Open Source CFD Toolbox
   \\    /   O peration     | Website:  https://openfoam.org
    \\  /    A nd           | Version:  10
     \\/     M anipulation  |
\*---------------------------------------------------------------------------*/
FoamFile
{
    format      ascii;
    class       volVectorField;
    location    "1.39";
    object      Ua;
}
// * * * * * * * * * * * * * * * * * * * * * * * * * * * * * * * * * * * * * //

dimensions      [0 1 -1 0 0 0 0];

internalField   nonuniform List<vector> 
100
(
(0.00712478 0 0)
(0.0142346 0 0)
(0.0142043 0 0)
(0.0141737 0 0)
(0.0141428 0 0)
(0.0141119 0 0)
(0.014081 0 0)
(0.0140501 0 0)
(0.0140192 0 0)
(0.0139884 0 0)
(0.0139576 0 0)
(0.0139269 0 0)
(0.0138963 0 0)
(0.0138656 0 0)
(0.0138351 0 0)
(0.0138045 0 0)
(0.013774 0 0)
(0.0137436 0 0)
(0.0137132 0 0)
(0.0136827 0 0)
(0.0136524 0 0)
(0.013622 0 0)
(0.0135917 0 0)
(0.0135613 0 0)
(0.013531 0 0)
(0.0135007 0 0)
(0.0134704 0 0)
(0.0134401 0 0)
(0.0134097 0 0)
(0.0133794 0 0)
(0.0133491 0 0)
(0.0133188 0 0)
(0.0132884 0 0)
(0.013258 0 0)
(0.0132277 0 0)
(0.0131972 0 0)
(0.0131668 0 0)
(0.0131364 0 0)
(0.0131059 0 0)
(0.0130754 0 0)
(0.0130448 0 0)
(0.0130142 0 0)
(0.0129836 0 0)
(0.0129529 0 0)
(0.0129222 0 0)
(0.0128914 0 0)
(0.0128606 0 0)
(0.0128298 0 0)
(0.0127989 0 0)
(0.0127679 0 0)
(0.0127369 0 0)
(0.0127058 0 0)
(0.0126746 0 0)
(0.0126434 0 0)
(0.0126121 0 0)
(0.0125807 0 0)
(0.0125492 0 0)
(0.0125177 0 0)
(0.0124861 0 0)
(0.0124543 0 0)
(0.0124225 0 0)
(0.0123906 0 0)
(0.0123586 0 0)
(0.0123265 0 0)
(0.0122943 0 0)
(0.0122619 0 0)
(0.0122294 0 0)
(0.0121968 0 0)
(0.0121641 0 0)
(0.0121312 0 0)
(0.0120982 0 0)
(0.012065 0 0)
(0.0120316 0 0)
(0.0119981 0 0)
(0.0119643 0 0)
(0.0119304 0 0)
(0.0118963 0 0)
(0.0118619 0 0)
(0.0118273 0 0)
(0.0117925 0 0)
(0.0117573 0 0)
(0.0117219 0 0)
(0.0116861 0 0)
(0.01165 0 0)
(0.0116135 0 0)
(0.0115766 0 0)
(0.0115392 0 0)
(0.0115013 0 0)
(0.0114628 0 0)
(0.0114237 0 0)
(0.0113839 0 0)
(0.0113432 0 0)
(0.0113017 0 0)
(0.011259 0 0)
(0.0112152 0 0)
(0.0111698 0 0)
(0.0111227 0 0)
(0.0110736 0 0)
(0.0110219 0 0)
(0.0109672 0 0)
)
;

boundaryField
{
    inlet
    {
        type            fixedValue;
        value           uniform (0 0 0);
    }
    outlet
    {
        type            zeroGradient;
    }
    yzfaces
    {
        type            empty;
    }
}


// ************************************************************************* //
