/*--------------------------------*- C++ -*----------------------------------*\
  =========                 |
  \\      /  F ield         | OpenFOAM: The Open Source CFD Toolbox
   \\    /   O peration     | Website:  https://openfoam.org
    \\  /    A nd           | Version:  10
     \\/     M anipulation  |
\*---------------------------------------------------------------------------*/
FoamFile
{
    format      ascii;
    class       volVectorField;
    location    "1.39";
    object      Ub;
}
// * * * * * * * * * * * * * * * * * * * * * * * * * * * * * * * * * * * * * //

dimensions      [0 1 -1 0 0 0 0];

internalField   nonuniform List<vector> 
100
(
(1.41073e-05 0 0)
(4.31861e-05 0 0)
(7.34348e-05 0 0)
(0.000104115 0 0)
(0.000134971 0 0)
(0.000165888 0 0)
(0.00019681 0 0)
(0.000227708 0 0)
(0.000258567 0 0)
(0.000289379 0 0)
(0.000320141 0 0)
(0.000350853 0 0)
(0.000381516 0 0)
(0.000412132 0 0)
(0.000442705 0 0)
(0.000473237 0 0)
(0.000503732 0 0)
(0.000534193 0 0)
(0.000564624 0 0)
(0.000595029 0 0)
(0.000625411 0 0)
(0.000655773 0 0)
(0.000686119 0 0)
(0.000716452 0 0)
(0.000746776 0 0)
(0.000777092 0 0)
(0.000807405 0 0)
(0.000837717 0 0)
(0.000868032 0 0)
(0.000898352 0 0)
(0.000928679 0 0)
(0.000959017 0 0)
(0.000989369 0 0)
(0.00101974 0 0)
(0.00105012 0 0)
(0.00108053 0 0)
(0.00111096 0 0)
(0.00114142 0 0)
(0.0011719 0 0)
(0.00120242 0 0)
(0.00123297 0 0)
(0.00126356 0 0)
(0.00129419 0 0)
(0.00132485 0 0)
(0.00135557 0 0)
(0.00138633 0 0)
(0.00141713 0 0)
(0.00144799 0 0)
(0.00147891 0 0)
(0.00150988 0 0)
(0.00154091 0 0)
(0.00157201 0 0)
(0.00160317 0 0)
(0.0016344 0 0)
(0.00166571 0 0)
(0.00169709 0 0)
(0.00172855 0 0)
(0.00176009 0 0)
(0.00179172 0 0)
(0.00182343 0 0)
(0.00185525 0 0)
(0.00188716 0 0)
(0.00191917 0 0)
(0.00195129 0 0)
(0.00198352 0 0)
(0.00201588 0 0)
(0.00204835 0 0)
(0.00208095 0 0)
(0.00211369 0 0)
(0.00214658 0 0)
(0.00217961 0 0)
(0.0022128 0 0)
(0.00224616 0 0)
(0.0022797 0 0)
(0.00231342 0 0)
(0.00234735 0 0)
(0.00238148 0 0)
(0.00241584 0 0)
(0.00245045 0 0)
(0.00248531 0 0)
(0.00252045 0 0)
(0.00255589 0 0)
(0.00259165 0 0)
(0.00262777 0 0)
(0.00266427 0 0)
(0.00270119 0 0)
(0.00273858 0 0)
(0.00277648 0 0)
(0.00281495 0 0)
(0.00285406 0 0)
(0.00289389 0 0)
(0.00293453 0 0)
(0.0029761 0 0)
(0.00301874 0 0)
(0.00306262 0 0)
(0.00310796 0 0)
(0.00315503 0 0)
(0.00320417 0 0)
(0.00325583 0 0)
(0.0033106 0 0)
)
;

boundaryField
{
    inlet
    {
        type            fixedValue;
        value           uniform (0 0 0);
    }
    outlet
    {
        type            zeroGradient;
    }
    yzfaces
    {
        type            empty;
    }
}


// ************************************************************************* //
