/*--------------------------------*- C++ -*----------------------------------*\
  =========                 |
  \\      /  F ield         | OpenFOAM: The Open Source CFD Toolbox
   \\    /   O peration     | Website:  https://openfoam.org
    \\  /    A nd           | Version:  10
     \\/     M anipulation  |
\*---------------------------------------------------------------------------*/
FoamFile
{
    format      ascii;
    class       volVectorField;
    location    "1.025";
    object      Ua;
}
// * * * * * * * * * * * * * * * * * * * * * * * * * * * * * * * * * * * * * //

dimensions      [0 1 -1 0 0 0 0];

internalField   nonuniform List<vector> 
100
(
(0.00712036 0 0)
(0.0142202 0 0)
(0.0141788 0 0)
(0.014137 0 0)
(0.0140952 0 0)
(0.0140533 0 0)
(0.0140115 0 0)
(0.0139698 0 0)
(0.0139281 0 0)
(0.0138865 0 0)
(0.013845 0 0)
(0.0138036 0 0)
(0.0137622 0 0)
(0.0137208 0 0)
(0.0136796 0 0)
(0.0136383 0 0)
(0.0135971 0 0)
(0.0135558 0 0)
(0.0135146 0 0)
(0.0134734 0 0)
(0.0134322 0 0)
(0.013391 0 0)
(0.0133497 0 0)
(0.0133085 0 0)
(0.0132672 0 0)
(0.0132258 0 0)
(0.0131844 0 0)
(0.013143 0 0)
(0.0131015 0 0)
(0.0130599 0 0)
(0.0130182 0 0)
(0.0129765 0 0)
(0.0129347 0 0)
(0.0128928 0 0)
(0.0128508 0 0)
(0.0128086 0 0)
(0.0127664 0 0)
(0.012724 0 0)
(0.0126815 0 0)
(0.0126389 0 0)
(0.0125961 0 0)
(0.0125531 0 0)
(0.01251 0 0)
(0.0124667 0 0)
(0.0124232 0 0)
(0.0123795 0 0)
(0.0123356 0 0)
(0.0122914 0 0)
(0.012247 0 0)
(0.0122024 0 0)
(0.0121574 0 0)
(0.0121122 0 0)
(0.0120666 0 0)
(0.0120207 0 0)
(0.0119744 0 0)
(0.0119276 0 0)
(0.0118804 0 0)
(0.0118328 0 0)
(0.0117845 0 0)
(0.0117357 0 0)
(0.0116862 0 0)
(0.011636 0 0)
(0.0115849 0 0)
(0.0115329 0 0)
(0.0114797 0 0)
(0.0114253 0 0)
(0.0113695 0 0)
(0.0113119 0 0)
(0.0112522 0 0)
(0.0111901 0 0)
(0.0111248 0 0)
(0.0110558 0 0)
(0.0109819 0 0)
(0.0109015 0 0)
(0.0108127 0 0)
(0.0107119 0 0)
(0.0105939 0 0)
(0.0104494 0 0)
(0.0102614 0 0)
(0.00999424 0 0)
(0.00955912 0 0)
(0.00866517 0 0)
(0.0059921 0 0)
(0.00197762 0 0)
(8.94334e-06 0 0)
(5.16948e-15 0 0)
(0 0 0)
(0 0 0)
(0 0 0)
(0 0 0)
(0 0 0)
(0 0 0)
(0 0 0)
(0 0 0)
(0 0 0)
(0 0 0)
(0 0 0)
(0 0 0)
(0 0 0)
(0 0 0)
)
;

boundaryField
{
    inlet
    {
        type            fixedValue;
        value           uniform (0 0 0);
    }
    outlet
    {
        type            zeroGradient;
    }
    yzfaces
    {
        type            empty;
    }
}


// ************************************************************************* //
