/*--------------------------------*- C++ -*----------------------------------*\
  =========                 |
  \\      /  F ield         | OpenFOAM: The Open Source CFD Toolbox
   \\    /   O peration     | Website:  https://openfoam.org
    \\  /    A nd           | Version:  10
     \\/     M anipulation  |
\*---------------------------------------------------------------------------*/
FoamFile
{
    format      ascii;
    class       volVectorField;
    location    "1.03";
    object      Ua;
}
// * * * * * * * * * * * * * * * * * * * * * * * * * * * * * * * * * * * * * //

dimensions      [0 1 -1 0 0 0 0];

internalField   nonuniform List<vector> 
100
(
(0.00712045 0 0)
(0.0142205 0 0)
(0.0141793 0 0)
(0.0141377 0 0)
(0.0140961 0 0)
(0.0140544 0 0)
(0.0140128 0 0)
(0.0139713 0 0)
(0.0139298 0 0)
(0.0138884 0 0)
(0.0138471 0 0)
(0.0138059 0 0)
(0.0137647 0 0)
(0.0137235 0 0)
(0.0136824 0 0)
(0.0136414 0 0)
(0.0136003 0 0)
(0.0135593 0 0)
(0.0135183 0 0)
(0.0134773 0 0)
(0.0134363 0 0)
(0.0133953 0 0)
(0.0133542 0 0)
(0.0133132 0 0)
(0.0132721 0 0)
(0.0132309 0 0)
(0.0131898 0 0)
(0.0131485 0 0)
(0.0131072 0 0)
(0.0130659 0 0)
(0.0130244 0 0)
(0.0129829 0 0)
(0.0129413 0 0)
(0.0128996 0 0)
(0.0128578 0 0)
(0.0128159 0 0)
(0.0127739 0 0)
(0.0127318 0 0)
(0.0126895 0 0)
(0.0126471 0 0)
(0.0126046 0 0)
(0.0125619 0 0)
(0.012519 0 0)
(0.012476 0 0)
(0.0124327 0 0)
(0.0123893 0 0)
(0.0123456 0 0)
(0.0123018 0 0)
(0.0122576 0 0)
(0.0122133 0 0)
(0.0121686 0 0)
(0.0121237 0 0)
(0.0120784 0 0)
(0.0120328 0 0)
(0.0119868 0 0)
(0.0119405 0 0)
(0.0118937 0 0)
(0.0118464 0 0)
(0.0117986 0 0)
(0.0117502 0 0)
(0.0117011 0 0)
(0.0116514 0 0)
(0.0116008 0 0)
(0.0115494 0 0)
(0.0114969 0 0)
(0.0114432 0 0)
(0.0113882 0 0)
(0.0113315 0 0)
(0.0112729 0 0)
(0.011212 0 0)
(0.0111482 0 0)
(0.011081 0 0)
(0.0110094 0 0)
(0.010932 0 0)
(0.010847 0 0)
(0.0107517 0 0)
(0.0106415 0 0)
(0.0105091 0 0)
(0.0103414 0 0)
(0.0101122 0 0)
(0.00976102 0 0)
(0.00911367 0 0)
(0.00745035 0 0)
(0.00332437 0 0)
(0.000215527 0 0)
(5.62372e-10 0 0)
(0 0 0)
(0 0 0)
(0 0 0)
(0 0 0)
(0 0 0)
(0 0 0)
(0 0 0)
(0 0 0)
(0 0 0)
(0 0 0)
(0 0 0)
(0 0 0)
(0 0 0)
(0 0 0)
)
;

boundaryField
{
    inlet
    {
        type            fixedValue;
        value           uniform (0 0 0);
    }
    outlet
    {
        type            zeroGradient;
    }
    yzfaces
    {
        type            empty;
    }
}


// ************************************************************************* //
