/*--------------------------------*- C++ -*----------------------------------*\
  =========                 |
  \\      /  F ield         | OpenFOAM: The Open Source CFD Toolbox
   \\    /   O peration     | Website:  https://openfoam.org
    \\  /    A nd           | Version:  10
     \\/     M anipulation  |
\*---------------------------------------------------------------------------*/
FoamFile
{
    format      ascii;
    class       volVectorField;
    location    "1.03";
    object      Ub;
}
// * * * * * * * * * * * * * * * * * * * * * * * * * * * * * * * * * * * * * //

dimensions      [0 1 -1 0 0 0 0];

internalField   nonuniform List<vector> 
100
(
(1.94689e-05 0 0)
(5.93738e-05 0 0)
(0.00010054 0 0)
(0.000142095 0 0)
(0.00018376 0 0)
(0.000225422 0 0)
(0.000267033 0 0)
(0.000308572 0 0)
(0.000350034 0 0)
(0.000391418 0 0)
(0.00043273 0 0)
(0.000473975 0 0)
(0.000515163 0 0)
(0.000556299 0 0)
(0.000597394 0 0)
(0.000638454 0 0)
(0.000679489 0 0)
(0.000720506 0 0)
(0.000761513 0 0)
(0.000802517 0 0)
(0.000843526 0 0)
(0.000884546 0 0)
(0.000925586 0 0)
(0.000966652 0 0)
(0.00100775 0 0)
(0.00104889 0 0)
(0.00109007 0 0)
(0.00113131 0 0)
(0.0011726 0 0)
(0.00121396 0 0)
(0.0012554 0 0)
(0.00129691 0 0)
(0.00133851 0 0)
(0.0013802 0 0)
(0.00142199 0 0)
(0.00146389 0 0)
(0.0015059 0 0)
(0.00154803 0 0)
(0.0015903 0 0)
(0.0016327 0 0)
(0.00167525 0 0)
(0.00171796 0 0)
(0.00176083 0 0)
(0.00180388 0 0)
(0.00184712 0 0)
(0.00189055 0 0)
(0.0019342 0 0)
(0.00197808 0 0)
(0.00202219 0 0)
(0.00206656 0 0)
(0.00211121 0 0)
(0.00215616 0 0)
(0.00220142 0 0)
(0.00224702 0 0)
(0.00229299 0 0)
(0.00233937 0 0)
(0.00238618 0 0)
(0.00243347 0 0)
(0.00248128 0 0)
(0.00252967 0 0)
(0.0025787 0 0)
(0.00262845 0 0)
(0.00267899 0 0)
(0.00273045 0 0)
(0.00278294 0 0)
(0.00283662 0 0)
(0.00289168 0 0)
(0.00294836 0 0)
(0.00300696 0 0)
(0.00306787 0 0)
(0.0031316 0 0)
(0.00319883 0 0)
(0.00327047 0 0)
(0.00334784 0 0)
(0.0034328 0 0)
(0.00352816 0 0)
(0.00363834 0 0)
(0.00377069 0 0)
(0.00393839 0 0)
(0.00416766 0 0)
(0.00451881 0 0)
(0.00516616 0 0)
(0.00682948 0 0)
(0.0109555 0 0)
(0.0140643 0 0)
(0.0142798 0 0)
(0.0142798 0 0)
(0.0142798 0 0)
(0.0142798 0 0)
(0.0142798 0 0)
(0.0142798 0 0)
(0.0142798 0 0)
(0.0142798 0 0)
(0.0142798 0 0)
(0.0142798 0 0)
(0.0142798 0 0)
(0.0142798 0 0)
(0.0142798 0 0)
(0.0142798 0 0)
(0.0142798 0 0)
)
;

boundaryField
{
    inlet
    {
        type            fixedValue;
        value           uniform (0 0 0);
    }
    outlet
    {
        type            zeroGradient;
    }
    yzfaces
    {
        type            empty;
    }
}


// ************************************************************************* //
