/*--------------------------------*- C++ -*----------------------------------*\
  =========                 |
  \\      /  F ield         | OpenFOAM: The Open Source CFD Toolbox
   \\    /   O peration     | Website:  https://openfoam.org
    \\  /    A nd           | Version:  10
     \\/     M anipulation  |
\*---------------------------------------------------------------------------*/
FoamFile
{
    format      ascii;
    class       volVectorField;
    location    "1.5";
    object      Ua;
}
// * * * * * * * * * * * * * * * * * * * * * * * * * * * * * * * * * * * * * //

dimensions      [0 1 -1 0 0 0 0];

internalField   nonuniform List<vector> 
100
(
(0.00712558 0 0)
(0.0142373 0 0)
(0.0142094 0 0)
(0.014181 0 0)
(0.0141524 0 0)
(0.0141238 0 0)
(0.0140951 0 0)
(0.0140665 0 0)
(0.0140378 0 0)
(0.0140092 0 0)
(0.0139807 0 0)
(0.0139522 0 0)
(0.0139237 0 0)
(0.0138953 0 0)
(0.013867 0 0)
(0.0138386 0 0)
(0.0138103 0 0)
(0.0137821 0 0)
(0.0137539 0 0)
(0.0137256 0 0)
(0.0136975 0 0)
(0.0136693 0 0)
(0.0136412 0 0)
(0.0136131 0 0)
(0.013585 0 0)
(0.0135569 0 0)
(0.0135288 0 0)
(0.0135007 0 0)
(0.0134726 0 0)
(0.0134445 0 0)
(0.0134165 0 0)
(0.0133884 0 0)
(0.0133603 0 0)
(0.0133322 0 0)
(0.0133041 0 0)
(0.013276 0 0)
(0.0132479 0 0)
(0.0132197 0 0)
(0.0131916 0 0)
(0.0131634 0 0)
(0.0131352 0 0)
(0.013107 0 0)
(0.0130787 0 0)
(0.0130504 0 0)
(0.0130221 0 0)
(0.0129938 0 0)
(0.0129654 0 0)
(0.012937 0 0)
(0.0129086 0 0)
(0.0128801 0 0)
(0.0128515 0 0)
(0.012823 0 0)
(0.0127943 0 0)
(0.0127657 0 0)
(0.0127369 0 0)
(0.0127082 0 0)
(0.0126793 0 0)
(0.0126505 0 0)
(0.0126215 0 0)
(0.0125925 0 0)
(0.0125634 0 0)
(0.0125343 0 0)
(0.0125051 0 0)
(0.0124758 0 0)
(0.0124464 0 0)
(0.012417 0 0)
(0.0123875 0 0)
(0.0123579 0 0)
(0.0123282 0 0)
(0.0122984 0 0)
(0.0122685 0 0)
(0.0122385 0 0)
(0.0122084 0 0)
(0.0121782 0 0)
(0.0121479 0 0)
(0.0121174 0 0)
(0.0120868 0 0)
(0.0120561 0 0)
(0.0120253 0 0)
(0.0119943 0 0)
(0.0119631 0 0)
(0.0119318 0 0)
(0.0119003 0 0)
(0.0118686 0 0)
(0.0118367 0 0)
(0.0118047 0 0)
(0.0117723 0 0)
(0.0117398 0 0)
(0.011707 0 0)
(0.0116739 0 0)
(0.0116405 0 0)
(0.0116068 0 0)
(0.0115727 0 0)
(0.0115383 0 0)
(0.0115034 0 0)
(0.011468 0 0)
(0.0114321 0 0)
(0.0113957 0 0)
(0.0113586 0 0)
(0.0113207 0 0)
)
;

boundaryField
{
    inlet
    {
        type            fixedValue;
        value           uniform (0 0 0);
    }
    outlet
    {
        type            zeroGradient;
    }
    yzfaces
    {
        type            empty;
    }
}


// ************************************************************************* //
