/*--------------------------------*- C++ -*----------------------------------*\
  =========                 |
  \\      /  F ield         | OpenFOAM: The Open Source CFD Toolbox
   \\    /   O peration     | Website:  https://openfoam.org
    \\  /    A nd           | Version:  10
     \\/     M anipulation  |
\*---------------------------------------------------------------------------*/
FoamFile
{
    format      ascii;
    class       volVectorField;
    location    "1.5";
    object      Ub;
}
// * * * * * * * * * * * * * * * * * * * * * * * * * * * * * * * * * * * * * //

dimensions      [0 1 -1 0 0 0 0];

internalField   nonuniform List<vector> 
100
(
(1.29893e-05 0 0)
(3.98029e-05 0 0)
(6.77564e-05 0 0)
(9.61457e-05 0 0)
(0.000124722 0 0)
(0.000153372 0 0)
(0.000182039 0 0)
(0.000210693 0 0)
(0.000239318 0 0)
(0.000267903 0 0)
(0.000296446 0 0)
(0.000324944 0 0)
(0.000353398 0 0)
(0.000381808 0 0)
(0.000410177 0 0)
(0.000438508 0 0)
(0.000466802 0 0)
(0.000495063 0 0)
(0.000523293 0 0)
(0.000551496 0 0)
(0.000579673 0 0)
(0.000607829 0 0)
(0.000635965 0 0)
(0.000664085 0 0)
(0.000692191 0 0)
(0.000720286 0 0)
(0.000748371 0 0)
(0.000776451 0 0)
(0.000804527 0 0)
(0.000832601 0 0)
(0.000860676 0 0)
(0.000888754 0 0)
(0.000916837 0 0)
(0.000944928 0 0)
(0.000973028 0 0)
(0.00100114 0 0)
(0.00102927 0 0)
(0.00105741 0 0)
(0.00108557 0 0)
(0.00111375 0 0)
(0.00114195 0 0)
(0.00117018 0 0)
(0.00119843 0 0)
(0.00122671 0 0)
(0.00125502 0 0)
(0.00128336 0 0)
(0.00131173 0 0)
(0.00134014 0 0)
(0.00136859 0 0)
(0.00139708 0 0)
(0.00142561 0 0)
(0.00145419 0 0)
(0.00148281 0 0)
(0.00151148 0 0)
(0.0015402 0 0)
(0.00156897 0 0)
(0.0015978 0 0)
(0.00162669 0 0)
(0.00165563 0 0)
(0.00168464 0 0)
(0.00171371 0 0)
(0.00174286 0 0)
(0.00177207 0 0)
(0.00180135 0 0)
(0.00183071 0 0)
(0.00186015 0 0)
(0.00188968 0 0)
(0.00191929 0 0)
(0.00194898 0 0)
(0.00197878 0 0)
(0.00200867 0 0)
(0.00203866 0 0)
(0.00206876 0 0)
(0.00209897 0 0)
(0.00212929 0 0)
(0.00215974 0 0)
(0.00219031 0 0)
(0.00222102 0 0)
(0.00225187 0 0)
(0.00228287 0 0)
(0.00231403 0 0)
(0.00234535 0 0)
(0.00237684 0 0)
(0.00240852 0 0)
(0.0024404 0 0)
(0.00247249 0 0)
(0.0025048 0 0)
(0.00253735 0 0)
(0.00257016 0 0)
(0.00260325 0 0)
(0.00263664 0 0)
(0.00267036 0 0)
(0.00270443 0 0)
(0.00273888 0 0)
(0.00277377 0 0)
(0.00280912 0 0)
(0.002845 0 0)
(0.00288146 0 0)
(0.00291857 0 0)
(0.00295642 0 0)
)
;

boundaryField
{
    inlet
    {
        type            fixedValue;
        value           uniform (0 0 0);
    }
    outlet
    {
        type            zeroGradient;
    }
    yzfaces
    {
        type            empty;
    }
}


// ************************************************************************* //
