/*--------------------------------*- C++ -*----------------------------------*\
  =========                 |
  \\      /  F ield         | OpenFOAM: The Open Source CFD Toolbox
   \\    /   O peration     | Website:  https://openfoam.org
    \\  /    A nd           | Version:  10
     \\/     M anipulation  |
\*---------------------------------------------------------------------------*/
FoamFile
{
    format      ascii;
    class       volVectorField;
    location    "0.775";
    object      Ua;
}
// * * * * * * * * * * * * * * * * * * * * * * * * * * * * * * * * * * * * * //

dimensions      [0 1 -1 0 0 0 0];

internalField   nonuniform List<vector> 
100
(
(0.00711432 0 0)
(0.0142013 0 0)
(0.0141463 0 0)
(0.014091 0 0)
(0.0140357 0 0)
(0.0139805 0 0)
(0.0139254 0 0)
(0.0138704 0 0)
(0.0138155 0 0)
(0.0137607 0 0)
(0.0137059 0 0)
(0.0136512 0 0)
(0.0135966 0 0)
(0.0135419 0 0)
(0.0134873 0 0)
(0.0134326 0 0)
(0.0133779 0 0)
(0.0133232 0 0)
(0.0132684 0 0)
(0.0132134 0 0)
(0.0131584 0 0)
(0.0131033 0 0)
(0.013048 0 0)
(0.0129926 0 0)
(0.012937 0 0)
(0.0128812 0 0)
(0.0128252 0 0)
(0.012769 0 0)
(0.0127126 0 0)
(0.0126559 0 0)
(0.0125988 0 0)
(0.0125415 0 0)
(0.0124839 0 0)
(0.0124258 0 0)
(0.0123674 0 0)
(0.0123085 0 0)
(0.0122491 0 0)
(0.0121893 0 0)
(0.0121288 0 0)
(0.0120677 0 0)
(0.0120059 0 0)
(0.0119434 0 0)
(0.0118799 0 0)
(0.0118155 0 0)
(0.0117499 0 0)
(0.0116831 0 0)
(0.0116147 0 0)
(0.0115447 0 0)
(0.0114725 0 0)
(0.011398 0 0)
(0.0113204 0 0)
(0.011239 0 0)
(0.011153 0 0)
(0.0110609 0 0)
(0.0109607 0 0)
(0.0108492 0 0)
(0.0107218 0 0)
(0.0105702 0 0)
(0.0103794 0 0)
(0.0101189 0 0)
(0.00971608 0 0)
(0.00894753 0 0)
(0.00682747 0 0)
(0.00266772 0 0)
(5.47591e-05 0 0)
(3.45049e-12 0 0)
(0 0 0)
(0 0 0)
(0 0 0)
(0 0 0)
(0 0 0)
(0 0 0)
(0 0 0)
(0 0 0)
(0 0 0)
(0 0 0)
(0 0 0)
(0 0 0)
(0 0 0)
(0 0 0)
(0 0 0)
(0 0 0)
(0 0 0)
(0 0 0)
(0 0 0)
(0 0 0)
(0 0 0)
(0 0 0)
(0 0 0)
(0 0 0)
(0 0 0)
(0 0 0)
(0 0 0)
(0 0 0)
(0 0 0)
(0 0 0)
(0 0 0)
(0 0 0)
(0 0 0)
(0 0 0)
)
;

boundaryField
{
    inlet
    {
        type            fixedValue;
        value           uniform (0 0 0);
    }
    outlet
    {
        type            zeroGradient;
    }
    yzfaces
    {
        type            empty;
    }
}


// ************************************************************************* //
