/*--------------------------------*- C++ -*----------------------------------*\
  =========                 |
  \\      /  F ield         | OpenFOAM: The Open Source CFD Toolbox
   \\    /   O peration     | Website:  https://openfoam.org
    \\  /    A nd           | Version:  10
     \\/     M anipulation  |
\*---------------------------------------------------------------------------*/
FoamFile
{
    format      ascii;
    class       volVectorField;
    location    "1.08";
    object      Ua;
}
// * * * * * * * * * * * * * * * * * * * * * * * * * * * * * * * * * * * * * //

dimensions      [0 1 -1 0 0 0 0];

internalField   nonuniform List<vector> 
100
(
(0.00712127 0 0)
(0.0142231 0 0)
(0.0141839 0 0)
(0.0141442 0 0)
(0.0141045 0 0)
(0.0140648 0 0)
(0.014025 0 0)
(0.0139854 0 0)
(0.0139458 0 0)
(0.0139063 0 0)
(0.0138669 0 0)
(0.0138275 0 0)
(0.0137882 0 0)
(0.013749 0 0)
(0.0137098 0 0)
(0.0136706 0 0)
(0.0136315 0 0)
(0.0135924 0 0)
(0.0135532 0 0)
(0.0135142 0 0)
(0.0134751 0 0)
(0.013436 0 0)
(0.0133969 0 0)
(0.0133578 0 0)
(0.0133186 0 0)
(0.0132794 0 0)
(0.0132402 0 0)
(0.013201 0 0)
(0.0131617 0 0)
(0.0131224 0 0)
(0.013083 0 0)
(0.0130435 0 0)
(0.013004 0 0)
(0.0129644 0 0)
(0.0129247 0 0)
(0.012885 0 0)
(0.0128451 0 0)
(0.0128052 0 0)
(0.0127651 0 0)
(0.012725 0 0)
(0.0126847 0 0)
(0.0126443 0 0)
(0.0126037 0 0)
(0.0125631 0 0)
(0.0125222 0 0)
(0.0124813 0 0)
(0.0124401 0 0)
(0.0123988 0 0)
(0.0123573 0 0)
(0.0123156 0 0)
(0.0122736 0 0)
(0.0122315 0 0)
(0.0121891 0 0)
(0.0121465 0 0)
(0.0121036 0 0)
(0.0120604 0 0)
(0.0120169 0 0)
(0.011973 0 0)
(0.0119288 0 0)
(0.0118842 0 0)
(0.0118391 0 0)
(0.0117936 0 0)
(0.0117476 0 0)
(0.011701 0 0)
(0.0116537 0 0)
(0.0116058 0 0)
(0.011557 0 0)
(0.0115073 0 0)
(0.0114566 0 0)
(0.0114047 0 0)
(0.0113515 0 0)
(0.0112966 0 0)
(0.0112398 0 0)
(0.0111806 0 0)
(0.0111187 0 0)
(0.0110532 0 0)
(0.0109832 0 0)
(0.0109075 0 0)
(0.0108241 0 0)
(0.0107301 0 0)
(0.0106211 0 0)
(0.0104894 0 0)
(0.0103217 0 0)
(0.0100907 0 0)
(0.00973361 0 0)
(0.00906656 0 0)
(0.00731778 0 0)
(0.00317166 0 0)
(0.000164238 0 0)
(2.01769e-10 0 0)
(0 0 0)
(0 0 0)
(0 0 0)
(0 0 0)
(0 0 0)
(0 0 0)
(0 0 0)
(0 0 0)
(0 0 0)
(0 0 0)
)
;

boundaryField
{
    inlet
    {
        type            fixedValue;
        value           uniform (0 0 0);
    }
    outlet
    {
        type            zeroGradient;
    }
    yzfaces
    {
        type            empty;
    }
}


// ************************************************************************* //
