/*--------------------------------*- C++ -*----------------------------------*\
  =========                 |
  \\      /  F ield         | OpenFOAM: The Open Source CFD Toolbox
   \\    /   O peration     | Website:  https://openfoam.org
    \\  /    A nd           | Version:  10
     \\/     M anipulation  |
\*---------------------------------------------------------------------------*/
FoamFile
{
    format      ascii;
    class       volVectorField;
    location    "1.19";
    object      Ua;
}
// * * * * * * * * * * * * * * * * * * * * * * * * * * * * * * * * * * * * * //

dimensions      [0 1 -1 0 0 0 0];

internalField   nonuniform List<vector> 
100
(
(0.00712278 0 0)
(0.014228 0 0)
(0.0141925 0 0)
(0.0141565 0 0)
(0.0141205 0 0)
(0.0140844 0 0)
(0.0140483 0 0)
(0.0140123 0 0)
(0.0139763 0 0)
(0.0139404 0 0)
(0.0139046 0 0)
(0.0138688 0 0)
(0.0138331 0 0)
(0.0137974 0 0)
(0.0137618 0 0)
(0.0137262 0 0)
(0.0136906 0 0)
(0.0136551 0 0)
(0.0136196 0 0)
(0.0135842 0 0)
(0.0135487 0 0)
(0.0135132 0 0)
(0.0134778 0 0)
(0.0134423 0 0)
(0.0134069 0 0)
(0.0133714 0 0)
(0.0133359 0 0)
(0.0133005 0 0)
(0.0132649 0 0)
(0.0132294 0 0)
(0.0131938 0 0)
(0.0131582 0 0)
(0.0131225 0 0)
(0.0130868 0 0)
(0.0130511 0 0)
(0.0130153 0 0)
(0.0129794 0 0)
(0.0129435 0 0)
(0.0129075 0 0)
(0.0128715 0 0)
(0.0128353 0 0)
(0.0127991 0 0)
(0.0127628 0 0)
(0.0127265 0 0)
(0.01269 0 0)
(0.0126534 0 0)
(0.0126168 0 0)
(0.01258 0 0)
(0.0125431 0 0)
(0.0125061 0 0)
(0.0124689 0 0)
(0.0124317 0 0)
(0.0123942 0 0)
(0.0123567 0 0)
(0.012319 0 0)
(0.0122811 0 0)
(0.012243 0 0)
(0.0122048 0 0)
(0.0121663 0 0)
(0.0121277 0 0)
(0.0120888 0 0)
(0.0120497 0 0)
(0.0120103 0 0)
(0.0119707 0 0)
(0.0119308 0 0)
(0.0118906 0 0)
(0.01185 0 0)
(0.0118091 0 0)
(0.0117677 0 0)
(0.011726 0 0)
(0.0116838 0 0)
(0.011641 0 0)
(0.0115977 0 0)
(0.0115537 0 0)
(0.011509 0 0)
(0.0114635 0 0)
(0.0114171 0 0)
(0.0113696 0 0)
(0.0113209 0 0)
(0.0112707 0 0)
(0.0112189 0 0)
(0.011165 0 0)
(0.0111087 0 0)
(0.0110494 0 0)
(0.0109863 0 0)
(0.0109185 0 0)
(0.0108443 0 0)
(0.0107618 0 0)
(0.0106676 0 0)
(0.0105565 0 0)
(0.0104196 0 0)
(0.0102404 0 0)
(0.00998467 0 0)
(0.00956831 0 0)
(0.00872042 0 0)
(0.00621365 0 0)
(0.00216073 0 0)
(1.51201e-05 0 0)
(3.37369e-14 0 0)
(0 0 0)
)
;

boundaryField
{
    inlet
    {
        type            fixedValue;
        value           uniform (0 0 0);
    }
    outlet
    {
        type            zeroGradient;
    }
    yzfaces
    {
        type            empty;
    }
}


// ************************************************************************* //
