/*--------------------------------*- C++ -*----------------------------------*\
  =========                 |
  \\      /  F ield         | OpenFOAM: The Open Source CFD Toolbox
   \\    /   O peration     | Website:  https://openfoam.org
    \\  /    A nd           | Version:  10
     \\/     M anipulation  |
\*---------------------------------------------------------------------------*/
FoamFile
{
    format      ascii;
    class       volVectorField;
    location    "1.19";
    object      Ub;
}
// * * * * * * * * * * * * * * * * * * * * * * * * * * * * * * * * * * * * * //

dimensions      [0 1 -1 0 0 0 0];

internalField   nonuniform List<vector> 
100
(
(1.66798e-05 0 0)
(5.09596e-05 0 0)
(8.64631e-05 0 0)
(0.000122382 0 0)
(0.000158445 0 0)
(0.00019454 0 0)
(0.000230612 0 0)
(0.000266636 0 0)
(0.000302601 0 0)
(0.000338502 0 0)
(0.000374341 0 0)
(0.000410119 0 0)
(0.00044584 0 0)
(0.000481511 0 0)
(0.000517135 0 0)
(0.000552719 0 0)
(0.000588268 0 0)
(0.000623787 0 0)
(0.000659281 0 0)
(0.000694757 0 0)
(0.000730218 0 0)
(0.000765671 0 0)
(0.00080112 0 0)
(0.00083657 0 0)
(0.000872024 0 0)
(0.000907489 0 0)
(0.000942969 0 0)
(0.000978467 0 0)
(0.00101399 0 0)
(0.00104954 0 0)
(0.00108512 0 0)
(0.00112073 0 0)
(0.00115639 0 0)
(0.00119209 0 0)
(0.00122784 0 0)
(0.00126364 0 0)
(0.0012995 0 0)
(0.00133541 0 0)
(0.0013714 0 0)
(0.00140745 0 0)
(0.00144358 0 0)
(0.00147978 0 0)
(0.00151607 0 0)
(0.00155245 0 0)
(0.00158891 0 0)
(0.00162548 0 0)
(0.00166215 0 0)
(0.00169893 0 0)
(0.00173582 0 0)
(0.00177284 0 0)
(0.00180998 0 0)
(0.00184725 0 0)
(0.00188467 0 0)
(0.00192224 0 0)
(0.00195996 0 0)
(0.00199784 0 0)
(0.00203591 0 0)
(0.00207415 0 0)
(0.00211259 0 0)
(0.00215125 0 0)
(0.00219012 0 0)
(0.00222923 0 0)
(0.00226859 0 0)
(0.00230822 0 0)
(0.00234813 0 0)
(0.00238836 0 0)
(0.00242893 0 0)
(0.00246985 0 0)
(0.00251118 0 0)
(0.00255293 0 0)
(0.00259516 0 0)
(0.00263791 0 0)
(0.00268124 0 0)
(0.00272521 0 0)
(0.0027699 0 0)
(0.00281541 0 0)
(0.00286184 0 0)
(0.00290934 0 0)
(0.00295806 0 0)
(0.00300821 0 0)
(0.00306005 0 0)
(0.00311391 0 0)
(0.00317022 0 0)
(0.00322953 0 0)
(0.0032926 0 0)
(0.00336047 0 0)
(0.00343459 0 0)
(0.00351713 0 0)
(0.00361134 0 0)
(0.00372245 0 0)
(0.00385936 0 0)
(0.00403855 0 0)
(0.00429424 0 0)
(0.00471061 0 0)
(0.00555849 0 0)
(0.00806527 0 0)
(0.0121182 0 0)
(0.0142638 0 0)
(0.0142789 0 0)
(0.0142789 0 0)
)
;

boundaryField
{
    inlet
    {
        type            fixedValue;
        value           uniform (0 0 0);
    }
    outlet
    {
        type            zeroGradient;
    }
    yzfaces
    {
        type            empty;
    }
}


// ************************************************************************* //
