/*--------------------------------*- C++ -*----------------------------------*\
  =========                 |
  \\      /  F ield         | OpenFOAM: The Open Source CFD Toolbox
   \\    /   O peration     | Website:  https://openfoam.org
    \\  /    A nd           | Version:  10
     \\/     M anipulation  |
\*---------------------------------------------------------------------------*/
FoamFile
{
    format      ascii;
    class       volVectorField;
    location    "0.485";
    object      Ua;
}
// * * * * * * * * * * * * * * * * * * * * * * * * * * * * * * * * * * * * * //

dimensions      [0 1 -1 0 0 0 0];

internalField   nonuniform List<vector> 
100
(
(0.00709851 0 0)
(0.014153 0 0)
(0.0140649 0 0)
(0.0139766 0 0)
(0.0138886 0 0)
(0.0138006 0 0)
(0.0137128 0 0)
(0.0136251 0 0)
(0.0135373 0 0)
(0.0134494 0 0)
(0.0133614 0 0)
(0.0132731 0 0)
(0.0131845 0 0)
(0.0130956 0 0)
(0.0130061 0 0)
(0.0129162 0 0)
(0.0128256 0 0)
(0.0127343 0 0)
(0.0126422 0 0)
(0.0125492 0 0)
(0.0124551 0 0)
(0.0123597 0 0)
(0.012263 0 0)
(0.0121646 0 0)
(0.0120644 0 0)
(0.0119619 0 0)
(0.0118568 0 0)
(0.0117485 0 0)
(0.0116362 0 0)
(0.011519 0 0)
(0.0113955 0 0)
(0.0112635 0 0)
(0.0111201 0 0)
(0.0109602 0 0)
(0.0107756 0 0)
(0.0105509 0 0)
(0.0102549 0 0)
(0.00981214 0 0)
(0.00898865 0 0)
(0.00673992 0 0)
(0.00256247 0 0)
(4.09015e-05 0 0)
(1.16628e-12 0 0)
(0 0 0)
(0 0 0)
(0 0 0)
(0 0 0)
(0 0 0)
(0 0 0)
(0 0 0)
(0 0 0)
(0 0 0)
(0 0 0)
(0 0 0)
(0 0 0)
(0 0 0)
(0 0 0)
(0 0 0)
(0 0 0)
(0 0 0)
(0 0 0)
(0 0 0)
(0 0 0)
(0 0 0)
(0 0 0)
(0 0 0)
(0 0 0)
(0 0 0)
(0 0 0)
(0 0 0)
(0 0 0)
(0 0 0)
(0 0 0)
(0 0 0)
(0 0 0)
(0 0 0)
(0 0 0)
(0 0 0)
(0 0 0)
(0 0 0)
(0 0 0)
(0 0 0)
(0 0 0)
(0 0 0)
(0 0 0)
(0 0 0)
(0 0 0)
(0 0 0)
(0 0 0)
(0 0 0)
(0 0 0)
(0 0 0)
(0 0 0)
(0 0 0)
(0 0 0)
(0 0 0)
(0 0 0)
(0 0 0)
(0 0 0)
(0 0 0)
)
;

boundaryField
{
    inlet
    {
        type            fixedValue;
        value           uniform (0 0 0);
    }
    outlet
    {
        type            zeroGradient;
    }
    yzfaces
    {
        type            empty;
    }
}


// ************************************************************************* //
