/*--------------------------------*- C++ -*----------------------------------*\
  =========                 |
  \\      /  F ield         | OpenFOAM: The Open Source CFD Toolbox
   \\    /   O peration     | Website:  https://openfoam.org
    \\  /    A nd           | Version:  10
     \\/     M anipulation  |
\*---------------------------------------------------------------------------*/
FoamFile
{
    format      ascii;
    class       volVectorField;
    location    "0.485";
    object      Ub;
}
// * * * * * * * * * * * * * * * * * * * * * * * * * * * * * * * * * * * * * //

dimensions      [0 1 -1 0 0 0 0];

internalField   nonuniform List<vector> 
100
(
(4.29647e-05 0 0)
(0.000129939 0 0)
(0.000218088 0 0)
(0.000306311 0 0)
(0.00039439 0 0)
(0.000482311 0 0)
(0.000570118 0 0)
(0.000657876 0 0)
(0.000745656 0 0)
(0.000833528 0 0)
(0.000921565 0 0)
(0.00100984 0 0)
(0.00109842 0 0)
(0.00118738 0 0)
(0.0012768 0 0)
(0.00136676 0 0)
(0.00145734 0 0)
(0.00154863 0 0)
(0.00164074 0 0)
(0.00173378 0 0)
(0.00182789 0 0)
(0.00192322 0 0)
(0.00201995 0 0)
(0.00211831 0 0)
(0.00221855 0 0)
(0.00232101 0 0)
(0.00242613 0 0)
(0.00253445 0 0)
(0.00264671 0 0)
(0.00276391 0 0)
(0.00288746 0 0)
(0.00301942 0 0)
(0.00316287 0 0)
(0.00332275 0 0)
(0.00350739 0 0)
(0.00373207 0 0)
(0.00402809 0 0)
(0.0044708 0 0)
(0.00529429 0 0)
(0.00754303 0 0)
(0.0117205 0 0)
(0.014242 0 0)
(0.0142829 0 0)
(0.0142829 0 0)
(0.0142829 0 0)
(0.0142829 0 0)
(0.0142829 0 0)
(0.0142829 0 0)
(0.0142829 0 0)
(0.0142829 0 0)
(0.0142829 0 0)
(0.0142829 0 0)
(0.0142829 0 0)
(0.0142829 0 0)
(0.0142829 0 0)
(0.0142829 0 0)
(0.0142829 0 0)
(0.0142829 0 0)
(0.0142829 0 0)
(0.0142829 0 0)
(0.0142829 0 0)
(0.0142829 0 0)
(0.0142829 0 0)
(0.0142829 0 0)
(0.0142829 0 0)
(0.0142829 0 0)
(0.0142829 0 0)
(0.0142829 0 0)
(0.0142829 0 0)
(0.0142829 0 0)
(0.0142829 0 0)
(0.0142829 0 0)
(0.0142829 0 0)
(0.0142829 0 0)
(0.0142829 0 0)
(0.0142829 0 0)
(0.0142829 0 0)
(0.0142829 0 0)
(0.0142829 0 0)
(0.0142829 0 0)
(0.0142829 0 0)
(0.0142829 0 0)
(0.0142829 0 0)
(0.0142829 0 0)
(0.0142829 0 0)
(0.0142829 0 0)
(0.0142829 0 0)
(0.0142829 0 0)
(0.0142829 0 0)
(0.0142829 0 0)
(0.0142829 0 0)
(0.0142829 0 0)
(0.0142829 0 0)
(0.0142829 0 0)
(0.0142829 0 0)
(0.0142829 0 0)
(0.0142829 0 0)
(0.0142829 0 0)
(0.0142829 0 0)
(0.0142829 0 0)
)
;

boundaryField
{
    inlet
    {
        type            fixedValue;
        value           uniform (0 0 0);
    }
    outlet
    {
        type            zeroGradient;
    }
    yzfaces
    {
        type            empty;
    }
}


// ************************************************************************* //
