/*--------------------------------*- C++ -*----------------------------------*\
  =========                 |
  \\      /  F ield         | OpenFOAM: The Open Source CFD Toolbox
   \\    /   O peration     | Website:  https://openfoam.org
    \\  /    A nd           | Version:  10
     \\/     M anipulation  |
\*---------------------------------------------------------------------------*/
FoamFile
{
    format      ascii;
    class       volVectorField;
    location    "0.135";
    object      Ub;
}
// * * * * * * * * * * * * * * * * * * * * * * * * * * * * * * * * * * * * * //

dimensions      [0 1 -1 0 0 0 0];

internalField   nonuniform List<vector> 
100
(
(0.000158818 0 0)
(0.000478088 0 0)
(0.000801483 0 0)
(0.00113174 0 0)
(0.00147324 0 0)
(0.0018321 0 0)
(0.00221787 0 0)
(0.00264742 0 0)
(0.00315506 0 0)
(0.0038247 0 0)
(0.00492688 0 0)
(0.00770271 0 0)
(0.0120102 0 0)
(0.0142692 0 0)
(0.0142849 0 0)
(0.0142849 0 0)
(0.0142849 0 0)
(0.0142849 0 0)
(0.0142849 0 0)
(0.0142849 0 0)
(0.0142849 0 0)
(0.0142849 0 0)
(0.0142849 0 0)
(0.0142849 0 0)
(0.0142849 0 0)
(0.0142849 0 0)
(0.0142849 0 0)
(0.0142849 0 0)
(0.0142849 0 0)
(0.0142849 0 0)
(0.0142849 0 0)
(0.0142849 0 0)
(0.0142849 0 0)
(0.0142849 0 0)
(0.0142849 0 0)
(0.0142849 0 0)
(0.0142849 0 0)
(0.0142849 0 0)
(0.0142849 0 0)
(0.0142849 0 0)
(0.0142849 0 0)
(0.0142849 0 0)
(0.0142849 0 0)
(0.0142849 0 0)
(0.0142849 0 0)
(0.0142849 0 0)
(0.0142849 0 0)
(0.0142849 0 0)
(0.0142849 0 0)
(0.0142849 0 0)
(0.0142849 0 0)
(0.0142849 0 0)
(0.0142849 0 0)
(0.0142849 0 0)
(0.0142849 0 0)
(0.0142849 0 0)
(0.0142849 0 0)
(0.0142849 0 0)
(0.0142849 0 0)
(0.0142849 0 0)
(0.0142849 0 0)
(0.0142849 0 0)
(0.0142849 0 0)
(0.0142849 0 0)
(0.0142849 0 0)
(0.0142849 0 0)
(0.0142849 0 0)
(0.0142849 0 0)
(0.0142849 0 0)
(0.0142849 0 0)
(0.0142849 0 0)
(0.0142849 0 0)
(0.0142849 0 0)
(0.0142849 0 0)
(0.0142849 0 0)
(0.0142849 0 0)
(0.0142849 0 0)
(0.0142849 0 0)
(0.0142849 0 0)
(0.0142849 0 0)
(0.0142849 0 0)
(0.0142849 0 0)
(0.0142849 0 0)
(0.0142849 0 0)
(0.0142849 0 0)
(0.0142849 0 0)
(0.0142849 0 0)
(0.0142849 0 0)
(0.0142849 0 0)
(0.0142849 0 0)
(0.0142849 0 0)
(0.0142849 0 0)
(0.0142849 0 0)
(0.0142849 0 0)
(0.0142849 0 0)
(0.0142849 0 0)
(0.0142849 0 0)
(0.0142849 0 0)
(0.0142849 0 0)
(0.0142849 0 0)
)
;

boundaryField
{
    inlet
    {
        type            fixedValue;
        value           uniform (0 0 0);
    }
    outlet
    {
        type            zeroGradient;
    }
    yzfaces
    {
        type            empty;
    }
}


// ************************************************************************* //
