/*--------------------------------*- C++ -*----------------------------------*\
  =========                 |
  \\      /  F ield         | OpenFOAM: The Open Source CFD Toolbox
   \\    /   O peration     | Website:  https://openfoam.org
    \\  /    A nd           | Version:  10
     \\/     M anipulation  |
\*---------------------------------------------------------------------------*/
FoamFile
{
    format      ascii;
    class       volVectorField;
    location    "1.155";
    object      Ub;
}
// * * * * * * * * * * * * * * * * * * * * * * * * * * * * * * * * * * * * * //

dimensions      [0 1 -1 0 0 0 0];

internalField   nonuniform List<vector> 
100
(
(1.7223e-05 0 0)
(5.25996e-05 0 0)
(8.92086e-05 0 0)
(0.000126228 0 0)
(0.000163386 0 0)
(0.000200569 0 0)
(0.000237723 0 0)
(0.000274824 0 0)
(0.000311862 0 0)
(0.000348834 0 0)
(0.00038574 0 0)
(0.000422584 0 0)
(0.000459371 0 0)
(0.000496107 0 0)
(0.000532797 0 0)
(0.000569446 0 0)
(0.000606062 0 0)
(0.00064265 0 0)
(0.000679216 0 0)
(0.000715764 0 0)
(0.000752302 0 0)
(0.000788835 0 0)
(0.000825367 0 0)
(0.000861903 0 0)
(0.00089845 0 0)
(0.000935011 0 0)
(0.000971591 0 0)
(0.0010082 0 0)
(0.00104483 0 0)
(0.0010815 0 0)
(0.0011182 0 0)
(0.00115495 0 0)
(0.00119175 0 0)
(0.00122859 0 0)
(0.0012655 0 0)
(0.00130246 0 0)
(0.00133949 0 0)
(0.00137659 0 0)
(0.00141377 0 0)
(0.00145103 0 0)
(0.00148837 0 0)
(0.0015258 0 0)
(0.00156333 0 0)
(0.00160096 0 0)
(0.0016387 0 0)
(0.00167654 0 0)
(0.00171451 0 0)
(0.00175261 0 0)
(0.00179083 0 0)
(0.0018292 0 0)
(0.00186772 0 0)
(0.00190639 0 0)
(0.00194522 0 0)
(0.00198423 0 0)
(0.00202342 0 0)
(0.00206281 0 0)
(0.00210241 0 0)
(0.00214222 0 0)
(0.00218227 0 0)
(0.00222258 0 0)
(0.00226314 0 0)
(0.002304 0 0)
(0.00234516 0 0)
(0.00238666 0 0)
(0.00242852 0 0)
(0.00247077 0 0)
(0.00251344 0 0)
(0.00255658 0 0)
(0.00260024 0 0)
(0.00264446 0 0)
(0.00268932 0 0)
(0.00273488 0 0)
(0.00278123 0 0)
(0.00282849 0 0)
(0.00287678 0 0)
(0.00292626 0 0)
(0.00297713 0 0)
(0.00302962 0 0)
(0.00308405 0 0)
(0.00314083 0 0)
(0.00320047 0 0)
(0.00326367 0 0)
(0.00333141 0 0)
(0.00340501 0 0)
(0.00348646 0 0)
(0.00357868 0 0)
(0.00368635 0 0)
(0.00381728 0 0)
(0.00398563 0 0)
(0.00421991 0 0)
(0.00458712 0 0)
(0.00528728 0 0)
(0.0071799 0 0)
(0.0113359 0 0)
(0.0141749 0 0)
(0.0142791 0 0)
(0.0142791 0 0)
(0.0142791 0 0)
(0.0142791 0 0)
(0.0142791 0 0)
)
;

boundaryField
{
    inlet
    {
        type            fixedValue;
        value           uniform (0 0 0);
    }
    outlet
    {
        type            zeroGradient;
    }
    yzfaces
    {
        type            empty;
    }
}


// ************************************************************************* //
