/*--------------------------------*- C++ -*----------------------------------*\
  =========                 |
  \\      /  F ield         | OpenFOAM: The Open Source CFD Toolbox
   \\    /   O peration     | Website:  https://openfoam.org
    \\  /    A nd           | Version:  10
     \\/     M anipulation  |
\*---------------------------------------------------------------------------*/
FoamFile
{
    format      ascii;
    class       volVectorField;
    location    "0.205";
    object      Ub;
}
// * * * * * * * * * * * * * * * * * * * * * * * * * * * * * * * * * * * * * //

dimensions      [0 1 -1 0 0 0 0];

internalField   nonuniform List<vector> 
100
(
(0.000103855 0 0)
(0.000312388 0 0)
(0.000522035 0 0)
(0.000732608 0 0)
(0.000944944 0 0)
(0.00116009 0 0)
(0.00137925 0 0)
(0.0016039 0 0)
(0.00183595 0 0)
(0.00207804 0 0)
(0.00233409 0 0)
(0.0026103 0 0)
(0.00291738 0 0)
(0.00327561 0 0)
(0.0037291 0 0)
(0.00439429 0 0)
(0.00569243 0 0)
(0.00935454 0 0)
(0.0132047 0 0)
(0.0142842 0 0)
(0.0142845 0 0)
(0.0142845 0 0)
(0.0142845 0 0)
(0.0142845 0 0)
(0.0142845 0 0)
(0.0142845 0 0)
(0.0142845 0 0)
(0.0142845 0 0)
(0.0142845 0 0)
(0.0142845 0 0)
(0.0142845 0 0)
(0.0142845 0 0)
(0.0142845 0 0)
(0.0142845 0 0)
(0.0142845 0 0)
(0.0142845 0 0)
(0.0142845 0 0)
(0.0142845 0 0)
(0.0142845 0 0)
(0.0142845 0 0)
(0.0142845 0 0)
(0.0142845 0 0)
(0.0142845 0 0)
(0.0142845 0 0)
(0.0142845 0 0)
(0.0142845 0 0)
(0.0142845 0 0)
(0.0142845 0 0)
(0.0142845 0 0)
(0.0142845 0 0)
(0.0142845 0 0)
(0.0142845 0 0)
(0.0142845 0 0)
(0.0142845 0 0)
(0.0142845 0 0)
(0.0142845 0 0)
(0.0142845 0 0)
(0.0142845 0 0)
(0.0142845 0 0)
(0.0142845 0 0)
(0.0142845 0 0)
(0.0142845 0 0)
(0.0142845 0 0)
(0.0142845 0 0)
(0.0142845 0 0)
(0.0142845 0 0)
(0.0142845 0 0)
(0.0142845 0 0)
(0.0142845 0 0)
(0.0142845 0 0)
(0.0142845 0 0)
(0.0142845 0 0)
(0.0142845 0 0)
(0.0142845 0 0)
(0.0142845 0 0)
(0.0142845 0 0)
(0.0142845 0 0)
(0.0142845 0 0)
(0.0142845 0 0)
(0.0142845 0 0)
(0.0142845 0 0)
(0.0142845 0 0)
(0.0142845 0 0)
(0.0142845 0 0)
(0.0142845 0 0)
(0.0142845 0 0)
(0.0142845 0 0)
(0.0142845 0 0)
(0.0142845 0 0)
(0.0142845 0 0)
(0.0142845 0 0)
(0.0142845 0 0)
(0.0142845 0 0)
(0.0142845 0 0)
(0.0142845 0 0)
(0.0142845 0 0)
(0.0142845 0 0)
(0.0142845 0 0)
(0.0142845 0 0)
(0.0142845 0 0)
)
;

boundaryField
{
    inlet
    {
        type            fixedValue;
        value           uniform (0 0 0);
    }
    outlet
    {
        type            zeroGradient;
    }
    yzfaces
    {
        type            empty;
    }
}


// ************************************************************************* //
