/*--------------------------------*- C++ -*----------------------------------*\
  =========                 |
  \\      /  F ield         | OpenFOAM: The Open Source CFD Toolbox
   \\    /   O peration     | Website:  https://openfoam.org
    \\  /    A nd           | Version:  10
     \\/     M anipulation  |
\*---------------------------------------------------------------------------*/
FoamFile
{
    format      ascii;
    class       volVectorField;
    location    "1.095";
    object      Ua;
}
// * * * * * * * * * * * * * * * * * * * * * * * * * * * * * * * * * * * * * //

dimensions      [0 1 -1 0 0 0 0];

internalField   nonuniform List<vector> 
100
(
(0.00712149 0 0)
(0.0142238 0 0)
(0.0141851 0 0)
(0.0141461 0 0)
(0.0141069 0 0)
(0.0140677 0 0)
(0.0140285 0 0)
(0.0139894 0 0)
(0.0139504 0 0)
(0.0139114 0 0)
(0.0138725 0 0)
(0.0138337 0 0)
(0.0137949 0 0)
(0.0137562 0 0)
(0.0137175 0 0)
(0.0136789 0 0)
(0.0136402 0 0)
(0.0136017 0 0)
(0.0135631 0 0)
(0.0135245 0 0)
(0.013486 0 0)
(0.0134474 0 0)
(0.0134089 0 0)
(0.0133703 0 0)
(0.0133317 0 0)
(0.0132931 0 0)
(0.0132545 0 0)
(0.0132158 0 0)
(0.013177 0 0)
(0.0131383 0 0)
(0.0130995 0 0)
(0.0130606 0 0)
(0.0130216 0 0)
(0.0129826 0 0)
(0.0129435 0 0)
(0.0129044 0 0)
(0.0128651 0 0)
(0.0128258 0 0)
(0.0127863 0 0)
(0.0127468 0 0)
(0.0127072 0 0)
(0.0126674 0 0)
(0.0126275 0 0)
(0.0125875 0 0)
(0.0125473 0 0)
(0.012507 0 0)
(0.0124665 0 0)
(0.0124259 0 0)
(0.0123851 0 0)
(0.0123441 0 0)
(0.0123029 0 0)
(0.0122616 0 0)
(0.01222 0 0)
(0.0121781 0 0)
(0.012136 0 0)
(0.0120937 0 0)
(0.012051 0 0)
(0.0120081 0 0)
(0.0119648 0 0)
(0.0119211 0 0)
(0.0118771 0 0)
(0.0118326 0 0)
(0.0117877 0 0)
(0.0117423 0 0)
(0.0116963 0 0)
(0.0116497 0 0)
(0.0116024 0 0)
(0.0115543 0 0)
(0.0115053 0 0)
(0.0114553 0 0)
(0.0114042 0 0)
(0.0113518 0 0)
(0.0112977 0 0)
(0.0112418 0 0)
(0.0111837 0 0)
(0.0111228 0 0)
(0.0110586 0 0)
(0.0109901 0 0)
(0.0109161 0 0)
(0.0108348 0 0)
(0.0107437 0 0)
(0.0106384 0 0)
(0.0105124 0 0)
(0.0103534 0 0)
(0.0101379 0 0)
(0.00981302 0 0)
(0.00923168 0 0)
(0.0078199 0 0)
(0.00386073 0 0)
(0.000465559 0 0)
(1.13075e-08 0 0)
(0 0 0)
(0 0 0)
(0 0 0)
(0 0 0)
(0 0 0)
(0 0 0)
(0 0 0)
(0 0 0)
(0 0 0)
)
;

boundaryField
{
    inlet
    {
        type            fixedValue;
        value           uniform (0 0 0);
    }
    outlet
    {
        type            zeroGradient;
    }
    yzfaces
    {
        type            empty;
    }
}


// ************************************************************************* //
