/*--------------------------------*- C++ -*----------------------------------*\
  =========                 |
  \\      /  F ield         | OpenFOAM: The Open Source CFD Toolbox
   \\    /   O peration     | Website:  https://openfoam.org
    \\  /    A nd           | Version:  10
     \\/     M anipulation  |
\*---------------------------------------------------------------------------*/
FoamFile
{
    format      ascii;
    class       volVectorField;
    location    "1.095";
    object      Ub;
}
// * * * * * * * * * * * * * * * * * * * * * * * * * * * * * * * * * * * * * //

dimensions      [0 1 -1 0 0 0 0];

internalField   nonuniform List<vector> 
100
(
(1.82362e-05 0 0)
(5.56568e-05 0 0)
(9.43245e-05 0 0)
(0.000133393 0 0)
(0.000172588 0 0)
(0.000211794 0 0)
(0.000250962 0 0)
(0.000290068 0 0)
(0.000329105 0 0)
(0.000368069 0 0)
(0.000406964 0 0)
(0.000445795 0 0)
(0.000484568 0 0)
(0.00052329 0 0)
(0.000561966 0 0)
(0.000600605 0 0)
(0.000639212 0 0)
(0.000677796 0 0)
(0.000716362 0 0)
(0.000754917 0 0)
(0.000793467 0 0)
(0.000832019 0 0)
(0.000870578 0 0)
(0.00090915 0 0)
(0.000947742 0 0)
(0.000986358 0 0)
(0.001025 0 0)
(0.00106369 0 0)
(0.00110241 0 0)
(0.00114118 0 0)
(0.00118 0 0)
(0.00121888 0 0)
(0.00125783 0 0)
(0.00129684 0 0)
(0.00133592 0 0)
(0.00137509 0 0)
(0.00141434 0 0)
(0.00145368 0 0)
(0.00149312 0 0)
(0.00153266 0 0)
(0.00157231 0 0)
(0.00161208 0 0)
(0.00165197 0 0)
(0.00169199 0 0)
(0.00173215 0 0)
(0.00177246 0 0)
(0.00181292 0 0)
(0.00185355 0 0)
(0.00189435 0 0)
(0.00193533 0 0)
(0.00197651 0 0)
(0.0020179 0 0)
(0.00205951 0 0)
(0.00210135 0 0)
(0.00214344 0 0)
(0.0021858 0 0)
(0.00222845 0 0)
(0.0022714 0 0)
(0.00231469 0 0)
(0.00235833 0 0)
(0.00240237 0 0)
(0.00244683 0 0)
(0.00249175 0 0)
(0.00253718 0 0)
(0.00258317 0 0)
(0.00262978 0 0)
(0.00267709 0 0)
(0.00272517 0 0)
(0.00277414 0 0)
(0.00282411 0 0)
(0.00287524 0 0)
(0.0029277 0 0)
(0.00298174 0 0)
(0.00303764 0 0)
(0.00309577 0 0)
(0.00315664 0 0)
(0.00322087 0 0)
(0.00328937 0 0)
(0.00336336 0 0)
(0.00344462 0 0)
(0.0035358 0 0)
(0.00364102 0 0)
(0.00376708 0 0)
(0.00392606 0 0)
(0.00414154 0 0)
(0.00446644 0 0)
(0.00504778 0 0)
(0.00645956 0 0)
(0.0104187 0 0)
(0.0138139 0 0)
(0.0142794 0 0)
(0.0142795 0 0)
(0.0142795 0 0)
(0.0142795 0 0)
(0.0142795 0 0)
(0.0142795 0 0)
(0.0142795 0 0)
(0.0142795 0 0)
(0.0142795 0 0)
(0.0142795 0 0)
)
;

boundaryField
{
    inlet
    {
        type            fixedValue;
        value           uniform (0 0 0);
    }
    outlet
    {
        type            zeroGradient;
    }
    yzfaces
    {
        type            empty;
    }
}


// ************************************************************************* //
