/*--------------------------------*- C++ -*----------------------------------*\
  =========                 |
  \\      /  F ield         | OpenFOAM: The Open Source CFD Toolbox
   \\    /   O peration     | Website:  https://openfoam.org
    \\  /    A nd           | Version:  10
     \\/     M anipulation  |
\*---------------------------------------------------------------------------*/
FoamFile
{
    format      ascii;
    class       volVectorField;
    location    "0.1";
    object      Ub;
}
// * * * * * * * * * * * * * * * * * * * * * * * * * * * * * * * * * * * * * //

dimensions      [0 1 -1 0 0 0 0];

internalField   nonuniform List<vector> 
100
(
(0.00021571 0 0)
(0.000651534 0 0)
(0.00110012 0 0)
(0.00157178 0 0)
(0.00208358 0 0)
(0.0026678 0 0)
(0.00339958 0 0)
(0.00451014 0 0)
(0.00703921 0 0)
(0.0115331 0 0)
(0.0142388 0 0)
(0.0142851 0 0)
(0.0142851 0 0)
(0.0142851 0 0)
(0.0142851 0 0)
(0.0142851 0 0)
(0.0142851 0 0)
(0.0142851 0 0)
(0.0142851 0 0)
(0.0142851 0 0)
(0.0142851 0 0)
(0.0142851 0 0)
(0.0142851 0 0)
(0.0142851 0 0)
(0.0142851 0 0)
(0.0142851 0 0)
(0.0142851 0 0)
(0.0142851 0 0)
(0.0142851 0 0)
(0.0142851 0 0)
(0.0142851 0 0)
(0.0142851 0 0)
(0.0142851 0 0)
(0.0142851 0 0)
(0.0142851 0 0)
(0.0142851 0 0)
(0.0142851 0 0)
(0.0142851 0 0)
(0.0142851 0 0)
(0.0142851 0 0)
(0.0142851 0 0)
(0.0142851 0 0)
(0.0142851 0 0)
(0.0142851 0 0)
(0.0142851 0 0)
(0.0142851 0 0)
(0.0142851 0 0)
(0.0142851 0 0)
(0.0142851 0 0)
(0.0142851 0 0)
(0.0142851 0 0)
(0.0142851 0 0)
(0.0142851 0 0)
(0.0142851 0 0)
(0.0142851 0 0)
(0.0142851 0 0)
(0.0142851 0 0)
(0.0142851 0 0)
(0.0142851 0 0)
(0.0142851 0 0)
(0.0142851 0 0)
(0.0142851 0 0)
(0.0142851 0 0)
(0.0142851 0 0)
(0.0142851 0 0)
(0.0142851 0 0)
(0.0142851 0 0)
(0.0142851 0 0)
(0.0142851 0 0)
(0.0142851 0 0)
(0.0142851 0 0)
(0.0142851 0 0)
(0.0142851 0 0)
(0.0142851 0 0)
(0.0142851 0 0)
(0.0142851 0 0)
(0.0142851 0 0)
(0.0142851 0 0)
(0.0142851 0 0)
(0.0142851 0 0)
(0.0142851 0 0)
(0.0142851 0 0)
(0.0142851 0 0)
(0.0142851 0 0)
(0.0142851 0 0)
(0.0142851 0 0)
(0.0142851 0 0)
(0.0142851 0 0)
(0.0142851 0 0)
(0.0142851 0 0)
(0.0142851 0 0)
(0.0142851 0 0)
(0.0142851 0 0)
(0.0142851 0 0)
(0.0142851 0 0)
(0.0142851 0 0)
(0.0142851 0 0)
(0.0142851 0 0)
(0.0142851 0 0)
(0.0142851 0 0)
)
;

boundaryField
{
    inlet
    {
        type            fixedValue;
        value           uniform (0 0 0);
    }
    outlet
    {
        type            zeroGradient;
    }
    yzfaces
    {
        type            empty;
    }
}


// ************************************************************************* //
