/*--------------------------------*- C++ -*----------------------------------*\
  =========                 |
  \\      /  F ield         | OpenFOAM: The Open Source CFD Toolbox
   \\    /   O peration     | Website:  https://openfoam.org
    \\  /    A nd           | Version:  10
     \\/     M anipulation  |
\*---------------------------------------------------------------------------*/
FoamFile
{
    format      ascii;
    class       volVectorField;
    location    "0.74";
    object      Ua;
}
// * * * * * * * * * * * * * * * * * * * * * * * * * * * * * * * * * * * * * //

dimensions      [0 1 -1 0 0 0 0];

internalField   nonuniform List<vector> 
100
(
(0.0071131 0 0)
(0.0141975 0 0)
(0.0141399 0 0)
(0.014082 0 0)
(0.0140241 0 0)
(0.0139663 0 0)
(0.0139086 0 0)
(0.0138511 0 0)
(0.0137936 0 0)
(0.0137362 0 0)
(0.0136789 0 0)
(0.0136216 0 0)
(0.0135643 0 0)
(0.0135071 0 0)
(0.0134498 0 0)
(0.0133925 0 0)
(0.0133352 0 0)
(0.0132777 0 0)
(0.0132202 0 0)
(0.0131625 0 0)
(0.0131047 0 0)
(0.0130468 0 0)
(0.0129887 0 0)
(0.0129304 0 0)
(0.0128719 0 0)
(0.0128131 0 0)
(0.0127541 0 0)
(0.0126948 0 0)
(0.0126353 0 0)
(0.0125753 0 0)
(0.012515 0 0)
(0.0124544 0 0)
(0.0123932 0 0)
(0.0123317 0 0)
(0.0122695 0 0)
(0.0122069 0 0)
(0.0121436 0 0)
(0.0120796 0 0)
(0.0120148 0 0)
(0.0119492 0 0)
(0.0118826 0 0)
(0.0118149 0 0)
(0.0117459 0 0)
(0.0116755 0 0)
(0.0116034 0 0)
(0.0115293 0 0)
(0.0114529 0 0)
(0.0113735 0 0)
(0.0112906 0 0)
(0.0112032 0 0)
(0.0111101 0 0)
(0.0110094 0 0)
(0.0108983 0 0)
(0.0107724 0 0)
(0.0106246 0 0)
(0.0104419 0 0)
(0.0101986 0 0)
(0.00983593 0 0)
(0.00918517 0 0)
(0.00755661 0 0)
(0.00343202 0 0)
(0.000253409 0 0)
(1.03071e-09 0 0)
(0 0 0)
(0 0 0)
(0 0 0)
(0 0 0)
(0 0 0)
(0 0 0)
(0 0 0)
(0 0 0)
(0 0 0)
(0 0 0)
(0 0 0)
(0 0 0)
(0 0 0)
(0 0 0)
(0 0 0)
(0 0 0)
(0 0 0)
(0 0 0)
(0 0 0)
(0 0 0)
(0 0 0)
(0 0 0)
(0 0 0)
(0 0 0)
(0 0 0)
(0 0 0)
(0 0 0)
(0 0 0)
(0 0 0)
(0 0 0)
(0 0 0)
(0 0 0)
(0 0 0)
(0 0 0)
(0 0 0)
(0 0 0)
(0 0 0)
)
;

boundaryField
{
    inlet
    {
        type            fixedValue;
        value           uniform (0 0 0);
    }
    outlet
    {
        type            zeroGradient;
    }
    yzfaces
    {
        type            empty;
    }
}


// ************************************************************************* //
