/*--------------------------------*- C++ -*----------------------------------*\
  =========                 |
  \\      /  F ield         | OpenFOAM: The Open Source CFD Toolbox
   \\    /   O peration     | Website:  https://openfoam.org
    \\  /    A nd           | Version:  10
     \\/     M anipulation  |
\*---------------------------------------------------------------------------*/
FoamFile
{
    format      ascii;
    class       volVectorField;
    location    "0.74";
    object      Ub;
}
// * * * * * * * * * * * * * * * * * * * * * * * * * * * * * * * * * * * * * //

dimensions      [0 1 -1 0 0 0 0];

internalField   nonuniform List<vector> 
100
(
(2.76395e-05 0 0)
(8.39618e-05 0 0)
(0.000141575 0 0)
(0.000199471 0 0)
(0.000257368 0 0)
(0.000315174 0 0)
(0.000372863 0 0)
(0.000430436 0 0)
(0.000487905 0 0)
(0.00054529 0 0)
(0.00060261 0 0)
(0.000659887 0 0)
(0.000717141 0 0)
(0.000774393 0 0)
(0.000831663 0 0)
(0.000888971 0 0)
(0.000946336 0 0)
(0.00100378 0 0)
(0.00106132 0 0)
(0.00111897 0 0)
(0.00117675 0 0)
(0.00123469 0 0)
(0.0012928 0 0)
(0.0013511 0 0)
(0.00140961 0 0)
(0.00146836 0 0)
(0.00152736 0 0)
(0.00158664 0 0)
(0.00164623 0 0)
(0.00170616 0 0)
(0.00176644 0 0)
(0.00182713 0 0)
(0.00188824 0 0)
(0.00194983 0 0)
(0.00201194 0 0)
(0.00207462 0 0)
(0.00213792 0 0)
(0.00220191 0 0)
(0.00226668 0 0)
(0.00233231 0 0)
(0.00239891 0 0)
(0.00246661 0 0)
(0.00253557 0 0)
(0.00260597 0 0)
(0.00267807 0 0)
(0.00275215 0 0)
(0.00282862 0 0)
(0.00290796 0 0)
(0.00299087 0 0)
(0.00307824 0 0)
(0.00317137 0 0)
(0.0032721 0 0)
(0.00338322 0 0)
(0.00350906 0 0)
(0.00365687 0 0)
(0.00383959 0 0)
(0.00408288 0 0)
(0.00444556 0 0)
(0.00509632 0 0)
(0.00672488 0 0)
(0.0108495 0 0)
(0.0140281 0 0)
(0.0142815 0 0)
(0.0142815 0 0)
(0.0142815 0 0)
(0.0142815 0 0)
(0.0142815 0 0)
(0.0142815 0 0)
(0.0142815 0 0)
(0.0142815 0 0)
(0.0142815 0 0)
(0.0142815 0 0)
(0.0142815 0 0)
(0.0142815 0 0)
(0.0142815 0 0)
(0.0142815 0 0)
(0.0142815 0 0)
(0.0142815 0 0)
(0.0142815 0 0)
(0.0142815 0 0)
(0.0142815 0 0)
(0.0142815 0 0)
(0.0142815 0 0)
(0.0142815 0 0)
(0.0142815 0 0)
(0.0142815 0 0)
(0.0142815 0 0)
(0.0142815 0 0)
(0.0142815 0 0)
(0.0142815 0 0)
(0.0142815 0 0)
(0.0142815 0 0)
(0.0142815 0 0)
(0.0142815 0 0)
(0.0142815 0 0)
(0.0142815 0 0)
(0.0142815 0 0)
(0.0142815 0 0)
(0.0142815 0 0)
(0.0142815 0 0)
)
;

boundaryField
{
    inlet
    {
        type            fixedValue;
        value           uniform (0 0 0);
    }
    outlet
    {
        type            zeroGradient;
    }
    yzfaces
    {
        type            empty;
    }
}


// ************************************************************************* //
