/*--------------------------------*- C++ -*----------------------------------*\
  =========                 |
  \\      /  F ield         | OpenFOAM: The Open Source CFD Toolbox
   \\    /   O peration     | Website:  https://openfoam.org
    \\  /    A nd           | Version:  10
     \\/     M anipulation  |
\*---------------------------------------------------------------------------*/
FoamFile
{
    format      ascii;
    class       volVectorField;
    location    "1.11";
    object      Ua;
}
// * * * * * * * * * * * * * * * * * * * * * * * * * * * * * * * * * * * * * //

dimensions      [0 1 -1 0 0 0 0];

internalField   nonuniform List<vector> 
100
(
(0.00712171 0 0)
(0.0142245 0 0)
(0.0141864 0 0)
(0.0141478 0 0)
(0.0141092 0 0)
(0.0140705 0 0)
(0.0140319 0 0)
(0.0139933 0 0)
(0.0139548 0 0)
(0.0139163 0 0)
(0.0138779 0 0)
(0.0138396 0 0)
(0.0138014 0 0)
(0.0137632 0 0)
(0.013725 0 0)
(0.0136869 0 0)
(0.0136488 0 0)
(0.0136107 0 0)
(0.0135727 0 0)
(0.0135346 0 0)
(0.0134966 0 0)
(0.0134586 0 0)
(0.0134206 0 0)
(0.0133825 0 0)
(0.0133445 0 0)
(0.0133064 0 0)
(0.0132683 0 0)
(0.0132301 0 0)
(0.013192 0 0)
(0.0131537 0 0)
(0.0131155 0 0)
(0.0130771 0 0)
(0.0130388 0 0)
(0.0130003 0 0)
(0.0129618 0 0)
(0.0129232 0 0)
(0.0128846 0 0)
(0.0128458 0 0)
(0.012807 0 0)
(0.012768 0 0)
(0.012729 0 0)
(0.0126898 0 0)
(0.0126505 0 0)
(0.0126111 0 0)
(0.0125716 0 0)
(0.012532 0 0)
(0.0124922 0 0)
(0.0124522 0 0)
(0.0124121 0 0)
(0.0123718 0 0)
(0.0123313 0 0)
(0.0122907 0 0)
(0.0122498 0 0)
(0.0122087 0 0)
(0.0121674 0 0)
(0.0121258 0 0)
(0.012084 0 0)
(0.0120419 0 0)
(0.0119995 0 0)
(0.0119568 0 0)
(0.0119137 0 0)
(0.0118702 0 0)
(0.0118263 0 0)
(0.011782 0 0)
(0.0117371 0 0)
(0.0116918 0 0)
(0.0116458 0 0)
(0.0115991 0 0)
(0.0115517 0 0)
(0.0115034 0 0)
(0.0114541 0 0)
(0.0114037 0 0)
(0.011352 0 0)
(0.0112988 0 0)
(0.0112438 0 0)
(0.0111866 0 0)
(0.0111269 0 0)
(0.0110638 0 0)
(0.0109967 0 0)
(0.0109244 0 0)
(0.0108452 0 0)
(0.0107567 0 0)
(0.010655 0 0)
(0.0105341 0 0)
(0.0103831 0 0)
(0.0101814 0 0)
(0.00988413 0 0)
(0.00937231 0 0)
(0.00821453 0 0)
(0.00468474 0 0)
(0.000990894 0 0)
(2.76151e-07 0 0)
(0 0 0)
(0 0 0)
(0 0 0)
(0 0 0)
(0 0 0)
(0 0 0)
(0 0 0)
(0 0 0)
)
;

boundaryField
{
    inlet
    {
        type            fixedValue;
        value           uniform (0 0 0);
    }
    outlet
    {
        type            zeroGradient;
    }
    yzfaces
    {
        type            empty;
    }
}


// ************************************************************************* //
