/*--------------------------------*- C++ -*----------------------------------*\
  =========                 |
  \\      /  F ield         | OpenFOAM: The Open Source CFD Toolbox
   \\    /   O peration     | Website:  https://openfoam.org
    \\  /    A nd           | Version:  10
     \\/     M anipulation  |
\*---------------------------------------------------------------------------*/
FoamFile
{
    format      ascii;
    class       volVectorField;
    location    "1.11";
    object      Ub;
}
// * * * * * * * * * * * * * * * * * * * * * * * * * * * * * * * * * * * * * //

dimensions      [0 1 -1 0 0 0 0];

internalField   nonuniform List<vector> 
100
(
(1.79725e-05 0 0)
(5.48613e-05 0 0)
(9.29936e-05 0 0)
(0.00013153 0 0)
(0.000170194 0 0)
(0.000208875 0 0)
(0.000247519 0 0)
(0.000286104 0 0)
(0.00032462 0 0)
(0.000363067 0 0)
(0.000401445 0 0)
(0.000439759 0 0)
(0.000478015 0 0)
(0.000516219 0 0)
(0.000554379 0 0)
(0.0005925 0 0)
(0.000630589 0 0)
(0.000668652 0 0)
(0.000706697 0 0)
(0.00074473 0 0)
(0.000782756 0 0)
(0.000820781 0 0)
(0.000858811 0 0)
(0.000896853 0 0)
(0.000934911 0 0)
(0.000972991 0 0)
(0.0010111 0 0)
(0.00104924 0 0)
(0.00108742 0 0)
(0.00112564 0 0)
(0.0011639 0 0)
(0.00120223 0 0)
(0.00124061 0 0)
(0.00127905 0 0)
(0.00131757 0 0)
(0.00135616 0 0)
(0.00139482 0 0)
(0.00143358 0 0)
(0.00147242 0 0)
(0.00151136 0 0)
(0.00155041 0 0)
(0.00158956 0 0)
(0.00162883 0 0)
(0.00166822 0 0)
(0.00170775 0 0)
(0.00174741 0 0)
(0.00178721 0 0)
(0.00182716 0 0)
(0.00186728 0 0)
(0.00190757 0 0)
(0.00194804 0 0)
(0.00198871 0 0)
(0.00202958 0 0)
(0.00207066 0 0)
(0.00211198 0 0)
(0.00215354 0 0)
(0.00219537 0 0)
(0.00223747 0 0)
(0.00227988 0 0)
(0.00232262 0 0)
(0.00236571 0 0)
(0.00240918 0 0)
(0.00245306 0 0)
(0.0024974 0 0)
(0.00254224 0 0)
(0.00258762 0 0)
(0.00263361 0 0)
(0.00268028 0 0)
(0.00272771 0 0)
(0.002776 0 0)
(0.00282527 0 0)
(0.00287565 0 0)
(0.00292734 0 0)
(0.00298055 0 0)
(0.00303556 0 0)
(0.00309273 0 0)
(0.00315251 0 0)
(0.00321554 0 0)
(0.00328264 0 0)
(0.00335496 0 0)
(0.00343416 0 0)
(0.0035227 0 0)
(0.00362435 0 0)
(0.00374529 0 0)
(0.00389629 0 0)
(0.00409796 0 0)
(0.00439524 0 0)
(0.00490706 0 0)
(0.00606484 0 0)
(0.00959464 0 0)
(0.0132885 0 0)
(0.0142791 0 0)
(0.0142794 0 0)
(0.0142794 0 0)
(0.0142794 0 0)
(0.0142794 0 0)
(0.0142794 0 0)
(0.0142794 0 0)
(0.0142794 0 0)
(0.0142794 0 0)
)
;

boundaryField
{
    inlet
    {
        type            fixedValue;
        value           uniform (0 0 0);
    }
    outlet
    {
        type            zeroGradient;
    }
    yzfaces
    {
        type            empty;
    }
}


// ************************************************************************* //
