/*--------------------------------*- C++ -*----------------------------------*\
  =========                 |
  \\      /  F ield         | OpenFOAM: The Open Source CFD Toolbox
   \\    /   O peration     | Website:  https://openfoam.org
    \\  /    A nd           | Version:  10
     \\/     M anipulation  |
\*---------------------------------------------------------------------------*/
FoamFile
{
    format      ascii;
    class       volVectorField;
    location    "1.145";
    object      Ub;
}
// * * * * * * * * * * * * * * * * * * * * * * * * * * * * * * * * * * * * * //

dimensions      [0 1 -1 0 0 0 0];

internalField   nonuniform List<vector> 
100
(
(1.73844e-05 0 0)
(5.30867e-05 0 0)
(9.0024e-05 0 0)
(0.00012737 0 0)
(0.000164853 0 0)
(0.000202358 0 0)
(0.000239834 0 0)
(0.000277255 0 0)
(0.000314611 0 0)
(0.0003519 0 0)
(0.000389124 0 0)
(0.000426285 0 0)
(0.000463388 0 0)
(0.00050044 0 0)
(0.000537446 0 0)
(0.000574413 0 0)
(0.000611346 0 0)
(0.000648251 0 0)
(0.000685135 0 0)
(0.000722004 0 0)
(0.000758862 0 0)
(0.000795715 0 0)
(0.000832569 0 0)
(0.000869429 0 0)
(0.000906301 0 0)
(0.000943188 0 0)
(0.000980097 0 0)
(0.00101703 0 0)
(0.001054 0 0)
(0.001091 0 0)
(0.00112804 0 0)
(0.00116512 0 0)
(0.00120226 0 0)
(0.00123945 0 0)
(0.0012767 0 0)
(0.00131401 0 0)
(0.00135139 0 0)
(0.00138885 0 0)
(0.00142638 0 0)
(0.001464 0 0)
(0.0015017 0 0)
(0.0015395 0 0)
(0.0015774 0 0)
(0.00161541 0 0)
(0.00165353 0 0)
(0.00169176 0 0)
(0.00173012 0 0)
(0.00176861 0 0)
(0.00180724 0 0)
(0.00184602 0 0)
(0.00188494 0 0)
(0.00192404 0 0)
(0.0019633 0 0)
(0.00200275 0 0)
(0.00204239 0 0)
(0.00208224 0 0)
(0.0021223 0 0)
(0.0021626 0 0)
(0.00220314 0 0)
(0.00224395 0 0)
(0.00228504 0 0)
(0.00232644 0 0)
(0.00236816 0 0)
(0.00241024 0 0)
(0.00245271 0 0)
(0.0024956 0 0)
(0.00253894 0 0)
(0.00258279 0 0)
(0.0026272 0 0)
(0.00267222 0 0)
(0.00271794 0 0)
(0.00276443 0 0)
(0.0028118 0 0)
(0.00286017 0 0)
(0.0029097 0 0)
(0.00296058 0 0)
(0.00301302 0 0)
(0.00306734 0 0)
(0.00312391 0 0)
(0.00318321 0 0)
(0.00324593 0 0)
(0.00331294 0 0)
(0.00338551 0 0)
(0.00346543 0 0)
(0.00355542 0 0)
(0.00365968 0 0)
(0.00378519 0 0)
(0.00394435 0 0)
(0.00416154 0 0)
(0.00449189 0 0)
(0.0050904 0 0)
(0.00657313 0 0)
(0.0105978 0 0)
(0.0139071 0 0)
(0.0142792 0 0)
(0.0142792 0 0)
(0.0142792 0 0)
(0.0142792 0 0)
(0.0142792 0 0)
(0.0142792 0 0)
)
;

boundaryField
{
    inlet
    {
        type            fixedValue;
        value           uniform (0 0 0);
    }
    outlet
    {
        type            zeroGradient;
    }
    yzfaces
    {
        type            empty;
    }
}


// ************************************************************************* //
