/*--------------------------------*- C++ -*----------------------------------*\
  =========                 |
  \\      /  F ield         | OpenFOAM: The Open Source CFD Toolbox
   \\    /   O peration     | Website:  https://openfoam.org
    \\  /    A nd           | Version:  10
     \\/     M anipulation  |
\*---------------------------------------------------------------------------*/
FoamFile
{
    format      ascii;
    class       volVectorField;
    location    "0.37";
    object      Ua;
}
// * * * * * * * * * * * * * * * * * * * * * * * * * * * * * * * * * * * * * //

dimensions      [0 1 -1 0 0 0 0];

internalField   nonuniform List<vector> 
100
(
(0.00708499 0 0)
(0.0141122 0 0)
(0.0139966 0 0)
(0.013881 0 0)
(0.0137656 0 0)
(0.0136502 0 0)
(0.0135346 0 0)
(0.0134189 0 0)
(0.0133027 0 0)
(0.0131858 0 0)
(0.0130682 0 0)
(0.0129497 0 0)
(0.01283 0 0)
(0.0127089 0 0)
(0.0125861 0 0)
(0.0124613 0 0)
(0.0123343 0 0)
(0.0122043 0 0)
(0.012071 0 0)
(0.0119334 0 0)
(0.0117905 0 0)
(0.0116408 0 0)
(0.0114821 0 0)
(0.011311 0 0)
(0.0111222 0 0)
(0.0109064 0 0)
(0.0106466 0 0)
(0.0103068 0 0)
(0.00979747 0 0)
(0.00882332 0 0)
(0.00603967 0 0)
(0.00196649 0 0)
(8.05017e-06 0 0)
(3.3671e-15 0 0)
(0 0 0)
(0 0 0)
(0 0 0)
(0 0 0)
(0 0 0)
(0 0 0)
(0 0 0)
(0 0 0)
(0 0 0)
(0 0 0)
(0 0 0)
(0 0 0)
(0 0 0)
(0 0 0)
(0 0 0)
(0 0 0)
(0 0 0)
(0 0 0)
(0 0 0)
(0 0 0)
(0 0 0)
(0 0 0)
(0 0 0)
(0 0 0)
(0 0 0)
(0 0 0)
(0 0 0)
(0 0 0)
(0 0 0)
(0 0 0)
(0 0 0)
(0 0 0)
(0 0 0)
(0 0 0)
(0 0 0)
(0 0 0)
(0 0 0)
(0 0 0)
(0 0 0)
(0 0 0)
(0 0 0)
(0 0 0)
(0 0 0)
(0 0 0)
(0 0 0)
(0 0 0)
(0 0 0)
(0 0 0)
(0 0 0)
(0 0 0)
(0 0 0)
(0 0 0)
(0 0 0)
(0 0 0)
(0 0 0)
(0 0 0)
(0 0 0)
(0 0 0)
(0 0 0)
(0 0 0)
(0 0 0)
(0 0 0)
(0 0 0)
(0 0 0)
(0 0 0)
(0 0 0)
)
;

boundaryField
{
    inlet
    {
        type            fixedValue;
        value           uniform (0 0 0);
    }
    outlet
    {
        type            zeroGradient;
    }
    yzfaces
    {
        type            empty;
    }
}


// ************************************************************************* //
