/*--------------------------------*- C++ -*----------------------------------*\
  =========                 |
  \\      /  F ield         | OpenFOAM: The Open Source CFD Toolbox
   \\    /   O peration     | Website:  https://openfoam.org
    \\  /    A nd           | Version:  10
     \\/     M anipulation  |
\*---------------------------------------------------------------------------*/
FoamFile
{
    format      ascii;
    class       volVectorField;
    location    "0.37";
    object      Ub;
}
// * * * * * * * * * * * * * * * * * * * * * * * * * * * * * * * * * * * * * //

dimensions      [0 1 -1 0 0 0 0];

internalField   nonuniform List<vector> 
100
(
(5.68087e-05 0 0)
(0.000171403 0 0)
(0.000287018 0 0)
(0.000402594 0 0)
(0.000518037 0 0)
(0.000633442 0 0)
(0.000748955 0 0)
(0.000864737 0 0)
(0.000980952 0 0)
(0.00109777 0 0)
(0.00121536 0 0)
(0.00133391 0 0)
(0.00145363 0 0)
(0.00157474 0 0)
(0.00169751 0 0)
(0.00182226 0 0)
(0.00194935 0 0)
(0.00207926 0 0)
(0.00221261 0 0)
(0.00235018 0 0)
(0.00249306 0 0)
(0.00264275 0 0)
(0.00280148 0 0)
(0.00297258 0 0)
(0.00316143 0 0)
(0.0033772 0 0)
(0.00363702 0 0)
(0.00397679 0 0)
(0.00448613 0 0)
(0.00546028 0 0)
(0.00824393 0 0)
(0.0123171 0 0)
(0.0142756 0 0)
(0.0142836 0 0)
(0.0142836 0 0)
(0.0142836 0 0)
(0.0142836 0 0)
(0.0142836 0 0)
(0.0142836 0 0)
(0.0142836 0 0)
(0.0142836 0 0)
(0.0142836 0 0)
(0.0142836 0 0)
(0.0142836 0 0)
(0.0142836 0 0)
(0.0142836 0 0)
(0.0142836 0 0)
(0.0142836 0 0)
(0.0142836 0 0)
(0.0142836 0 0)
(0.0142836 0 0)
(0.0142836 0 0)
(0.0142836 0 0)
(0.0142836 0 0)
(0.0142836 0 0)
(0.0142836 0 0)
(0.0142836 0 0)
(0.0142836 0 0)
(0.0142836 0 0)
(0.0142836 0 0)
(0.0142836 0 0)
(0.0142836 0 0)
(0.0142836 0 0)
(0.0142836 0 0)
(0.0142836 0 0)
(0.0142836 0 0)
(0.0142836 0 0)
(0.0142836 0 0)
(0.0142836 0 0)
(0.0142836 0 0)
(0.0142836 0 0)
(0.0142836 0 0)
(0.0142836 0 0)
(0.0142836 0 0)
(0.0142836 0 0)
(0.0142836 0 0)
(0.0142836 0 0)
(0.0142836 0 0)
(0.0142836 0 0)
(0.0142836 0 0)
(0.0142836 0 0)
(0.0142836 0 0)
(0.0142836 0 0)
(0.0142836 0 0)
(0.0142836 0 0)
(0.0142836 0 0)
(0.0142836 0 0)
(0.0142836 0 0)
(0.0142836 0 0)
(0.0142836 0 0)
(0.0142836 0 0)
(0.0142836 0 0)
(0.0142836 0 0)
(0.0142836 0 0)
(0.0142836 0 0)
(0.0142836 0 0)
(0.0142836 0 0)
(0.0142836 0 0)
(0.0142836 0 0)
(0.0142836 0 0)
)
;

boundaryField
{
    inlet
    {
        type            fixedValue;
        value           uniform (0 0 0);
    }
    outlet
    {
        type            zeroGradient;
    }
    yzfaces
    {
        type            empty;
    }
}


// ************************************************************************* //
