/*--------------------------------*- C++ -*----------------------------------*\
  =========                 |
  \\      /  F ield         | OpenFOAM: The Open Source CFD Toolbox
   \\    /   O peration     | Website:  https://openfoam.org
    \\  /    A nd           | Version:  10
     \\/     M anipulation  |
\*---------------------------------------------------------------------------*/
FoamFile
{
    format      ascii;
    class       volVectorField;
    location    "0.425";
    object      Ua;
}
// * * * * * * * * * * * * * * * * * * * * * * * * * * * * * * * * * * * * * //

dimensions      [0 1 -1 0 0 0 0];

internalField   nonuniform List<vector> 
100
(
(0.00709239 0 0)
(0.0141345 0 0)
(0.0140339 0 0)
(0.0139333 0 0)
(0.0138328 0 0)
(0.0137324 0 0)
(0.0136321 0 0)
(0.0135318 0 0)
(0.0134312 0 0)
(0.0133305 0 0)
(0.0132293 0 0)
(0.0131276 0 0)
(0.0130253 0 0)
(0.0129223 0 0)
(0.0128185 0 0)
(0.0127136 0 0)
(0.0126076 0 0)
(0.0125002 0 0)
(0.0123913 0 0)
(0.0122804 0 0)
(0.0121674 0 0)
(0.0120519 0 0)
(0.0119331 0 0)
(0.0118106 0 0)
(0.0116833 0 0)
(0.0115499 0 0)
(0.0114086 0 0)
(0.0112564 0 0)
(0.0110891 0 0)
(0.0108991 0 0)
(0.0106733 0 0)
(0.0103852 0 0)
(0.00997367 0 0)
(0.00926117 0 0)
(0.00750871 0 0)
(0.00330863 0 0)
(0.000197972 0 0)
(3.90612e-10 0 0)
(0 0 0)
(0 0 0)
(0 0 0)
(0 0 0)
(0 0 0)
(0 0 0)
(0 0 0)
(0 0 0)
(0 0 0)
(0 0 0)
(0 0 0)
(0 0 0)
(0 0 0)
(0 0 0)
(0 0 0)
(0 0 0)
(0 0 0)
(0 0 0)
(0 0 0)
(0 0 0)
(0 0 0)
(0 0 0)
(0 0 0)
(0 0 0)
(0 0 0)
(0 0 0)
(0 0 0)
(0 0 0)
(0 0 0)
(0 0 0)
(0 0 0)
(0 0 0)
(0 0 0)
(0 0 0)
(0 0 0)
(0 0 0)
(0 0 0)
(0 0 0)
(0 0 0)
(0 0 0)
(0 0 0)
(0 0 0)
(0 0 0)
(0 0 0)
(0 0 0)
(0 0 0)
(0 0 0)
(0 0 0)
(0 0 0)
(0 0 0)
(0 0 0)
(0 0 0)
(0 0 0)
(0 0 0)
(0 0 0)
(0 0 0)
(0 0 0)
(0 0 0)
(0 0 0)
(0 0 0)
(0 0 0)
(0 0 0)
)
;

boundaryField
{
    inlet
    {
        type            fixedValue;
        value           uniform (0 0 0);
    }
    outlet
    {
        type            zeroGradient;
    }
    yzfaces
    {
        type            empty;
    }
}


// ************************************************************************* //
