/*--------------------------------*- C++ -*----------------------------------*\
  =========                 |
  \\      /  F ield         | OpenFOAM: The Open Source CFD Toolbox
   \\    /   O peration     | Website:  https://openfoam.org
    \\  /    A nd           | Version:  10
     \\/     M anipulation  |
\*---------------------------------------------------------------------------*/
FoamFile
{
    format      ascii;
    class       volVectorField;
    location    "0.45";
    object      Ub;
}
// * * * * * * * * * * * * * * * * * * * * * * * * * * * * * * * * * * * * * //

dimensions      [0 1 -1 0 0 0 0];

internalField   nonuniform List<vector> 
100
(
(4.64282e-05 0 0)
(0.000140316 0 0)
(0.00023534 0 0)
(0.0003304 0 0)
(0.000425303 0 0)
(0.000520059 0 0)
(0.000614734 0 0)
(0.000709412 0 0)
(0.000804181 0 0)
(0.000899133 0 0)
(0.000994357 0 0)
(0.00108994 0 0)
(0.00118599 0 0)
(0.00128258 0 0)
(0.00137983 0 0)
(0.00147784 0 0)
(0.00157675 0 0)
(0.00167667 0 0)
(0.00177778 0 0)
(0.00188026 0 0)
(0.00198431 0 0)
(0.00209021 0 0)
(0.00219828 0 0)
(0.00230892 0 0)
(0.00242267 0 0)
(0.00254023 0 0)
(0.00266252 0 0)
(0.00279087 0 0)
(0.00292716 0 0)
(0.00307422 0 0)
(0.0032365 0 0)
(0.00342141 0 0)
(0.00364226 0 0)
(0.00392566 0 0)
(0.00433308 0 0)
(0.00504356 0 0)
(0.00680392 0 0)
(0.0110015 0 0)
(0.0140933 0 0)
(0.0142831 0 0)
(0.0142831 0 0)
(0.0142831 0 0)
(0.0142831 0 0)
(0.0142831 0 0)
(0.0142831 0 0)
(0.0142831 0 0)
(0.0142831 0 0)
(0.0142831 0 0)
(0.0142831 0 0)
(0.0142831 0 0)
(0.0142831 0 0)
(0.0142831 0 0)
(0.0142831 0 0)
(0.0142831 0 0)
(0.0142831 0 0)
(0.0142831 0 0)
(0.0142831 0 0)
(0.0142831 0 0)
(0.0142831 0 0)
(0.0142831 0 0)
(0.0142831 0 0)
(0.0142831 0 0)
(0.0142831 0 0)
(0.0142831 0 0)
(0.0142831 0 0)
(0.0142831 0 0)
(0.0142831 0 0)
(0.0142831 0 0)
(0.0142831 0 0)
(0.0142831 0 0)
(0.0142831 0 0)
(0.0142831 0 0)
(0.0142831 0 0)
(0.0142831 0 0)
(0.0142831 0 0)
(0.0142831 0 0)
(0.0142831 0 0)
(0.0142831 0 0)
(0.0142831 0 0)
(0.0142831 0 0)
(0.0142831 0 0)
(0.0142831 0 0)
(0.0142831 0 0)
(0.0142831 0 0)
(0.0142831 0 0)
(0.0142831 0 0)
(0.0142831 0 0)
(0.0142831 0 0)
(0.0142831 0 0)
(0.0142831 0 0)
(0.0142831 0 0)
(0.0142831 0 0)
(0.0142831 0 0)
(0.0142831 0 0)
(0.0142831 0 0)
(0.0142831 0 0)
(0.0142831 0 0)
(0.0142831 0 0)
(0.0142831 0 0)
(0.0142831 0 0)
)
;

boundaryField
{
    inlet
    {
        type            fixedValue;
        value           uniform (0 0 0);
    }
    outlet
    {
        type            zeroGradient;
    }
    yzfaces
    {
        type            empty;
    }
}


// ************************************************************************* //
