/*--------------------------------*- C++ -*----------------------------------*\
  =========                 |
  \\      /  F ield         | OpenFOAM: The Open Source CFD Toolbox
   \\    /   O peration     | Website:  https://openfoam.org
    \\  /    A nd           | Version:  10
     \\/     M anipulation  |
\*---------------------------------------------------------------------------*/
FoamFile
{
    format      ascii;
    class       volVectorField;
    location    "0.785";
    object      Ua;
}
// * * * * * * * * * * * * * * * * * * * * * * * * * * * * * * * * * * * * * //

dimensions      [0 1 -1 0 0 0 0];

internalField   nonuniform List<vector> 
100
(
(0.00711464 0 0)
(0.0142023 0 0)
(0.014148 0 0)
(0.0140934 0 0)
(0.0140388 0 0)
(0.0139843 0 0)
(0.0139299 0 0)
(0.0138756 0 0)
(0.0138214 0 0)
(0.0137673 0 0)
(0.0137132 0 0)
(0.0136592 0 0)
(0.0136053 0 0)
(0.0135513 0 0)
(0.0134974 0 0)
(0.0134434 0 0)
(0.0133894 0 0)
(0.0133354 0 0)
(0.0132813 0 0)
(0.0132271 0 0)
(0.0131729 0 0)
(0.0131185 0 0)
(0.013064 0 0)
(0.0130093 0 0)
(0.0129545 0 0)
(0.0128995 0 0)
(0.0128443 0 0)
(0.0127889 0 0)
(0.0127333 0 0)
(0.0126774 0 0)
(0.0126213 0 0)
(0.0125648 0 0)
(0.012508 0 0)
(0.0124509 0 0)
(0.0123934 0 0)
(0.0123355 0 0)
(0.0122772 0 0)
(0.0122184 0 0)
(0.012159 0 0)
(0.0120991 0 0)
(0.0120385 0 0)
(0.0119772 0 0)
(0.0119151 0 0)
(0.0118521 0 0)
(0.0117881 0 0)
(0.0117229 0 0)
(0.0116564 0 0)
(0.0115884 0 0)
(0.0115186 0 0)
(0.0114467 0 0)
(0.0113722 0 0)
(0.0112946 0 0)
(0.011213 0 0)
(0.0111266 0 0)
(0.0110336 0 0)
(0.0109321 0 0)
(0.0108185 0 0)
(0.0106876 0 0)
(0.0105301 0 0)
(0.0103288 0 0)
(0.0100479 0 0)
(0.00959779 0 0)
(0.00868393 0 0)
(0.00596922 0 0)
(0.00195054 0 0)
(8.15651e-06 0 0)
(3.69149e-15 0 0)
(0 0 0)
(0 0 0)
(0 0 0)
(0 0 0)
(0 0 0)
(0 0 0)
(0 0 0)
(0 0 0)
(0 0 0)
(0 0 0)
(0 0 0)
(0 0 0)
(0 0 0)
(0 0 0)
(0 0 0)
(0 0 0)
(0 0 0)
(0 0 0)
(0 0 0)
(0 0 0)
(0 0 0)
(0 0 0)
(0 0 0)
(0 0 0)
(0 0 0)
(0 0 0)
(0 0 0)
(0 0 0)
(0 0 0)
(0 0 0)
(0 0 0)
(0 0 0)
(0 0 0)
)
;

boundaryField
{
    inlet
    {
        type            fixedValue;
        value           uniform (0 0 0);
    }
    outlet
    {
        type            zeroGradient;
    }
    yzfaces
    {
        type            empty;
    }
}


// ************************************************************************* //
