/*--------------------------------*- C++ -*----------------------------------*\
  =========                 |
  \\      /  F ield         | OpenFOAM: The Open Source CFD Toolbox
   \\    /   O peration     | Website:  https://openfoam.org
    \\  /    A nd           | Version:  10
     \\/     M anipulation  |
\*---------------------------------------------------------------------------*/
FoamFile
{
    format      ascii;
    class       volVectorField;
    location    "0.785";
    object      Ub;
}
// * * * * * * * * * * * * * * * * * * * * * * * * * * * * * * * * * * * * * //

dimensions      [0 1 -1 0 0 0 0];

internalField   nonuniform List<vector> 
100
(
(2.59725e-05 0 0)
(7.89513e-05 0 0)
(0.000133222 0 0)
(0.0001878 0 0)
(0.000242401 0 0)
(0.000296926 0 0)
(0.000351345 0 0)
(0.000405653 0 0)
(0.00045986 0 0)
(0.000513978 0 0)
(0.000568025 0 0)
(0.000622019 0 0)
(0.000675976 0 0)
(0.000729915 0 0)
(0.000783853 0 0)
(0.000837807 0 0)
(0.000891794 0 0)
(0.000945828 0 0)
(0.000999927 0 0)
(0.00105411 0 0)
(0.00110838 0 0)
(0.00116277 0 0)
(0.00121728 0 0)
(0.00127194 0 0)
(0.00132675 0 0)
(0.00138174 0 0)
(0.00143693 0 0)
(0.00149232 0 0)
(0.00154795 0 0)
(0.00160383 0 0)
(0.00165998 0 0)
(0.00171642 0 0)
(0.00177319 0 0)
(0.0018303 0 0)
(0.00188779 0 0)
(0.00194568 0 0)
(0.00200402 0 0)
(0.00206285 0 0)
(0.00212221 0 0)
(0.00218216 0 0)
(0.00224275 0 0)
(0.00230405 0 0)
(0.00236616 0 0)
(0.00242915 0 0)
(0.00249316 0 0)
(0.00255832 0 0)
(0.0026248 0 0)
(0.00269281 0 0)
(0.00276261 0 0)
(0.00283454 0 0)
(0.00290904 0 0)
(0.00298666 0 0)
(0.00306819 0 0)
(0.00315467 0 0)
(0.00324759 0 0)
(0.00334916 0 0)
(0.00346273 0 0)
(0.00359366 0 0)
(0.00375118 0 0)
(0.00395241 0 0)
(0.00423331 0 0)
(0.00468345 0 0)
(0.0055973 0 0)
(0.00831201 0 0)
(0.0123307 0 0)
(0.0142731 0 0)
(0.0142812 0 0)
(0.0142812 0 0)
(0.0142812 0 0)
(0.0142812 0 0)
(0.0142812 0 0)
(0.0142812 0 0)
(0.0142812 0 0)
(0.0142812 0 0)
(0.0142812 0 0)
(0.0142812 0 0)
(0.0142812 0 0)
(0.0142812 0 0)
(0.0142812 0 0)
(0.0142812 0 0)
(0.0142812 0 0)
(0.0142812 0 0)
(0.0142812 0 0)
(0.0142812 0 0)
(0.0142812 0 0)
(0.0142812 0 0)
(0.0142812 0 0)
(0.0142812 0 0)
(0.0142812 0 0)
(0.0142812 0 0)
(0.0142812 0 0)
(0.0142812 0 0)
(0.0142812 0 0)
(0.0142812 0 0)
(0.0142812 0 0)
(0.0142812 0 0)
(0.0142812 0 0)
(0.0142812 0 0)
(0.0142812 0 0)
(0.0142812 0 0)
)
;

boundaryField
{
    inlet
    {
        type            fixedValue;
        value           uniform (0 0 0);
    }
    outlet
    {
        type            zeroGradient;
    }
    yzfaces
    {
        type            empty;
    }
}


// ************************************************************************* //
