/*--------------------------------*- C++ -*----------------------------------*\
  =========                 |
  \\      /  F ield         | OpenFOAM: The Open Source CFD Toolbox
   \\    /   O peration     | Website:  https://openfoam.org
    \\  /    A nd           | Version:  10
     \\/     M anipulation  |
\*---------------------------------------------------------------------------*/
FoamFile
{
    format      ascii;
    class       volVectorField;
    location    "1.3";
    object      Ua;
}
// * * * * * * * * * * * * * * * * * * * * * * * * * * * * * * * * * * * * * //

dimensions      [0 1 -1 0 0 0 0];

internalField   nonuniform List<vector> 
100
(
(0.00712398 0 0)
(0.0142319 0 0)
(0.0141995 0 0)
(0.0141666 0 0)
(0.0141336 0 0)
(0.0141006 0 0)
(0.0140675 0 0)
(0.0140345 0 0)
(0.0140016 0 0)
(0.0139687 0 0)
(0.0139358 0 0)
(0.013903 0 0)
(0.0138703 0 0)
(0.0138376 0 0)
(0.0138049 0 0)
(0.0137723 0 0)
(0.0137397 0 0)
(0.0137072 0 0)
(0.0136747 0 0)
(0.0136422 0 0)
(0.0136097 0 0)
(0.0135773 0 0)
(0.0135448 0 0)
(0.0135124 0 0)
(0.01348 0 0)
(0.0134475 0 0)
(0.0134151 0 0)
(0.0133827 0 0)
(0.0133502 0 0)
(0.0133178 0 0)
(0.0132853 0 0)
(0.0132528 0 0)
(0.0132203 0 0)
(0.0131877 0 0)
(0.0131552 0 0)
(0.0131226 0 0)
(0.0130899 0 0)
(0.0130572 0 0)
(0.0130245 0 0)
(0.0129918 0 0)
(0.0129589 0 0)
(0.0129261 0 0)
(0.0128932 0 0)
(0.0128602 0 0)
(0.0128271 0 0)
(0.012794 0 0)
(0.0127609 0 0)
(0.0127276 0 0)
(0.0126943 0 0)
(0.0126609 0 0)
(0.0126274 0 0)
(0.0125939 0 0)
(0.0125602 0 0)
(0.0125265 0 0)
(0.0124926 0 0)
(0.0124587 0 0)
(0.0124246 0 0)
(0.0123904 0 0)
(0.0123561 0 0)
(0.0123217 0 0)
(0.0122871 0 0)
(0.0122524 0 0)
(0.0122176 0 0)
(0.0121826 0 0)
(0.0121474 0 0)
(0.0121121 0 0)
(0.0120766 0 0)
(0.0120408 0 0)
(0.0120049 0 0)
(0.0119688 0 0)
(0.0119324 0 0)
(0.0118958 0 0)
(0.0118589 0 0)
(0.0118217 0 0)
(0.0117842 0 0)
(0.0117464 0 0)
(0.0117082 0 0)
(0.0116697 0 0)
(0.0116306 0 0)
(0.0115912 0 0)
(0.0115511 0 0)
(0.0115105 0 0)
(0.0114693 0 0)
(0.0114273 0 0)
(0.0113845 0 0)
(0.0113407 0 0)
(0.0112958 0 0)
(0.0112497 0 0)
(0.0112021 0 0)
(0.0111526 0 0)
(0.0111011 0 0)
(0.011047 0 0)
(0.0109897 0 0)
(0.0109283 0 0)
(0.0108618 0 0)
(0.0107885 0 0)
(0.0107059 0 0)
(0.0106103 0 0)
(0.0104957 0 0)
(0.0103513 0 0)
)
;

boundaryField
{
    inlet
    {
        type            fixedValue;
        value           uniform (0 0 0);
    }
    outlet
    {
        type            zeroGradient;
    }
    yzfaces
    {
        type            empty;
    }
}


// ************************************************************************* //
