/*--------------------------------*- C++ -*----------------------------------*\
  =========                 |
  \\      /  F ield         | OpenFOAM: The Open Source CFD Toolbox
   \\    /   O peration     | Website:  https://openfoam.org
    \\  /    A nd           | Version:  10
     \\/     M anipulation  |
\*---------------------------------------------------------------------------*/
FoamFile
{
    format      ascii;
    class       volVectorField;
    location    "1.3";
    object      Ub;
}
// * * * * * * * * * * * * * * * * * * * * * * * * * * * * * * * * * * * * * //

dimensions      [0 1 -1 0 0 0 0];

internalField   nonuniform List<vector> 
100
(
(1.51654e-05 0 0)
(4.63852e-05 0 0)
(7.87996e-05 0 0)
(0.00011164 0 0)
(0.000144643 0 0)
(0.000177696 0 0)
(0.000210742 0 0)
(0.000243754 0 0)
(0.000276718 0 0)
(0.000309629 0 0)
(0.000342483 0 0)
(0.000375283 0 0)
(0.00040803 0 0)
(0.000440728 0 0)
(0.000473381 0 0)
(0.000505992 0 0)
(0.000538566 0 0)
(0.000571108 0 0)
(0.000603621 0 0)
(0.00063611 0 0)
(0.000668579 0 0)
(0.000701032 0 0)
(0.000733473 0 0)
(0.000765905 0 0)
(0.000798333 0 0)
(0.00083076 0 0)
(0.000863189 0 0)
(0.000895625 0 0)
(0.000928071 0 0)
(0.000960529 0 0)
(0.000993004 0 0)
(0.0010255 0 0)
(0.00105801 0 0)
(0.00109056 0 0)
(0.00112313 0 0)
(0.00115573 0 0)
(0.00118837 0 0)
(0.00122105 0 0)
(0.00125377 0 0)
(0.00128654 0 0)
(0.00131935 0 0)
(0.00135221 0 0)
(0.00138513 0 0)
(0.00141811 0 0)
(0.00145114 0 0)
(0.00148424 0 0)
(0.00151741 0 0)
(0.00155065 0 0)
(0.00158397 0 0)
(0.00161736 0 0)
(0.00165084 0 0)
(0.0016844 0 0)
(0.00171806 0 0)
(0.00175181 0 0)
(0.00178566 0 0)
(0.00181962 0 0)
(0.00185368 0 0)
(0.00188786 0 0)
(0.00192216 0 0)
(0.00195659 0 0)
(0.00199115 0 0)
(0.00202585 0 0)
(0.0020607 0 0)
(0.0020957 0 0)
(0.00213087 0 0)
(0.00216621 0 0)
(0.00220173 0 0)
(0.00223745 0 0)
(0.00227337 0 0)
(0.00230951 0 0)
(0.00234588 0 0)
(0.0023825 0 0)
(0.00241939 0 0)
(0.00245656 0 0)
(0.00249405 0 0)
(0.00253187 0 0)
(0.00257005 0 0)
(0.00260863 0 0)
(0.00264764 0 0)
(0.00268713 0 0)
(0.00272714 0 0)
(0.00276774 0 0)
(0.002809 0 0)
(0.00285099 0 0)
(0.00289381 0 0)
(0.00293759 0 0)
(0.00298246 0 0)
(0.0030286 0 0)
(0.00307624 0 0)
(0.00312564 0 0)
(0.00317717 0 0)
(0.00323129 0 0)
(0.00328861 0 0)
(0.00334995 0 0)
(0.00341647 0 0)
(0.0034898 0 0)
(0.00357239 0 0)
(0.00366796 0 0)
(0.00378263 0 0)
(0.00392697 0 0)
)
;

boundaryField
{
    inlet
    {
        type            fixedValue;
        value           uniform (0 0 0);
    }
    outlet
    {
        type            zeroGradient;
    }
    yzfaces
    {
        type            empty;
    }
}


// ************************************************************************* //
