/*--------------------------------*- C++ -*----------------------------------*\
  =========                 |
  \\      /  F ield         | OpenFOAM: The Open Source CFD Toolbox
   \\    /   O peration     | Website:  https://openfoam.org
    \\  /    A nd           | Version:  10
     \\/     M anipulation  |
\*---------------------------------------------------------------------------*/
FoamFile
{
    format      ascii;
    class       volVectorField;
    location    "1.235";
    object      Ua;
}
// * * * * * * * * * * * * * * * * * * * * * * * * * * * * * * * * * * * * * //

dimensions      [0 1 -1 0 0 0 0];

internalField   nonuniform List<vector> 
100
(
(0.0071233 0 0)
(0.0142297 0 0)
(0.0141955 0 0)
(0.0141609 0 0)
(0.0141262 0 0)
(0.0140914 0 0)
(0.0140566 0 0)
(0.0140219 0 0)
(0.0139872 0 0)
(0.0139526 0 0)
(0.013918 0 0)
(0.0138835 0 0)
(0.0138491 0 0)
(0.0138147 0 0)
(0.0137804 0 0)
(0.0137461 0 0)
(0.0137118 0 0)
(0.0136776 0 0)
(0.0136433 0 0)
(0.0136092 0 0)
(0.013575 0 0)
(0.0135408 0 0)
(0.0135067 0 0)
(0.0134725 0 0)
(0.0134384 0 0)
(0.0134042 0 0)
(0.0133701 0 0)
(0.0133359 0 0)
(0.0133017 0 0)
(0.0132675 0 0)
(0.0132333 0 0)
(0.013199 0 0)
(0.0131647 0 0)
(0.0131304 0 0)
(0.013096 0 0)
(0.0130616 0 0)
(0.0130271 0 0)
(0.0129926 0 0)
(0.012958 0 0)
(0.0129234 0 0)
(0.0128887 0 0)
(0.012854 0 0)
(0.0128192 0 0)
(0.0127843 0 0)
(0.0127493 0 0)
(0.0127142 0 0)
(0.0126791 0 0)
(0.0126439 0 0)
(0.0126085 0 0)
(0.0125731 0 0)
(0.0125376 0 0)
(0.0125019 0 0)
(0.0124662 0 0)
(0.0124303 0 0)
(0.0123942 0 0)
(0.0123581 0 0)
(0.0123218 0 0)
(0.0122854 0 0)
(0.0122488 0 0)
(0.012212 0 0)
(0.012175 0 0)
(0.0121379 0 0)
(0.0121006 0 0)
(0.012063 0 0)
(0.0120252 0 0)
(0.0119872 0 0)
(0.011949 0 0)
(0.0119104 0 0)
(0.0118716 0 0)
(0.0118324 0 0)
(0.0117929 0 0)
(0.0117531 0 0)
(0.0117128 0 0)
(0.0116721 0 0)
(0.0116309 0 0)
(0.0115891 0 0)
(0.0115468 0 0)
(0.0115038 0 0)
(0.01146 0 0)
(0.0114153 0 0)
(0.0113697 0 0)
(0.011323 0 0)
(0.011275 0 0)
(0.0112254 0 0)
(0.011174 0 0)
(0.0111204 0 0)
(0.0110642 0 0)
(0.0110046 0 0)
(0.0109409 0 0)
(0.0108718 0 0)
(0.0107956 0 0)
(0.0107097 0 0)
(0.0106101 0 0)
(0.0104904 0 0)
(0.0103388 0 0)
(0.0101332 0 0)
(0.00982362 0 0)
(0.0092749 0 0)
(0.00797336 0 0)
(0.00415679 0 0)
)
;

boundaryField
{
    inlet
    {
        type            fixedValue;
        value           uniform (0 0 0);
    }
    outlet
    {
        type            zeroGradient;
    }
    yzfaces
    {
        type            empty;
    }
}


// ************************************************************************* //
