/*--------------------------------*- C++ -*----------------------------------*\
  =========                 |
  \\      /  F ield         | OpenFOAM: The Open Source CFD Toolbox
   \\    /   O peration     | Website:  https://openfoam.org
    \\  /    A nd           | Version:  10
     \\/     M anipulation  |
\*---------------------------------------------------------------------------*/
FoamFile
{
    format      ascii;
    class       volVectorField;
    location    "1.235";
    object      Ub;
}
// * * * * * * * * * * * * * * * * * * * * * * * * * * * * * * * * * * * * * //

dimensions      [0 1 -1 0 0 0 0];

internalField   nonuniform List<vector> 
100
(
(1.60272e-05 0 0)
(4.89889e-05 0 0)
(8.31625e-05 0 0)
(0.000117756 0 0)
(0.000152503 0 0)
(0.000187288 0 0)
(0.000222059 0 0)
(0.000256786 0 0)
(0.00029146 0 0)
(0.000326074 0 0)
(0.000360627 0 0)
(0.000395123 0 0)
(0.000429564 0 0)
(0.000463954 0 0)
(0.000498298 0 0)
(0.000532601 0 0)
(0.000566868 0 0)
(0.000601104 0 0)
(0.000635313 0 0)
(0.000669501 0 0)
(0.000703672 0 0)
(0.00073783 0 0)
(0.000771981 0 0)
(0.000806128 0 0)
(0.000840276 0 0)
(0.000874429 0 0)
(0.00090859 0 0)
(0.000942765 0 0)
(0.000976956 0 0)
(0.00101117 0 0)
(0.00104541 0 0)
(0.00107967 0 0)
(0.00111397 0 0)
(0.0011483 0 0)
(0.00118267 0 0)
(0.00121709 0 0)
(0.00125155 0 0)
(0.00128606 0 0)
(0.00132063 0 0)
(0.00135525 0 0)
(0.00138994 0 0)
(0.00142469 0 0)
(0.00145951 0 0)
(0.0014944 0 0)
(0.00152938 0 0)
(0.00156443 0 0)
(0.00159957 0 0)
(0.00163481 0 0)
(0.00167014 0 0)
(0.00170556 0 0)
(0.0017411 0 0)
(0.00177675 0 0)
(0.00181251 0 0)
(0.0018484 0 0)
(0.00188441 0 0)
(0.00192056 0 0)
(0.00195686 0 0)
(0.0019933 0 0)
(0.0020299 0 0)
(0.00206668 0 0)
(0.00210362 0 0)
(0.00214076 0 0)
(0.0021781 0 0)
(0.00221564 0 0)
(0.00225341 0 0)
(0.00229142 0 0)
(0.00232969 0 0)
(0.00236823 0 0)
(0.00240706 0 0)
(0.00244622 0 0)
(0.00248571 0 0)
(0.00252558 0 0)
(0.00256586 0 0)
(0.00260658 0 0)
(0.00264779 0 0)
(0.00268954 0 0)
(0.00273189 0 0)
(0.00277491 0 0)
(0.00281869 0 0)
(0.00286332 0 0)
(0.00290893 0 0)
(0.00295566 0 0)
(0.0030037 0 0)
(0.00305328 0 0)
(0.00310467 0 0)
(0.00315826 0 0)
(0.00321451 0 0)
(0.00327406 0 0)
(0.00333779 0 0)
(0.00340689 0 0)
(0.00348309 0 0)
(0.00356897 0 0)
(0.00366851 0 0)
(0.00378827 0 0)
(0.00393981 0 0)
(0.00414551 0 0)
(0.00445504 0 0)
(0.00500376 0 0)
(0.0063053 0 0)
(0.0101219 0 0)
)
;

boundaryField
{
    inlet
    {
        type            fixedValue;
        value           uniform (0 0 0);
    }
    outlet
    {
        type            zeroGradient;
    }
    yzfaces
    {
        type            empty;
    }
}


// ************************************************************************* //
