/*--------------------------------*- C++ -*----------------------------------*\
  =========                 |
  \\      /  F ield         | OpenFOAM: The Open Source CFD Toolbox
   \\    /   O peration     | Website:  https://openfoam.org
    \\  /    A nd           | Version:  10
     \\/     M anipulation  |
\*---------------------------------------------------------------------------*/
FoamFile
{
    format      ascii;
    class       volVectorField;
    location    "0.625";
    object      Ub;
}
// * * * * * * * * * * * * * * * * * * * * * * * * * * * * * * * * * * * * * //

dimensions      [0 1 -1 0 0 0 0];

internalField   nonuniform List<vector> 
100
(
(3.2997e-05 0 0)
(0.00010005 0 0)
(0.00016837 0 0)
(0.000236895 0 0)
(0.000305359 0 0)
(0.000373689 0 0)
(0.00044188 0 0)
(0.000509953 0 0)
(0.000577936 0 0)
(0.000645863 0 0)
(0.000713768 0 0)
(0.000781685 0 0)
(0.000849647 0 0)
(0.000917687 0 0)
(0.000985838 0 0)
(0.00105413 0 0)
(0.0011226 0 0)
(0.00119128 0 0)
(0.00126019 0 0)
(0.00132939 0 0)
(0.00139889 0 0)
(0.00146874 0 0)
(0.00153898 0 0)
(0.00160966 0 0)
(0.00168081 0 0)
(0.00175249 0 0)
(0.00182476 0 0)
(0.00189768 0 0)
(0.00197132 0 0)
(0.00204577 0 0)
(0.00212113 0 0)
(0.00219751 0 0)
(0.00227505 0 0)
(0.00235391 0 0)
(0.0024343 0 0)
(0.00251646 0 0)
(0.0026007 0 0)
(0.00268744 0 0)
(0.00277719 0 0)
(0.00287066 0 0)
(0.00296881 0 0)
(0.00307296 0 0)
(0.00318507 0 0)
(0.00330806 0 0)
(0.00344656 0 0)
(0.00360831 0 0)
(0.00380735 0 0)
(0.00407191 0 0)
(0.00446826 0 0)
(0.00519375 0 0)
(0.0070942 0 0)
(0.0112842 0 0)
(0.0141692 0 0)
(0.0142821 0 0)
(0.0142821 0 0)
(0.0142821 0 0)
(0.0142821 0 0)
(0.0142821 0 0)
(0.0142821 0 0)
(0.0142821 0 0)
(0.0142821 0 0)
(0.0142821 0 0)
(0.0142821 0 0)
(0.0142821 0 0)
(0.0142821 0 0)
(0.0142821 0 0)
(0.0142821 0 0)
(0.0142821 0 0)
(0.0142821 0 0)
(0.0142821 0 0)
(0.0142821 0 0)
(0.0142821 0 0)
(0.0142821 0 0)
(0.0142821 0 0)
(0.0142821 0 0)
(0.0142821 0 0)
(0.0142821 0 0)
(0.0142821 0 0)
(0.0142821 0 0)
(0.0142821 0 0)
(0.0142821 0 0)
(0.0142821 0 0)
(0.0142821 0 0)
(0.0142821 0 0)
(0.0142821 0 0)
(0.0142821 0 0)
(0.0142821 0 0)
(0.0142821 0 0)
(0.0142821 0 0)
(0.0142821 0 0)
(0.0142821 0 0)
(0.0142821 0 0)
(0.0142821 0 0)
(0.0142821 0 0)
(0.0142821 0 0)
(0.0142821 0 0)
(0.0142821 0 0)
(0.0142821 0 0)
(0.0142821 0 0)
(0.0142821 0 0)
)
;

boundaryField
{
    inlet
    {
        type            fixedValue;
        value           uniform (0 0 0);
    }
    outlet
    {
        type            zeroGradient;
    }
    yzfaces
    {
        type            empty;
    }
}


// ************************************************************************* //
