/*--------------------------------*- C++ -*----------------------------------*\
  =========                 |
  \\      /  F ield         | OpenFOAM: The Open Source CFD Toolbox
   \\    /   O peration     | Website:  https://openfoam.org
    \\  /    A nd           | Version:  10
     \\/     M anipulation  |
\*---------------------------------------------------------------------------*/
FoamFile
{
    format      ascii;
    class       volVectorField;
    location    "0.305";
    object      Ub;
}
// * * * * * * * * * * * * * * * * * * * * * * * * * * * * * * * * * * * * * //

dimensions      [0 1 -1 0 0 0 0];

internalField   nonuniform List<vector> 
100
(
(6.92567e-05 0 0)
(0.000208674 0 0)
(0.000349005 0 0)
(0.000489316 0 0)
(0.000629667 0 0)
(0.000770299 0 0)
(0.000911497 0 0)
(0.00105356 0 0)
(0.00119681 0 0)
(0.0013416 0 0)
(0.0014883 0 0)
(0.00163737 0 0)
(0.00178936 0 0)
(0.00194495 0 0)
(0.00210503 0 0)
(0.00227077 0 0)
(0.00244385 0 0)
(0.00262667 0 0)
(0.00282292 0 0)
(0.00303856 0 0)
(0.00328392 0 0)
(0.00357865 0 0)
(0.0039652 0 0)
(0.0045545 0 0)
(0.00574036 0 0)
(0.00919596 0 0)
(0.013057 0 0)
(0.0142833 0 0)
(0.014284 0 0)
(0.014284 0 0)
(0.014284 0 0)
(0.014284 0 0)
(0.014284 0 0)
(0.014284 0 0)
(0.014284 0 0)
(0.014284 0 0)
(0.014284 0 0)
(0.014284 0 0)
(0.014284 0 0)
(0.014284 0 0)
(0.014284 0 0)
(0.014284 0 0)
(0.014284 0 0)
(0.014284 0 0)
(0.014284 0 0)
(0.014284 0 0)
(0.014284 0 0)
(0.014284 0 0)
(0.014284 0 0)
(0.014284 0 0)
(0.014284 0 0)
(0.014284 0 0)
(0.014284 0 0)
(0.014284 0 0)
(0.014284 0 0)
(0.014284 0 0)
(0.014284 0 0)
(0.014284 0 0)
(0.014284 0 0)
(0.014284 0 0)
(0.014284 0 0)
(0.014284 0 0)
(0.014284 0 0)
(0.014284 0 0)
(0.014284 0 0)
(0.014284 0 0)
(0.014284 0 0)
(0.014284 0 0)
(0.014284 0 0)
(0.014284 0 0)
(0.014284 0 0)
(0.014284 0 0)
(0.014284 0 0)
(0.014284 0 0)
(0.014284 0 0)
(0.014284 0 0)
(0.014284 0 0)
(0.014284 0 0)
(0.014284 0 0)
(0.014284 0 0)
(0.014284 0 0)
(0.014284 0 0)
(0.014284 0 0)
(0.014284 0 0)
(0.014284 0 0)
(0.014284 0 0)
(0.014284 0 0)
(0.014284 0 0)
(0.014284 0 0)
(0.014284 0 0)
(0.014284 0 0)
(0.014284 0 0)
(0.014284 0 0)
(0.014284 0 0)
(0.014284 0 0)
(0.014284 0 0)
(0.014284 0 0)
(0.014284 0 0)
(0.014284 0 0)
(0.014284 0 0)
)
;

boundaryField
{
    inlet
    {
        type            fixedValue;
        value           uniform (0 0 0);
    }
    outlet
    {
        type            zeroGradient;
    }
    yzfaces
    {
        type            empty;
    }
}


// ************************************************************************* //
