/*--------------------------------*- C++ -*----------------------------------*\
  =========                 |
  \\      /  F ield         | OpenFOAM: The Open Source CFD Toolbox
   \\    /   O peration     | Website:  https://openfoam.org
    \\  /    A nd           | Version:  10
     \\/     M anipulation  |
\*---------------------------------------------------------------------------*/
FoamFile
{
    format      ascii;
    class       volVectorField;
    location    "0.55";
    object      Ua;
}
// * * * * * * * * * * * * * * * * * * * * * * * * * * * * * * * * * * * * * //

dimensions      [0 1 -1 0 0 0 0];

internalField   nonuniform List<vector> 
100
(
(0.00710358 0 0)
(0.0141684 0 0)
(0.0140907 0 0)
(0.0140129 0 0)
(0.0139351 0 0)
(0.0138576 0 0)
(0.0137801 0 0)
(0.0137028 0 0)
(0.0136255 0 0)
(0.0135482 0 0)
(0.0134709 0 0)
(0.0133935 0 0)
(0.0133159 0 0)
(0.0132382 0 0)
(0.0131602 0 0)
(0.0130819 0 0)
(0.0130033 0 0)
(0.0129243 0 0)
(0.0128448 0 0)
(0.0127648 0 0)
(0.0126843 0 0)
(0.0126031 0 0)
(0.0125212 0 0)
(0.0124385 0 0)
(0.0123548 0 0)
(0.0122701 0 0)
(0.0121843 0 0)
(0.0120971 0 0)
(0.0120083 0 0)
(0.0119177 0 0)
(0.0118251 0 0)
(0.0117299 0 0)
(0.0116316 0 0)
(0.0115297 0 0)
(0.011423 0 0)
(0.0113103 0 0)
(0.0111897 0 0)
(0.0110584 0 0)
(0.0109116 0 0)
(0.010742 0 0)
(0.0105358 0 0)
(0.0102656 0 0)
(0.00986766 0 0)
(0.009154 0 0)
(0.00733013 0 0)
(0.00313636 0 0)
(0.000147533 0 0)
(1.31291e-10 0 0)
(0 0 0)
(0 0 0)
(0 0 0)
(0 0 0)
(0 0 0)
(0 0 0)
(0 0 0)
(0 0 0)
(0 0 0)
(0 0 0)
(0 0 0)
(0 0 0)
(0 0 0)
(0 0 0)
(0 0 0)
(0 0 0)
(0 0 0)
(0 0 0)
(0 0 0)
(0 0 0)
(0 0 0)
(0 0 0)
(0 0 0)
(0 0 0)
(0 0 0)
(0 0 0)
(0 0 0)
(0 0 0)
(0 0 0)
(0 0 0)
(0 0 0)
(0 0 0)
(0 0 0)
(0 0 0)
(0 0 0)
(0 0 0)
(0 0 0)
(0 0 0)
(0 0 0)
(0 0 0)
(0 0 0)
(0 0 0)
(0 0 0)
(0 0 0)
(0 0 0)
(0 0 0)
(0 0 0)
(0 0 0)
(0 0 0)
(0 0 0)
(0 0 0)
(0 0 0)
)
;

boundaryField
{
    inlet
    {
        type            fixedValue;
        value           uniform (0 0 0);
    }
    outlet
    {
        type            zeroGradient;
    }
    yzfaces
    {
        type            empty;
    }
}


// ************************************************************************* //
