/*--------------------------------*- C++ -*----------------------------------*\
  =========                 |
  \\      /  F ield         | OpenFOAM: The Open Source CFD Toolbox
   \\    /   O peration     | Website:  https://openfoam.org
    \\  /    A nd           | Version:  10
     \\/     M anipulation  |
\*---------------------------------------------------------------------------*/
FoamFile
{
    format      ascii;
    class       volVectorField;
    location    "0.55";
    object      Ub;
}
// * * * * * * * * * * * * * * * * * * * * * * * * * * * * * * * * * * * * * //

dimensions      [0 1 -1 0 0 0 0];

internalField   nonuniform List<vector> 
100
(
(3.7704e-05 0 0)
(0.00011417 0 0)
(0.000191865 0 0)
(0.000269699 0 0)
(0.000347426 0 0)
(0.000424998 0 0)
(0.000502431 0 0)
(0.000579765 0 0)
(0.000657047 0 0)
(0.000734325 0 0)
(0.000811649 0 0)
(0.000889069 0 0)
(0.000966632 0 0)
(0.00104439 0 0)
(0.00112238 0 0)
(0.00120067 0 0)
(0.00127929 0 0)
(0.00135831 0 0)
(0.00143777 0 0)
(0.00151774 0 0)
(0.00159829 0 0)
(0.00167948 0 0)
(0.00176139 0 0)
(0.00184412 0 0)
(0.00192777 0 0)
(0.00201245 0 0)
(0.00209831 0 0)
(0.00218551 0 0)
(0.00227427 0 0)
(0.00236483 0 0)
(0.0024575 0 0)
(0.0025527 0 0)
(0.00265094 0 0)
(0.00275292 0 0)
(0.00285958 0 0)
(0.00297225 0 0)
(0.00309284 0 0)
(0.00322422 0 0)
(0.00337094 0 0)
(0.00354056 0 0)
(0.00374676 0 0)
(0.00401694 0 0)
(0.00441492 0 0)
(0.00512858 0 0)
(0.00695244 0 0)
(0.0111462 0 0)
(0.014135 0 0)
(0.0142826 0 0)
(0.0142826 0 0)
(0.0142826 0 0)
(0.0142826 0 0)
(0.0142826 0 0)
(0.0142826 0 0)
(0.0142826 0 0)
(0.0142826 0 0)
(0.0142826 0 0)
(0.0142826 0 0)
(0.0142826 0 0)
(0.0142826 0 0)
(0.0142826 0 0)
(0.0142826 0 0)
(0.0142826 0 0)
(0.0142826 0 0)
(0.0142826 0 0)
(0.0142826 0 0)
(0.0142826 0 0)
(0.0142826 0 0)
(0.0142826 0 0)
(0.0142826 0 0)
(0.0142826 0 0)
(0.0142826 0 0)
(0.0142826 0 0)
(0.0142826 0 0)
(0.0142826 0 0)
(0.0142826 0 0)
(0.0142826 0 0)
(0.0142826 0 0)
(0.0142826 0 0)
(0.0142826 0 0)
(0.0142826 0 0)
(0.0142826 0 0)
(0.0142826 0 0)
(0.0142826 0 0)
(0.0142826 0 0)
(0.0142826 0 0)
(0.0142826 0 0)
(0.0142826 0 0)
(0.0142826 0 0)
(0.0142826 0 0)
(0.0142826 0 0)
(0.0142826 0 0)
(0.0142826 0 0)
(0.0142826 0 0)
(0.0142826 0 0)
(0.0142826 0 0)
(0.0142826 0 0)
(0.0142826 0 0)
(0.0142826 0 0)
(0.0142826 0 0)
(0.0142826 0 0)
)
;

boundaryField
{
    inlet
    {
        type            fixedValue;
        value           uniform (0 0 0);
    }
    outlet
    {
        type            zeroGradient;
    }
    yzfaces
    {
        type            empty;
    }
}


// ************************************************************************* //
