/*--------------------------------*- C++ -*----------------------------------*\
  =========                 |
  \\      /  F ield         | OpenFOAM: The Open Source CFD Toolbox
   \\    /   O peration     | Website:  https://openfoam.org
    \\  /    A nd           | Version:  10
     \\/     M anipulation  |
\*---------------------------------------------------------------------------*/
FoamFile
{
    format      ascii;
    class       volVectorField;
    location    "0.155";
    object      Ub;
}
// * * * * * * * * * * * * * * * * * * * * * * * * * * * * * * * * * * * * * //

dimensions      [0 1 -1 0 0 0 0];

internalField   nonuniform List<vector> 
100
(
(0.000137999 0 0)
(0.000415145 0 0)
(0.00069478 0 0)
(0.000978199 0 0)
(0.00126791 0 0)
(0.00156714 0 0)
(0.00188031 0 0)
(0.00221414 0 0)
(0.00257994 0 0)
(0.002999 0 0)
(0.00351766 0 0)
(0.00425983 0 0)
(0.00568406 0 0)
(0.00957112 0 0)
(0.0133842 0 0)
(0.0142847 0 0)
(0.0142848 0 0)
(0.0142848 0 0)
(0.0142848 0 0)
(0.0142848 0 0)
(0.0142848 0 0)
(0.0142848 0 0)
(0.0142848 0 0)
(0.0142848 0 0)
(0.0142848 0 0)
(0.0142848 0 0)
(0.0142848 0 0)
(0.0142848 0 0)
(0.0142848 0 0)
(0.0142848 0 0)
(0.0142848 0 0)
(0.0142848 0 0)
(0.0142848 0 0)
(0.0142848 0 0)
(0.0142848 0 0)
(0.0142848 0 0)
(0.0142848 0 0)
(0.0142848 0 0)
(0.0142848 0 0)
(0.0142848 0 0)
(0.0142848 0 0)
(0.0142848 0 0)
(0.0142848 0 0)
(0.0142848 0 0)
(0.0142848 0 0)
(0.0142848 0 0)
(0.0142848 0 0)
(0.0142848 0 0)
(0.0142848 0 0)
(0.0142848 0 0)
(0.0142848 0 0)
(0.0142848 0 0)
(0.0142848 0 0)
(0.0142848 0 0)
(0.0142848 0 0)
(0.0142848 0 0)
(0.0142848 0 0)
(0.0142848 0 0)
(0.0142848 0 0)
(0.0142848 0 0)
(0.0142848 0 0)
(0.0142848 0 0)
(0.0142848 0 0)
(0.0142848 0 0)
(0.0142848 0 0)
(0.0142848 0 0)
(0.0142848 0 0)
(0.0142848 0 0)
(0.0142848 0 0)
(0.0142848 0 0)
(0.0142848 0 0)
(0.0142848 0 0)
(0.0142848 0 0)
(0.0142848 0 0)
(0.0142848 0 0)
(0.0142848 0 0)
(0.0142848 0 0)
(0.0142848 0 0)
(0.0142848 0 0)
(0.0142848 0 0)
(0.0142848 0 0)
(0.0142848 0 0)
(0.0142848 0 0)
(0.0142848 0 0)
(0.0142848 0 0)
(0.0142848 0 0)
(0.0142848 0 0)
(0.0142848 0 0)
(0.0142848 0 0)
(0.0142848 0 0)
(0.0142848 0 0)
(0.0142848 0 0)
(0.0142848 0 0)
(0.0142848 0 0)
(0.0142848 0 0)
(0.0142848 0 0)
(0.0142848 0 0)
(0.0142848 0 0)
(0.0142848 0 0)
(0.0142848 0 0)
)
;

boundaryField
{
    inlet
    {
        type            fixedValue;
        value           uniform (0 0 0);
    }
    outlet
    {
        type            zeroGradient;
    }
    yzfaces
    {
        type            empty;
    }
}


// ************************************************************************* //
