/*--------------------------------*- C++ -*----------------------------------*\
  =========                 |
  \\      /  F ield         | OpenFOAM: The Open Source CFD Toolbox
   \\    /   O peration     | Website:  https://openfoam.org
    \\  /    A nd           | Version:  10
     \\/     M anipulation  |
\*---------------------------------------------------------------------------*/
FoamFile
{
    format      ascii;
    class       volVectorField;
    location    "1.345";
    object      Ua;
}
// * * * * * * * * * * * * * * * * * * * * * * * * * * * * * * * * * * * * * //

dimensions      [0 1 -1 0 0 0 0];

internalField   nonuniform List<vector> 
100
(
(0.0071244 0 0)
(0.0142333 0 0)
(0.014202 0 0)
(0.0141703 0 0)
(0.0141384 0 0)
(0.0141064 0 0)
(0.0140745 0 0)
(0.0140426 0 0)
(0.0140107 0 0)
(0.0139789 0 0)
(0.0139471 0 0)
(0.0139154 0 0)
(0.0138837 0 0)
(0.0138521 0 0)
(0.0138205 0 0)
(0.013789 0 0)
(0.0137575 0 0)
(0.013726 0 0)
(0.0136946 0 0)
(0.0136631 0 0)
(0.0136318 0 0)
(0.0136004 0 0)
(0.013569 0 0)
(0.0135377 0 0)
(0.0135063 0 0)
(0.013475 0 0)
(0.0134437 0 0)
(0.0134123 0 0)
(0.013381 0 0)
(0.0133496 0 0)
(0.0133183 0 0)
(0.0132869 0 0)
(0.0132555 0 0)
(0.0132241 0 0)
(0.0131927 0 0)
(0.0131612 0 0)
(0.0131297 0 0)
(0.0130982 0 0)
(0.0130666 0 0)
(0.013035 0 0)
(0.0130034 0 0)
(0.0129717 0 0)
(0.01294 0 0)
(0.0129082 0 0)
(0.0128764 0 0)
(0.0128445 0 0)
(0.0128125 0 0)
(0.0127805 0 0)
(0.0127485 0 0)
(0.0127163 0 0)
(0.0126841 0 0)
(0.0126519 0 0)
(0.0126195 0 0)
(0.0125871 0 0)
(0.0125545 0 0)
(0.0125219 0 0)
(0.0124892 0 0)
(0.0124564 0 0)
(0.0124235 0 0)
(0.0123905 0 0)
(0.0123574 0 0)
(0.0123242 0 0)
(0.0122908 0 0)
(0.0122573 0 0)
(0.0122237 0 0)
(0.01219 0 0)
(0.012156 0 0)
(0.012122 0 0)
(0.0120878 0 0)
(0.0120533 0 0)
(0.0120188 0 0)
(0.011984 0 0)
(0.011949 0 0)
(0.0119137 0 0)
(0.0118783 0 0)
(0.0118426 0 0)
(0.0118066 0 0)
(0.0117703 0 0)
(0.0117337 0 0)
(0.0116968 0 0)
(0.0116595 0 0)
(0.0116218 0 0)
(0.0115836 0 0)
(0.011545 0 0)
(0.0115057 0 0)
(0.0114659 0 0)
(0.0114254 0 0)
(0.0113842 0 0)
(0.011342 0 0)
(0.0112988 0 0)
(0.0112545 0 0)
(0.0112088 0 0)
(0.0111615 0 0)
(0.0111123 0 0)
(0.0110608 0 0)
(0.0110065 0 0)
(0.0109486 0 0)
(0.0108863 0 0)
(0.0108181 0 0)
(0.0107421 0 0)
)
;

boundaryField
{
    inlet
    {
        type            fixedValue;
        value           uniform (0 0 0);
    }
    outlet
    {
        type            zeroGradient;
    }
    yzfaces
    {
        type            empty;
    }
}


// ************************************************************************* //
