/*--------------------------------*- C++ -*----------------------------------*\
  =========                 |
  \\      /  F ield         | OpenFOAM: The Open Source CFD Toolbox
   \\    /   O peration     | Website:  https://openfoam.org
    \\  /    A nd           | Version:  10
     \\/     M anipulation  |
\*---------------------------------------------------------------------------*/
FoamFile
{
    format      ascii;
    class       volVectorField;
    location    "1.345";
    object      Ub;
}
// * * * * * * * * * * * * * * * * * * * * * * * * * * * * * * * * * * * * * //

dimensions      [0 1 -1 0 0 0 0];

internalField   nonuniform List<vector> 
100
(
(1.46184e-05 0 0)
(4.47316e-05 0 0)
(7.6027e-05 0 0)
(0.000107752 0 0)
(0.000139646 0 0)
(0.000171595 0 0)
(0.000203544 0 0)
(0.000235465 0 0)
(0.000267341 0 0)
(0.000299168 0 0)
(0.000330941 0 0)
(0.000362662 0 0)
(0.000394333 0 0)
(0.000425955 0 0)
(0.000457533 0 0)
(0.00048907 0 0)
(0.000520569 0 0)
(0.000552035 0 0)
(0.000583472 0 0)
(0.000614884 0 0)
(0.000646273 0 0)
(0.000677645 0 0)
(0.000709002 0 0)
(0.000740348 0 0)
(0.000771687 0 0)
(0.000803022 0 0)
(0.000834356 0 0)
(0.000865693 0 0)
(0.000897035 0 0)
(0.000928385 0 0)
(0.000959748 0 0)
(0.000991125 0 0)
(0.00102252 0 0)
(0.00105394 0 0)
(0.00108537 0 0)
(0.00111684 0 0)
(0.00114833 0 0)
(0.00117986 0 0)
(0.00121142 0 0)
(0.00124302 0 0)
(0.00127466 0 0)
(0.00130634 0 0)
(0.00133807 0 0)
(0.00136984 0 0)
(0.00140167 0 0)
(0.00143355 0 0)
(0.00146549 0 0)
(0.0014975 0 0)
(0.00152956 0 0)
(0.00156169 0 0)
(0.0015939 0 0)
(0.00162617 0 0)
(0.00165853 0 0)
(0.00169096 0 0)
(0.00172348 0 0)
(0.00175609 0 0)
(0.00178879 0 0)
(0.00182159 0 0)
(0.00185449 0 0)
(0.0018875 0 0)
(0.00192062 0 0)
(0.00195385 0 0)
(0.00198721 0 0)
(0.00202069 0 0)
(0.00205431 0 0)
(0.00208807 0 0)
(0.00212198 0 0)
(0.00215605 0 0)
(0.00219028 0 0)
(0.00222469 0 0)
(0.00225928 0 0)
(0.00229407 0 0)
(0.00232906 0 0)
(0.00236428 0 0)
(0.00239974 0 0)
(0.00243545 0 0)
(0.00247143 0 0)
(0.0025077 0 0)
(0.0025443 0 0)
(0.00258123 0 0)
(0.00261854 0 0)
(0.00265626 0 0)
(0.00269442 0 0)
(0.00273308 0 0)
(0.00277228 0 0)
(0.0028121 0 0)
(0.0028526 0 0)
(0.00289387 0 0)
(0.00293603 0 0)
(0.00297919 0 0)
(0.00302351 0 0)
(0.0030692 0 0)
(0.00311649 0 0)
(0.00316569 0 0)
(0.0032172 0 0)
(0.00327154 0 0)
(0.00332942 0 0)
(0.00339177 0 0)
(0.00345996 0 0)
(0.00353591 0 0)
)
;

boundaryField
{
    inlet
    {
        type            fixedValue;
        value           uniform (0 0 0);
    }
    outlet
    {
        type            zeroGradient;
    }
    yzfaces
    {
        type            empty;
    }
}


// ************************************************************************* //
