/*--------------------------------*- C++ -*----------------------------------*\
  =========                 |
  \\      /  F ield         | OpenFOAM: The Open Source CFD Toolbox
   \\    /   O peration     | Website:  https://openfoam.org
    \\  /    A nd           | Version:  10
     \\/     M anipulation  |
\*---------------------------------------------------------------------------*/
FoamFile
{
    format      ascii;
    class       volVectorField;
    location    "0.96";
    object      Ua;
}
// * * * * * * * * * * * * * * * * * * * * * * * * * * * * * * * * * * * * * //

dimensions      [0 1 -1 0 0 0 0];

internalField   nonuniform List<vector> 
100
(
(0.00711913 0 0)
(0.0142163 0 0)
(0.0141721 0 0)
(0.0141275 0 0)
(0.0140828 0 0)
(0.0140381 0 0)
(0.0139935 0 0)
(0.0139489 0 0)
(0.0139045 0 0)
(0.0138602 0 0)
(0.0138159 0 0)
(0.0137717 0 0)
(0.0137275 0 0)
(0.0136834 0 0)
(0.0136393 0 0)
(0.0135953 0 0)
(0.0135512 0 0)
(0.0135072 0 0)
(0.0134632 0 0)
(0.0134192 0 0)
(0.0133751 0 0)
(0.013331 0 0)
(0.0132869 0 0)
(0.0132428 0 0)
(0.0131985 0 0)
(0.0131543 0 0)
(0.0131099 0 0)
(0.0130655 0 0)
(0.013021 0 0)
(0.0129764 0 0)
(0.0129317 0 0)
(0.0128868 0 0)
(0.0128419 0 0)
(0.0127968 0 0)
(0.0127516 0 0)
(0.0127063 0 0)
(0.0126607 0 0)
(0.012615 0 0)
(0.0125692 0 0)
(0.0125231 0 0)
(0.0124768 0 0)
(0.0124303 0 0)
(0.0123836 0 0)
(0.0123366 0 0)
(0.0122893 0 0)
(0.0122418 0 0)
(0.0121939 0 0)
(0.0121457 0 0)
(0.0120971 0 0)
(0.0120482 0 0)
(0.0119988 0 0)
(0.0119489 0 0)
(0.0118985 0 0)
(0.0118476 0 0)
(0.0117961 0 0)
(0.0117438 0 0)
(0.0116908 0 0)
(0.0116369 0 0)
(0.011582 0 0)
(0.011526 0 0)
(0.0114687 0 0)
(0.0114099 0 0)
(0.0113493 0 0)
(0.0112866 0 0)
(0.0112212 0 0)
(0.0111527 0 0)
(0.0110803 0 0)
(0.0110027 0 0)
(0.0109185 0 0)
(0.0108254 0 0)
(0.0107196 0 0)
(0.0105956 0 0)
(0.0104433 0 0)
(0.0102439 0 0)
(0.00995717 0 0)
(0.00947978 0 0)
(0.008455 0 0)
(0.00531513 0 0)
(0.00144908 0 0)
(1.67768e-06 0 0)
(1.56125e-17 0 0)
(0 0 0)
(0 0 0)
(0 0 0)
(0 0 0)
(0 0 0)
(0 0 0)
(0 0 0)
(0 0 0)
(0 0 0)
(0 0 0)
(0 0 0)
(0 0 0)
(0 0 0)
(0 0 0)
(0 0 0)
(0 0 0)
(0 0 0)
(0 0 0)
(0 0 0)
)
;

boundaryField
{
    inlet
    {
        type            fixedValue;
        value           uniform (0 0 0);
    }
    outlet
    {
        type            zeroGradient;
    }
    yzfaces
    {
        type            empty;
    }
}


// ************************************************************************* //
