/*--------------------------------*- C++ -*----------------------------------*\
  =========                 |
  \\      /  F ield         | OpenFOAM: The Open Source CFD Toolbox
   \\    /   O peration     | Website:  https://openfoam.org
    \\  /    A nd           | Version:  10
     \\/     M anipulation  |
\*---------------------------------------------------------------------------*/
FoamFile
{
    format      ascii;
    class       volVectorField;
    location    "0.96";
    object      Ub;
}
// * * * * * * * * * * * * * * * * * * * * * * * * * * * * * * * * * * * * * //

dimensions      [0 1 -1 0 0 0 0];

internalField   nonuniform List<vector> 
100
(
(2.09853e-05 0 0)
(6.39433e-05 0 0)
(0.000108177 0 0)
(0.000152781 0 0)
(0.000197475 0 0)
(0.000242149 0 0)
(0.000286757 0 0)
(0.000331282 0 0)
(0.00037572 0 0)
(0.000420077 0 0)
(0.000464358 0 0)
(0.000508572 0 0)
(0.000552729 0 0)
(0.000596839 0 0)
(0.000640913 0 0)
(0.000684959 0 0)
(0.000728989 0 0)
(0.00077301 0 0)
(0.000817033 0 0)
(0.000861067 0 0)
(0.00090512 0 0)
(0.000949201 0 0)
(0.000993319 0 0)
(0.00103748 0 0)
(0.0010817 0 0)
(0.00112597 0 0)
(0.00117032 0 0)
(0.00121475 0 0)
(0.00125926 0 0)
(0.00130386 0 0)
(0.00134857 0 0)
(0.00139339 0 0)
(0.00143833 0 0)
(0.0014834 0 0)
(0.00152862 0 0)
(0.00157398 0 0)
(0.0016195 0 0)
(0.00166519 0 0)
(0.00171106 0 0)
(0.00175713 0 0)
(0.00180341 0 0)
(0.00184991 0 0)
(0.00189665 0 0)
(0.00194364 0 0)
(0.0019909 0 0)
(0.00203846 0 0)
(0.00208633 0 0)
(0.00213453 0 0)
(0.0021831 0 0)
(0.00223206 0 0)
(0.00228146 0 0)
(0.00233132 0 0)
(0.00238169 0 0)
(0.00243262 0 0)
(0.00248418 0 0)
(0.00253642 0 0)
(0.00258944 0 0)
(0.00264333 0 0)
(0.0026982 0 0)
(0.0027542 0 0)
(0.00281151 0 0)
(0.00287033 0 0)
(0.00293093 0 0)
(0.00299367 0 0)
(0.00305899 0 0)
(0.00312748 0 0)
(0.00319995 0 0)
(0.0032775 0 0)
(0.0033617 0 0)
(0.00345487 0 0)
(0.00356059 0 0)
(0.00368461 0 0)
(0.00383691 0 0)
(0.00403632 0 0)
(0.00432306 0 0)
(0.00480046 0 0)
(0.00582523 0 0)
(0.0089651 0 0)
(0.0128312 0 0)
(0.0142786 0 0)
(0.0142802 0 0)
(0.0142802 0 0)
(0.0142802 0 0)
(0.0142802 0 0)
(0.0142802 0 0)
(0.0142802 0 0)
(0.0142802 0 0)
(0.0142802 0 0)
(0.0142802 0 0)
(0.0142802 0 0)
(0.0142802 0 0)
(0.0142802 0 0)
(0.0142802 0 0)
(0.0142802 0 0)
(0.0142802 0 0)
(0.0142802 0 0)
(0.0142802 0 0)
(0.0142802 0 0)
(0.0142802 0 0)
(0.0142802 0 0)
)
;

boundaryField
{
    inlet
    {
        type            fixedValue;
        value           uniform (0 0 0);
    }
    outlet
    {
        type            zeroGradient;
    }
    yzfaces
    {
        type            empty;
    }
}


// ************************************************************************* //
