/*--------------------------------*- C++ -*----------------------------------*\
  =========                 |
  \\      /  F ield         | OpenFOAM: The Open Source CFD Toolbox
   \\    /   O peration     | Website:  https://openfoam.org
    \\  /    A nd           | Version:  10
     \\/     M anipulation  |
\*---------------------------------------------------------------------------*/
FoamFile
{
    format      ascii;
    class       volVectorField;
    location    "0.255";
    object      Ub;
}
// * * * * * * * * * * * * * * * * * * * * * * * * * * * * * * * * * * * * * //

dimensions      [0 1 -1 0 0 0 0];

internalField   nonuniform List<vector> 
100
(
(8.3156e-05 0 0)
(0.000250307 0 0)
(0.000418344 0 0)
(0.000586558 0 0)
(0.000755251 0 0)
(0.000924897 0 0)
(0.00109602 0 0)
(0.0012692 0 0)
(0.00144509 0 0)
(0.00162447 0 0)
(0.0018083 0 0)
(0.00199785 0 0)
(0.00219484 0 0)
(0.00240174 0 0)
(0.0026223 0 0)
(0.00286256 0 0)
(0.00313295 0 0)
(0.00345332 0 0)
(0.00386661 0 0)
(0.00448546 0 0)
(0.00571219 0 0)
(0.00924034 0 0)
(0.0131032 0 0)
(0.0142837 0 0)
(0.0142843 0 0)
(0.0142843 0 0)
(0.0142843 0 0)
(0.0142843 0 0)
(0.0142843 0 0)
(0.0142843 0 0)
(0.0142843 0 0)
(0.0142843 0 0)
(0.0142843 0 0)
(0.0142843 0 0)
(0.0142843 0 0)
(0.0142843 0 0)
(0.0142843 0 0)
(0.0142843 0 0)
(0.0142843 0 0)
(0.0142843 0 0)
(0.0142843 0 0)
(0.0142843 0 0)
(0.0142843 0 0)
(0.0142843 0 0)
(0.0142843 0 0)
(0.0142843 0 0)
(0.0142843 0 0)
(0.0142843 0 0)
(0.0142843 0 0)
(0.0142843 0 0)
(0.0142843 0 0)
(0.0142843 0 0)
(0.0142843 0 0)
(0.0142843 0 0)
(0.0142843 0 0)
(0.0142843 0 0)
(0.0142843 0 0)
(0.0142843 0 0)
(0.0142843 0 0)
(0.0142843 0 0)
(0.0142843 0 0)
(0.0142843 0 0)
(0.0142843 0 0)
(0.0142843 0 0)
(0.0142843 0 0)
(0.0142843 0 0)
(0.0142843 0 0)
(0.0142843 0 0)
(0.0142843 0 0)
(0.0142843 0 0)
(0.0142843 0 0)
(0.0142843 0 0)
(0.0142843 0 0)
(0.0142843 0 0)
(0.0142843 0 0)
(0.0142843 0 0)
(0.0142843 0 0)
(0.0142843 0 0)
(0.0142843 0 0)
(0.0142843 0 0)
(0.0142843 0 0)
(0.0142843 0 0)
(0.0142843 0 0)
(0.0142843 0 0)
(0.0142843 0 0)
(0.0142843 0 0)
(0.0142843 0 0)
(0.0142843 0 0)
(0.0142843 0 0)
(0.0142843 0 0)
(0.0142843 0 0)
(0.0142843 0 0)
(0.0142843 0 0)
(0.0142843 0 0)
(0.0142843 0 0)
(0.0142843 0 0)
(0.0142843 0 0)
(0.0142843 0 0)
(0.0142843 0 0)
(0.0142843 0 0)
)
;

boundaryField
{
    inlet
    {
        type            fixedValue;
        value           uniform (0 0 0);
    }
    outlet
    {
        type            zeroGradient;
    }
    yzfaces
    {
        type            empty;
    }
}


// ************************************************************************* //
