/*--------------------------------*- C++ -*----------------------------------*\
  =========                 |
  \\      /  F ield         | OpenFOAM: The Open Source CFD Toolbox
   \\    /   O peration     | Website:  https://openfoam.org
    \\  /    A nd           | Version:  10
     \\/     M anipulation  |
\*---------------------------------------------------------------------------*/
FoamFile
{
    format      ascii;
    class       volVectorField;
    location    "0.18";
    object      Ub;
}
// * * * * * * * * * * * * * * * * * * * * * * * * * * * * * * * * * * * * * //

dimensions      [0 1 -1 0 0 0 0];

internalField   nonuniform List<vector> 
100
(
(0.000118539 0 0)
(0.000356517 0 0)
(0.000596025 0 0)
(0.000837405 0 0)
(0.00108206 0 0)
(0.0013317 0 0)
(0.00158847 0 0)
(0.0018552 0 0)
(0.00213598 0 0)
(0.00243721 0 0)
(0.0027698 0 0)
(0.00315447 0 0)
(0.00363624 0 0)
(0.00433467 0 0)
(0.00568654 0 0)
(0.00944727 0 0)
(0.0132829 0 0)
(0.0142844 0 0)
(0.0142847 0 0)
(0.0142847 0 0)
(0.0142847 0 0)
(0.0142847 0 0)
(0.0142847 0 0)
(0.0142847 0 0)
(0.0142847 0 0)
(0.0142847 0 0)
(0.0142847 0 0)
(0.0142847 0 0)
(0.0142847 0 0)
(0.0142847 0 0)
(0.0142847 0 0)
(0.0142847 0 0)
(0.0142847 0 0)
(0.0142847 0 0)
(0.0142847 0 0)
(0.0142847 0 0)
(0.0142847 0 0)
(0.0142847 0 0)
(0.0142847 0 0)
(0.0142847 0 0)
(0.0142847 0 0)
(0.0142847 0 0)
(0.0142847 0 0)
(0.0142847 0 0)
(0.0142847 0 0)
(0.0142847 0 0)
(0.0142847 0 0)
(0.0142847 0 0)
(0.0142847 0 0)
(0.0142847 0 0)
(0.0142847 0 0)
(0.0142847 0 0)
(0.0142847 0 0)
(0.0142847 0 0)
(0.0142847 0 0)
(0.0142847 0 0)
(0.0142847 0 0)
(0.0142847 0 0)
(0.0142847 0 0)
(0.0142847 0 0)
(0.0142847 0 0)
(0.0142847 0 0)
(0.0142847 0 0)
(0.0142847 0 0)
(0.0142847 0 0)
(0.0142847 0 0)
(0.0142847 0 0)
(0.0142847 0 0)
(0.0142847 0 0)
(0.0142847 0 0)
(0.0142847 0 0)
(0.0142847 0 0)
(0.0142847 0 0)
(0.0142847 0 0)
(0.0142847 0 0)
(0.0142847 0 0)
(0.0142847 0 0)
(0.0142847 0 0)
(0.0142847 0 0)
(0.0142847 0 0)
(0.0142847 0 0)
(0.0142847 0 0)
(0.0142847 0 0)
(0.0142847 0 0)
(0.0142847 0 0)
(0.0142847 0 0)
(0.0142847 0 0)
(0.0142847 0 0)
(0.0142847 0 0)
(0.0142847 0 0)
(0.0142847 0 0)
(0.0142847 0 0)
(0.0142847 0 0)
(0.0142847 0 0)
(0.0142847 0 0)
(0.0142847 0 0)
(0.0142847 0 0)
(0.0142847 0 0)
(0.0142847 0 0)
(0.0142847 0 0)
)
;

boundaryField
{
    inlet
    {
        type            fixedValue;
        value           uniform (0 0 0);
    }
    outlet
    {
        type            zeroGradient;
    }
    yzfaces
    {
        type            empty;
    }
}


// ************************************************************************* //
