/*--------------------------------*- C++ -*----------------------------------*\
  =========                 |
  \\      /  F ield         | OpenFOAM: The Open Source CFD Toolbox
   \\    /   O peration     | Website:  https://openfoam.org
    \\  /    A nd           | Version:  10
     \\/     M anipulation  |
\*---------------------------------------------------------------------------*/
FoamFile
{
    format      ascii;
    class       volVectorField;
    location    "1.16";
    object      Ua;
}
// * * * * * * * * * * * * * * * * * * * * * * * * * * * * * * * * * * * * * //

dimensions      [0 1 -1 0 0 0 0];

internalField   nonuniform List<vector> 
100
(
(0.0071224 0 0)
(0.0142267 0 0)
(0.0141903 0 0)
(0.0141534 0 0)
(0.0141164 0 0)
(0.0140794 0 0)
(0.0140424 0 0)
(0.0140055 0 0)
(0.0139686 0 0)
(0.0139318 0 0)
(0.013895 0 0)
(0.0138583 0 0)
(0.0138217 0 0)
(0.0137851 0 0)
(0.0137486 0 0)
(0.0137121 0 0)
(0.0136756 0 0)
(0.0136392 0 0)
(0.0136028 0 0)
(0.0135664 0 0)
(0.01353 0 0)
(0.0134936 0 0)
(0.0134573 0 0)
(0.0134209 0 0)
(0.0133845 0 0)
(0.0133481 0 0)
(0.0133117 0 0)
(0.0132753 0 0)
(0.0132388 0 0)
(0.0132023 0 0)
(0.0131657 0 0)
(0.0131292 0 0)
(0.0130925 0 0)
(0.0130558 0 0)
(0.0130191 0 0)
(0.0129823 0 0)
(0.0129455 0 0)
(0.0129085 0 0)
(0.0128715 0 0)
(0.0128345 0 0)
(0.0127973 0 0)
(0.01276 0 0)
(0.0127227 0 0)
(0.0126853 0 0)
(0.0126477 0 0)
(0.01261 0 0)
(0.0125723 0 0)
(0.0125344 0 0)
(0.0124963 0 0)
(0.0124582 0 0)
(0.0124199 0 0)
(0.0123814 0 0)
(0.0123428 0 0)
(0.012304 0 0)
(0.012265 0 0)
(0.0122258 0 0)
(0.0121865 0 0)
(0.0121469 0 0)
(0.0121071 0 0)
(0.012067 0 0)
(0.0120267 0 0)
(0.0119861 0 0)
(0.0119452 0 0)
(0.011904 0 0)
(0.0118625 0 0)
(0.0118205 0 0)
(0.0117782 0 0)
(0.0117354 0 0)
(0.0116921 0 0)
(0.0116482 0 0)
(0.0116038 0 0)
(0.0115587 0 0)
(0.0115128 0 0)
(0.011466 0 0)
(0.0114183 0 0)
(0.0113695 0 0)
(0.0113194 0 0)
(0.0112677 0 0)
(0.0112142 0 0)
(0.0111586 0 0)
(0.0111003 0 0)
(0.0110388 0 0)
(0.0109731 0 0)
(0.0109022 0 0)
(0.0108243 0 0)
(0.010737 0 0)
(0.0106363 0 0)
(0.0105159 0 0)
(0.0103649 0 0)
(0.0101618 0 0)
(0.00986 0 0)
(0.00933436 0 0)
(0.00812306 0 0)
(0.00447145 0 0)
(0.000844745 0 0)
(1.36078e-07 0 0)
(0 0 0)
(0 0 0)
(0 0 0)
(0 0 0)
)
;

boundaryField
{
    inlet
    {
        type            fixedValue;
        value           uniform (0 0 0);
    }
    outlet
    {
        type            zeroGradient;
    }
    yzfaces
    {
        type            empty;
    }
}


// ************************************************************************* //
