/*--------------------------------*- C++ -*----------------------------------*\
  =========                 |
  \\      /  F ield         | OpenFOAM: The Open Source CFD Toolbox
   \\    /   O peration     | Website:  https://openfoam.org
    \\  /    A nd           | Version:  10
     \\/     M anipulation  |
\*---------------------------------------------------------------------------*/
FoamFile
{
    format      ascii;
    class       volVectorField;
    location    "1.16";
    object      Ub;
}
// * * * * * * * * * * * * * * * * * * * * * * * * * * * * * * * * * * * * * //

dimensions      [0 1 -1 0 0 0 0];

internalField   nonuniform List<vector> 
100
(
(1.71434e-05 0 0)
(5.23592e-05 0 0)
(8.88063e-05 0 0)
(0.000125664 0 0)
(0.000162662 0 0)
(0.000199685 0 0)
(0.000236681 0 0)
(0.000273624 0 0)
(0.000310505 0 0)
(0.00034732 0 0)
(0.00038407 0 0)
(0.000420758 0 0)
(0.000457389 0 0)
(0.000493968 0 0)
(0.000530502 0 0)
(0.000566995 0 0)
(0.000603454 0 0)
(0.000639885 0 0)
(0.000676294 0 0)
(0.000712685 0 0)
(0.000749066 0 0)
(0.000785439 0 0)
(0.000821812 0 0)
(0.000858189 0 0)
(0.000894576 0 0)
(0.000930976 0 0)
(0.000967395 0 0)
(0.00100384 0 0)
(0.00104031 0 0)
(0.00107681 0 0)
(0.00111335 0 0)
(0.00114993 0 0)
(0.00118656 0 0)
(0.00122324 0 0)
(0.00125997 0 0)
(0.00129677 0 0)
(0.00133362 0 0)
(0.00137055 0 0)
(0.00140755 0 0)
(0.00144463 0 0)
(0.00148179 0 0)
(0.00151905 0 0)
(0.00155639 0 0)
(0.00159384 0 0)
(0.00163138 0 0)
(0.00166904 0 0)
(0.00170682 0 0)
(0.00174472 0 0)
(0.00178275 0 0)
(0.00182092 0 0)
(0.00185923 0 0)
(0.00189769 0 0)
(0.00193631 0 0)
(0.00197511 0 0)
(0.00201408 0 0)
(0.00205325 0 0)
(0.00209261 0 0)
(0.0021322 0 0)
(0.00217201 0 0)
(0.00221206 0 0)
(0.00225237 0 0)
(0.00229297 0 0)
(0.00233386 0 0)
(0.00237507 0 0)
(0.00241664 0 0)
(0.00245858 0 0)
(0.00250093 0 0)
(0.00254373 0 0)
(0.00258703 0 0)
(0.00263087 0 0)
(0.00267531 0 0)
(0.00272043 0 0)
(0.00276631 0 0)
(0.00281304 0 0)
(0.00286075 0 0)
(0.00290959 0 0)
(0.00295972 0 0)
(0.00301138 0 0)
(0.00306485 0 0)
(0.00312048 0 0)
(0.00317876 0 0)
(0.0032403 0 0)
(0.00330594 0 0)
(0.00337688 0 0)
(0.00345477 0 0)
(0.00354213 0 0)
(0.00364282 0 0)
(0.00376316 0 0)
(0.00391421 0 0)
(0.00411728 0 0)
(0.00441909 0 0)
(0.00494473 0 0)
(0.00615602 0 0)
(0.00980764 0 0)
(0.0134343 0 0)
(0.014279 0 0)
(0.0142791 0 0)
(0.0142791 0 0)
(0.0142791 0 0)
(0.0142791 0 0)
)
;

boundaryField
{
    inlet
    {
        type            fixedValue;
        value           uniform (0 0 0);
    }
    outlet
    {
        type            zeroGradient;
    }
    yzfaces
    {
        type            empty;
    }
}


// ************************************************************************* //
