/*--------------------------------*- C++ -*----------------------------------*\
  =========                 |
  \\      /  F ield         | OpenFOAM: The Open Source CFD Toolbox
   \\    /   O peration     | Website:  https://openfoam.org
    \\  /    A nd           | Version:  10
     \\/     M anipulation  |
\*---------------------------------------------------------------------------*/
FoamFile
{
    format      ascii;
    class       volVectorField;
    location    "1.49";
    object      Ua;
}
// * * * * * * * * * * * * * * * * * * * * * * * * * * * * * * * * * * * * * //

dimensions      [0 1 -1 0 0 0 0];

internalField   nonuniform List<vector> 
100
(
(0.00712552 0 0)
(0.0142371 0 0)
(0.014209 0 0)
(0.0141804 0 0)
(0.0141516 0 0)
(0.0141228 0 0)
(0.0140939 0 0)
(0.0140651 0 0)
(0.0140363 0 0)
(0.0140075 0 0)
(0.0139787 0 0)
(0.0139501 0 0)
(0.0139214 0 0)
(0.0138928 0 0)
(0.0138643 0 0)
(0.0138357 0 0)
(0.0138073 0 0)
(0.0137788 0 0)
(0.0137504 0 0)
(0.013722 0 0)
(0.0136936 0 0)
(0.0136653 0 0)
(0.013637 0 0)
(0.0136087 0 0)
(0.0135804 0 0)
(0.0135521 0 0)
(0.0135238 0 0)
(0.0134956 0 0)
(0.0134673 0 0)
(0.013439 0 0)
(0.0134108 0 0)
(0.0133825 0 0)
(0.0133542 0 0)
(0.0133259 0 0)
(0.0132976 0 0)
(0.0132693 0 0)
(0.013241 0 0)
(0.0132127 0 0)
(0.0131843 0 0)
(0.0131559 0 0)
(0.0131276 0 0)
(0.0130991 0 0)
(0.0130707 0 0)
(0.0130422 0 0)
(0.0130137 0 0)
(0.0129851 0 0)
(0.0129566 0 0)
(0.0129279 0 0)
(0.0128993 0 0)
(0.0128706 0 0)
(0.0128419 0 0)
(0.0128131 0 0)
(0.0127842 0 0)
(0.0127553 0 0)
(0.0127264 0 0)
(0.0126974 0 0)
(0.0126684 0 0)
(0.0126393 0 0)
(0.0126101 0 0)
(0.0125809 0 0)
(0.0125516 0 0)
(0.0125222 0 0)
(0.0124928 0 0)
(0.0124632 0 0)
(0.0124336 0 0)
(0.012404 0 0)
(0.0123742 0 0)
(0.0123443 0 0)
(0.0123144 0 0)
(0.0122844 0 0)
(0.0122542 0 0)
(0.012224 0 0)
(0.0121936 0 0)
(0.0121631 0 0)
(0.0121325 0 0)
(0.0121018 0 0)
(0.0120709 0 0)
(0.0120399 0 0)
(0.0120088 0 0)
(0.0119775 0 0)
(0.011946 0 0)
(0.0119144 0 0)
(0.0118826 0 0)
(0.0118506 0 0)
(0.0118183 0 0)
(0.0117859 0 0)
(0.0117532 0 0)
(0.0117203 0 0)
(0.0116871 0 0)
(0.0116536 0 0)
(0.0116197 0 0)
(0.0115856 0 0)
(0.011551 0 0)
(0.011516 0 0)
(0.0114806 0 0)
(0.0114446 0 0)
(0.0114081 0 0)
(0.011371 0 0)
(0.0113331 0 0)
(0.0112944 0 0)
)
;

boundaryField
{
    inlet
    {
        type            fixedValue;
        value           uniform (0 0 0);
    }
    outlet
    {
        type            zeroGradient;
    }
    yzfaces
    {
        type            empty;
    }
}


// ************************************************************************* //
