/*--------------------------------*- C++ -*----------------------------------*\
  =========                 |
  \\      /  F ield         | OpenFOAM: The Open Source CFD Toolbox
   \\    /   O peration     | Website:  https://openfoam.org
    \\  /    A nd           | Version:  10
     \\/     M anipulation  |
\*---------------------------------------------------------------------------*/
FoamFile
{
    format      ascii;
    class       volVectorField;
    location    "1.49";
    object      Ub;
}
// * * * * * * * * * * * * * * * * * * * * * * * * * * * * * * * * * * * * * //

dimensions      [0 1 -1 0 0 0 0];

internalField   nonuniform List<vector> 
100
(
(1.3084e-05 0 0)
(4.00896e-05 0 0)
(6.82378e-05 0 0)
(9.68215e-05 0 0)
(0.000125591 0 0)
(0.000154433 0 0)
(0.000183292 0 0)
(0.000212137 0 0)
(0.000240951 0 0)
(0.000269726 0 0)
(0.000298457 0 0)
(0.000327143 0 0)
(0.000355784 0 0)
(0.000384381 0 0)
(0.000412938 0 0)
(0.000441455 0 0)
(0.000469936 0 0)
(0.000498383 0 0)
(0.0005268 0 0)
(0.000555189 0 0)
(0.000583553 0 0)
(0.000611896 0 0)
(0.000640219 0 0)
(0.000668526 0 0)
(0.00069682 0 0)
(0.000725102 0 0)
(0.000753376 0 0)
(0.000781645 0 0)
(0.00080991 0 0)
(0.000838173 0 0)
(0.000866439 0 0)
(0.000894707 0 0)
(0.000922982 0 0)
(0.000951265 0 0)
(0.000979558 0 0)
(0.00100786 0 0)
(0.00103618 0 0)
(0.00106452 0 0)
(0.00109288 0 0)
(0.00112125 0 0)
(0.00114965 0 0)
(0.00117808 0 0)
(0.00120653 0 0)
(0.00123501 0 0)
(0.00126352 0 0)
(0.00129206 0 0)
(0.00132064 0 0)
(0.00134926 0 0)
(0.00137791 0 0)
(0.00140661 0 0)
(0.00143535 0 0)
(0.00146414 0 0)
(0.00149297 0 0)
(0.00152185 0 0)
(0.00155079 0 0)
(0.00157978 0 0)
(0.00160883 0 0)
(0.00163793 0 0)
(0.0016671 0 0)
(0.00169633 0 0)
(0.00172563 0 0)
(0.001755 0 0)
(0.00178445 0 0)
(0.00181396 0 0)
(0.00184356 0 0)
(0.00187324 0 0)
(0.001903 0 0)
(0.00193286 0 0)
(0.0019628 0 0)
(0.00199285 0 0)
(0.00202299 0 0)
(0.00205324 0 0)
(0.0020836 0 0)
(0.00211408 0 0)
(0.00214468 0 0)
(0.0021754 0 0)
(0.00220626 0 0)
(0.00223725 0 0)
(0.0022684 0 0)
(0.0022997 0 0)
(0.00233116 0 0)
(0.0023628 0 0)
(0.00239462 0 0)
(0.00242663 0 0)
(0.00245885 0 0)
(0.0024913 0 0)
(0.00252398 0 0)
(0.00255692 0 0)
(0.00259013 0 0)
(0.00262363 0 0)
(0.00265746 0 0)
(0.00269164 0 0)
(0.0027262 0 0)
(0.00276117 0 0)
(0.00279661 0 0)
(0.00283256 0 0)
(0.00286908 0 0)
(0.00290624 0 0)
(0.00294411 0 0)
(0.00298281 0 0)
)
;

boundaryField
{
    inlet
    {
        type            fixedValue;
        value           uniform (0 0 0);
    }
    outlet
    {
        type            zeroGradient;
    }
    yzfaces
    {
        type            empty;
    }
}


// ************************************************************************* //
