/*--------------------------------*- C++ -*----------------------------------*\
  =========                 |
  \\      /  F ield         | OpenFOAM: The Open Source CFD Toolbox
   \\    /   O peration     | Website:  https://openfoam.org
    \\  /    A nd           | Version:  10
     \\/     M anipulation  |
\*---------------------------------------------------------------------------*/
FoamFile
{
    format      ascii;
    class       volVectorField;
    location    "0.67";
    object      Ua;
}
// * * * * * * * * * * * * * * * * * * * * * * * * * * * * * * * * * * * * * //

dimensions      [0 1 -1 0 0 0 0];

internalField   nonuniform List<vector> 
100
(
(0.00711026 0 0)
(0.0141888 0 0)
(0.0141251 0 0)
(0.0140612 0 0)
(0.0139973 0 0)
(0.0139335 0 0)
(0.0138698 0 0)
(0.0138063 0 0)
(0.0137429 0 0)
(0.0136795 0 0)
(0.0136162 0 0)
(0.0135529 0 0)
(0.0134896 0 0)
(0.0134262 0 0)
(0.0133628 0 0)
(0.0132993 0 0)
(0.0132357 0 0)
(0.013172 0 0)
(0.013108 0 0)
(0.0130439 0 0)
(0.0129796 0 0)
(0.012915 0 0)
(0.0128501 0 0)
(0.0127849 0 0)
(0.0127194 0 0)
(0.0126535 0 0)
(0.0125872 0 0)
(0.0125204 0 0)
(0.0124531 0 0)
(0.0123853 0 0)
(0.0123169 0 0)
(0.0122478 0 0)
(0.0121779 0 0)
(0.0121072 0 0)
(0.0120356 0 0)
(0.0119629 0 0)
(0.011889 0 0)
(0.0118137 0 0)
(0.0117368 0 0)
(0.011658 0 0)
(0.011577 0 0)
(0.0114933 0 0)
(0.0114064 0 0)
(0.0113154 0 0)
(0.0112192 0 0)
(0.0111164 0 0)
(0.0110044 0 0)
(0.01088 0 0)
(0.0107372 0 0)
(0.0105663 0 0)
(0.0103486 0 0)
(0.0100443 0 0)
(0.00955173 0 0)
(0.0085208 0 0)
(0.00540296 0 0)
(0.00150402 0 0)
(1.99131e-06 0 0)
(2.77556e-17 0 0)
(0 0 0)
(0 0 0)
(0 0 0)
(0 0 0)
(0 0 0)
(0 0 0)
(0 0 0)
(0 0 0)
(0 0 0)
(0 0 0)
(0 0 0)
(0 0 0)
(0 0 0)
(0 0 0)
(0 0 0)
(0 0 0)
(0 0 0)
(0 0 0)
(0 0 0)
(0 0 0)
(0 0 0)
(0 0 0)
(0 0 0)
(0 0 0)
(0 0 0)
(0 0 0)
(0 0 0)
(0 0 0)
(0 0 0)
(0 0 0)
(0 0 0)
(0 0 0)
(0 0 0)
(0 0 0)
(0 0 0)
(0 0 0)
(0 0 0)
(0 0 0)
(0 0 0)
(0 0 0)
(0 0 0)
(0 0 0)
)
;

boundaryField
{
    inlet
    {
        type            fixedValue;
        value           uniform (0 0 0);
    }
    outlet
    {
        type            zeroGradient;
    }
    yzfaces
    {
        type            empty;
    }
}


// ************************************************************************* //
