/*--------------------------------*- C++ -*----------------------------------*\
  =========                 |
  \\      /  F ield         | OpenFOAM: The Open Source CFD Toolbox
   \\    /   O peration     | Website:  https://openfoam.org
    \\  /    A nd           | Version:  10
     \\/     M anipulation  |
\*---------------------------------------------------------------------------*/
FoamFile
{
    format      ascii;
    class       volVectorField;
    location    "0.545";
    object      Ua;
}
// * * * * * * * * * * * * * * * * * * * * * * * * * * * * * * * * * * * * * //

dimensions      [0 1 -1 0 0 0 0];

internalField   nonuniform List<vector> 
100
(
(0.00710324 0 0)
(0.0141674 0 0)
(0.0140889 0 0)
(0.0140104 0 0)
(0.013932 0 0)
(0.0138537 0 0)
(0.0137755 0 0)
(0.0136975 0 0)
(0.0136195 0 0)
(0.0135415 0 0)
(0.0134635 0 0)
(0.0133853 0 0)
(0.013307 0 0)
(0.0132285 0 0)
(0.0131497 0 0)
(0.0130707 0 0)
(0.0129912 0 0)
(0.0129114 0 0)
(0.0128311 0 0)
(0.0127503 0 0)
(0.0126689 0 0)
(0.0125868 0 0)
(0.0125039 0 0)
(0.0124202 0 0)
(0.0123355 0 0)
(0.0122497 0 0)
(0.0121627 0 0)
(0.0120743 0 0)
(0.0119842 0 0)
(0.0118922 0 0)
(0.0117979 0 0)
(0.011701 0 0)
(0.0116007 0 0)
(0.0114963 0 0)
(0.0113868 0 0)
(0.0112706 0 0)
(0.0111454 0 0)
(0.0110079 0 0)
(0.0108526 0 0)
(0.0106699 0 0)
(0.0104421 0 0)
(0.0101316 0 0)
(0.00964381 0 0)
(0.00866107 0 0)
(0.00574855 0 0)
(0.00176117 0 0)
(4.51292e-06 0 0)
(4.47559e-16 0 0)
(0 0 0)
(0 0 0)
(0 0 0)
(0 0 0)
(0 0 0)
(0 0 0)
(0 0 0)
(0 0 0)
(0 0 0)
(0 0 0)
(0 0 0)
(0 0 0)
(0 0 0)
(0 0 0)
(0 0 0)
(0 0 0)
(0 0 0)
(0 0 0)
(0 0 0)
(0 0 0)
(0 0 0)
(0 0 0)
(0 0 0)
(0 0 0)
(0 0 0)
(0 0 0)
(0 0 0)
(0 0 0)
(0 0 0)
(0 0 0)
(0 0 0)
(0 0 0)
(0 0 0)
(0 0 0)
(0 0 0)
(0 0 0)
(0 0 0)
(0 0 0)
(0 0 0)
(0 0 0)
(0 0 0)
(0 0 0)
(0 0 0)
(0 0 0)
(0 0 0)
(0 0 0)
(0 0 0)
(0 0 0)
(0 0 0)
(0 0 0)
(0 0 0)
(0 0 0)
)
;

boundaryField
{
    inlet
    {
        type            fixedValue;
        value           uniform (0 0 0);
    }
    outlet
    {
        type            zeroGradient;
    }
    yzfaces
    {
        type            empty;
    }
}


// ************************************************************************* //
