/*--------------------------------*- C++ -*----------------------------------*\
  =========                 |
  \\      /  F ield         | OpenFOAM: The Open Source CFD Toolbox
   \\    /   O peration     | Website:  https://openfoam.org
    \\  /    A nd           | Version:  10
     \\/     M anipulation  |
\*---------------------------------------------------------------------------*/
FoamFile
{
    format      ascii;
    class       volVectorField;
    location    "0.545";
    object      Ub;
}
// * * * * * * * * * * * * * * * * * * * * * * * * * * * * * * * * * * * * * //

dimensions      [0 1 -1 0 0 0 0];

internalField   nonuniform List<vector> 
100
(
(3.8064e-05 0 0)
(0.00011525 0 0)
(0.00019366 0 0)
(0.000272206 0 0)
(0.000350641 0 0)
(0.00042892 0 0)
(0.000507062 0 0)
(0.000585106 0 0)
(0.000663102 0 0)
(0.0007411 0 0)
(0.000819151 0 0)
(0.000897305 0 0)
(0.000975611 0 0)
(0.00105412 0 0)
(0.00113288 0 0)
(0.00121195 0 0)
(0.00129136 0 0)
(0.00137119 0 0)
(0.00145149 0 0)
(0.00153232 0 0)
(0.00161375 0 0)
(0.00169585 0 0)
(0.00177871 0 0)
(0.00186242 0 0)
(0.0019471 0 0)
(0.00203286 0 0)
(0.00211987 0 0)
(0.00220831 0 0)
(0.00229839 0 0)
(0.00239039 0 0)
(0.00248466 0 0)
(0.00258165 0 0)
(0.00268194 0 0)
(0.00278631 0 0)
(0.00289583 0 0)
(0.00301205 0 0)
(0.00313719 0 0)
(0.00327467 0 0)
(0.00343003 0 0)
(0.00361272 0 0)
(0.00384054 0 0)
(0.00415099 0 0)
(0.0046388 0 0)
(0.00562154 0 0)
(0.00853406 0 0)
(0.0125214 0 0)
(0.0142781 0 0)
(0.0142826 0 0)
(0.0142826 0 0)
(0.0142826 0 0)
(0.0142826 0 0)
(0.0142826 0 0)
(0.0142826 0 0)
(0.0142826 0 0)
(0.0142826 0 0)
(0.0142826 0 0)
(0.0142826 0 0)
(0.0142826 0 0)
(0.0142826 0 0)
(0.0142826 0 0)
(0.0142826 0 0)
(0.0142826 0 0)
(0.0142826 0 0)
(0.0142826 0 0)
(0.0142826 0 0)
(0.0142826 0 0)
(0.0142826 0 0)
(0.0142826 0 0)
(0.0142826 0 0)
(0.0142826 0 0)
(0.0142826 0 0)
(0.0142826 0 0)
(0.0142826 0 0)
(0.0142826 0 0)
(0.0142826 0 0)
(0.0142826 0 0)
(0.0142826 0 0)
(0.0142826 0 0)
(0.0142826 0 0)
(0.0142826 0 0)
(0.0142826 0 0)
(0.0142826 0 0)
(0.0142826 0 0)
(0.0142826 0 0)
(0.0142826 0 0)
(0.0142826 0 0)
(0.0142826 0 0)
(0.0142826 0 0)
(0.0142826 0 0)
(0.0142826 0 0)
(0.0142826 0 0)
(0.0142826 0 0)
(0.0142826 0 0)
(0.0142826 0 0)
(0.0142826 0 0)
(0.0142826 0 0)
(0.0142826 0 0)
(0.0142826 0 0)
(0.0142826 0 0)
(0.0142826 0 0)
)
;

boundaryField
{
    inlet
    {
        type            fixedValue;
        value           uniform (0 0 0);
    }
    outlet
    {
        type            zeroGradient;
    }
    yzfaces
    {
        type            empty;
    }
}


// ************************************************************************* //
