/*--------------------------------*- C++ -*----------------------------------*\
  =========                 |
  \\      /  F ield         | OpenFOAM: The Open Source CFD Toolbox
   \\    /   O peration     | Website:  https://openfoam.org
    \\  /    A nd           | Version:  10
     \\/     M anipulation  |
\*---------------------------------------------------------------------------*/
FoamFile
{
    format      ascii;
    class       volVectorField;
    location    "0.99";
    object      Ua;
}
// * * * * * * * * * * * * * * * * * * * * * * * * * * * * * * * * * * * * * //

dimensions      [0 1 -1 0 0 0 0];

internalField   nonuniform List<vector> 
100
(
(0.00711972 0 0)
(0.0142182 0 0)
(0.0141753 0 0)
(0.014132 0 0)
(0.0140887 0 0)
(0.0140454 0 0)
(0.0140021 0 0)
(0.0139589 0 0)
(0.0139158 0 0)
(0.0138728 0 0)
(0.0138298 0 0)
(0.0137869 0 0)
(0.0137441 0 0)
(0.0137013 0 0)
(0.0136586 0 0)
(0.0136158 0 0)
(0.0135731 0 0)
(0.0135305 0 0)
(0.0134878 0 0)
(0.0134451 0 0)
(0.0134024 0 0)
(0.0133597 0 0)
(0.013317 0 0)
(0.0132742 0 0)
(0.0132314 0 0)
(0.0131885 0 0)
(0.0131456 0 0)
(0.0131026 0 0)
(0.0130595 0 0)
(0.0130164 0 0)
(0.0129731 0 0)
(0.0129298 0 0)
(0.0128863 0 0)
(0.0128428 0 0)
(0.0127991 0 0)
(0.0127553 0 0)
(0.0127114 0 0)
(0.0126673 0 0)
(0.012623 0 0)
(0.0125786 0 0)
(0.012534 0 0)
(0.0124893 0 0)
(0.0124443 0 0)
(0.0123991 0 0)
(0.0123537 0 0)
(0.012308 0 0)
(0.012262 0 0)
(0.0122158 0 0)
(0.0121693 0 0)
(0.0121225 0 0)
(0.0120753 0 0)
(0.0120277 0 0)
(0.0119797 0 0)
(0.0119313 0 0)
(0.0118823 0 0)
(0.0118329 0 0)
(0.0117828 0 0)
(0.0117321 0 0)
(0.0116806 0 0)
(0.0116284 0 0)
(0.0115751 0 0)
(0.0115209 0 0)
(0.0114654 0 0)
(0.0114084 0 0)
(0.0113498 0 0)
(0.0112892 0 0)
(0.0112263 0 0)
(0.0111604 0 0)
(0.0110908 0 0)
(0.0110167 0 0)
(0.0109365 0 0)
(0.0108484 0 0)
(0.0107493 0 0)
(0.0106343 0 0)
(0.0104956 0 0)
(0.0103183 0 0)
(0.0100728 0 0)
(0.00968848 0 0)
(0.0089509 0 0)
(0.0069225 0 0)
(0.00276599 0 0)
(6.98942e-05 0 0)
(8.49303e-12 0 0)
(0 0 0)
(0 0 0)
(0 0 0)
(0 0 0)
(0 0 0)
(0 0 0)
(0 0 0)
(0 0 0)
(0 0 0)
(0 0 0)
(0 0 0)
(0 0 0)
(0 0 0)
(0 0 0)
(0 0 0)
(0 0 0)
(0 0 0)
)
;

boundaryField
{
    inlet
    {
        type            fixedValue;
        value           uniform (0 0 0);
    }
    outlet
    {
        type            zeroGradient;
    }
    yzfaces
    {
        type            empty;
    }
}


// ************************************************************************* //
