/*--------------------------------*- C++ -*----------------------------------*\
  =========                 |
  \\      /  F ield         | OpenFOAM: The Open Source CFD Toolbox
   \\    /   O peration     | Website:  https://openfoam.org
    \\  /    A nd           | Version:  10
     \\/     M anipulation  |
\*---------------------------------------------------------------------------*/
FoamFile
{
    format      ascii;
    class       volVectorField;
    location    "0.99";
    object      Ub;
}
// * * * * * * * * * * * * * * * * * * * * * * * * * * * * * * * * * * * * * //

dimensions      [0 1 -1 0 0 0 0];

internalField   nonuniform List<vector> 
100
(
(2.03089e-05 0 0)
(6.19053e-05 0 0)
(0.000104772 0 0)
(0.000148017 0 0)
(0.000191361 0 0)
(0.000234692 0 0)
(0.000277964 0 0)
(0.000321158 0 0)
(0.00036427 0 0)
(0.000407301 0 0)
(0.000450258 0 0)
(0.000493148 0 0)
(0.00053598 0 0)
(0.000578763 0 0)
(0.000621507 0 0)
(0.000664221 0 0)
(0.000706913 0 0)
(0.000749592 0 0)
(0.000792268 0 0)
(0.000834948 0 0)
(0.00087764 0 0)
(0.000920352 0 0)
(0.000963093 0 0)
(0.00100587 0 0)
(0.00104869 0 0)
(0.00109156 0 0)
(0.00113449 0 0)
(0.00117749 0 0)
(0.00122055 0 0)
(0.0012637 0 0)
(0.00130694 0 0)
(0.00135028 0 0)
(0.00139372 0 0)
(0.00143727 0 0)
(0.00148094 0 0)
(0.00152474 0 0)
(0.00156868 0 0)
(0.00161277 0 0)
(0.00165701 0 0)
(0.00170142 0 0)
(0.00174601 0 0)
(0.00179079 0 0)
(0.00183578 0 0)
(0.00188097 0 0)
(0.0019264 0 0)
(0.00197208 0 0)
(0.00201802 0 0)
(0.00206424 0 0)
(0.00211076 0 0)
(0.00215761 0 0)
(0.00220481 0 0)
(0.00225238 0 0)
(0.00230037 0 0)
(0.00234881 0 0)
(0.00239774 0 0)
(0.0024472 0 0)
(0.00249726 0 0)
(0.00254798 0 0)
(0.00259943 0 0)
(0.00265171 0 0)
(0.00270492 0 0)
(0.0027592 0 0)
(0.0028147 0 0)
(0.00287163 0 0)
(0.00293023 0 0)
(0.00299081 0 0)
(0.00305379 0 0)
(0.00311969 0 0)
(0.00318923 0 0)
(0.00326339 0 0)
(0.00334353 0 0)
(0.00343166 0 0)
(0.0035308 0 0)
(0.00364572 0 0)
(0.00378449 0 0)
(0.00396175 0 0)
(0.00420725 0 0)
(0.00459158 0 0)
(0.00532916 0 0)
(0.00735756 0 0)
(0.0115141 0 0)
(0.0142102 0 0)
(0.0142801 0 0)
(0.0142801 0 0)
(0.0142801 0 0)
(0.0142801 0 0)
(0.0142801 0 0)
(0.0142801 0 0)
(0.0142801 0 0)
(0.0142801 0 0)
(0.0142801 0 0)
(0.0142801 0 0)
(0.0142801 0 0)
(0.0142801 0 0)
(0.0142801 0 0)
(0.0142801 0 0)
(0.0142801 0 0)
(0.0142801 0 0)
(0.0142801 0 0)
(0.0142801 0 0)
)
;

boundaryField
{
    inlet
    {
        type            fixedValue;
        value           uniform (0 0 0);
    }
    outlet
    {
        type            zeroGradient;
    }
    yzfaces
    {
        type            empty;
    }
}


// ************************************************************************* //
