/*--------------------------------*- C++ -*----------------------------------*\
  =========                 |
  \\      /  F ield         | OpenFOAM: The Open Source CFD Toolbox
   \\    /   O peration     | Website:  https://openfoam.org
    \\  /    A nd           | Version:  10
     \\/     M anipulation  |
\*---------------------------------------------------------------------------*/
FoamFile
{
    format      ascii;
    class       volVectorField;
    location    "0.645";
    object      Ua;
}
// * * * * * * * * * * * * * * * * * * * * * * * * * * * * * * * * * * * * * //

dimensions      [0 1 -1 0 0 0 0];

internalField   nonuniform List<vector> 
100
(
(0.00710909 0 0)
(0.0141852 0 0)
(0.014119 0 0)
(0.0140526 0 0)
(0.0139862 0 0)
(0.01392 0 0)
(0.0138539 0 0)
(0.0137879 0 0)
(0.0137221 0 0)
(0.0136562 0 0)
(0.0135905 0 0)
(0.0135247 0 0)
(0.0134589 0 0)
(0.013393 0 0)
(0.0133271 0 0)
(0.013261 0 0)
(0.0131948 0 0)
(0.0131284 0 0)
(0.0130618 0 0)
(0.0129949 0 0)
(0.0129278 0 0)
(0.0128604 0 0)
(0.0127927 0 0)
(0.0127246 0 0)
(0.0126561 0 0)
(0.0125871 0 0)
(0.0125176 0 0)
(0.0124476 0 0)
(0.012377 0 0)
(0.0123057 0 0)
(0.0122336 0 0)
(0.0121607 0 0)
(0.0120868 0 0)
(0.0120119 0 0)
(0.0119358 0 0)
(0.0118582 0 0)
(0.0117791 0 0)
(0.0116981 0 0)
(0.0116148 0 0)
(0.0115289 0 0)
(0.0114397 0 0)
(0.0113464 0 0)
(0.011248 0 0)
(0.0111429 0 0)
(0.0110287 0 0)
(0.0109021 0 0)
(0.0107573 0 0)
(0.0105845 0 0)
(0.0103653 0 0)
(0.0100604 0 0)
(0.00956972 0 0)
(0.00855072 0 0)
(0.00547912 0 0)
(0.00156062 0 0)
(2.40276e-06 0 0)
(4.85723e-17 0 0)
(0 0 0)
(0 0 0)
(0 0 0)
(0 0 0)
(0 0 0)
(0 0 0)
(0 0 0)
(0 0 0)
(0 0 0)
(0 0 0)
(0 0 0)
(0 0 0)
(0 0 0)
(0 0 0)
(0 0 0)
(0 0 0)
(0 0 0)
(0 0 0)
(0 0 0)
(0 0 0)
(0 0 0)
(0 0 0)
(0 0 0)
(0 0 0)
(0 0 0)
(0 0 0)
(0 0 0)
(0 0 0)
(0 0 0)
(0 0 0)
(0 0 0)
(0 0 0)
(0 0 0)
(0 0 0)
(0 0 0)
(0 0 0)
(0 0 0)
(0 0 0)
(0 0 0)
(0 0 0)
(0 0 0)
(0 0 0)
(0 0 0)
(0 0 0)
)
;

boundaryField
{
    inlet
    {
        type            fixedValue;
        value           uniform (0 0 0);
    }
    outlet
    {
        type            zeroGradient;
    }
    yzfaces
    {
        type            empty;
    }
}


// ************************************************************************* //
