/*--------------------------------*- C++ -*----------------------------------*\
  =========                 |
  \\      /  F ield         | OpenFOAM: The Open Source CFD Toolbox
   \\    /   O peration     | Website:  https://openfoam.org
    \\  /    A nd           | Version:  10
     \\/     M anipulation  |
\*---------------------------------------------------------------------------*/
FoamFile
{
    format      ascii;
    class       volVectorField;
    location    "0.08";
    object      Ub;
}
// * * * * * * * * * * * * * * * * * * * * * * * * * * * * * * * * * * * * * //

dimensions      [0 1 -1 0 0 0 0];

internalField   nonuniform List<vector> 
100
(
(0.000271294 0 0)
(0.000823528 0 0)
(0.00140491 0 0)
(0.00204299 0 0)
(0.00279464 0 0)
(0.00381379 0 0)
(0.00571023 0 0)
(0.0102161 0 0)
(0.013858 0 0)
(0.0142853 0 0)
(0.0142853 0 0)
(0.0142853 0 0)
(0.0142853 0 0)
(0.0142853 0 0)
(0.0142853 0 0)
(0.0142853 0 0)
(0.0142853 0 0)
(0.0142853 0 0)
(0.0142853 0 0)
(0.0142853 0 0)
(0.0142853 0 0)
(0.0142853 0 0)
(0.0142853 0 0)
(0.0142853 0 0)
(0.0142853 0 0)
(0.0142853 0 0)
(0.0142853 0 0)
(0.0142853 0 0)
(0.0142853 0 0)
(0.0142853 0 0)
(0.0142853 0 0)
(0.0142853 0 0)
(0.0142853 0 0)
(0.0142853 0 0)
(0.0142853 0 0)
(0.0142853 0 0)
(0.0142853 0 0)
(0.0142853 0 0)
(0.0142853 0 0)
(0.0142853 0 0)
(0.0142853 0 0)
(0.0142853 0 0)
(0.0142853 0 0)
(0.0142853 0 0)
(0.0142853 0 0)
(0.0142853 0 0)
(0.0142853 0 0)
(0.0142853 0 0)
(0.0142853 0 0)
(0.0142853 0 0)
(0.0142853 0 0)
(0.0142853 0 0)
(0.0142853 0 0)
(0.0142853 0 0)
(0.0142853 0 0)
(0.0142853 0 0)
(0.0142853 0 0)
(0.0142853 0 0)
(0.0142853 0 0)
(0.0142853 0 0)
(0.0142853 0 0)
(0.0142853 0 0)
(0.0142853 0 0)
(0.0142853 0 0)
(0.0142853 0 0)
(0.0142853 0 0)
(0.0142853 0 0)
(0.0142853 0 0)
(0.0142853 0 0)
(0.0142853 0 0)
(0.0142853 0 0)
(0.0142853 0 0)
(0.0142853 0 0)
(0.0142853 0 0)
(0.0142853 0 0)
(0.0142853 0 0)
(0.0142853 0 0)
(0.0142853 0 0)
(0.0142853 0 0)
(0.0142853 0 0)
(0.0142853 0 0)
(0.0142853 0 0)
(0.0142853 0 0)
(0.0142853 0 0)
(0.0142853 0 0)
(0.0142853 0 0)
(0.0142853 0 0)
(0.0142853 0 0)
(0.0142853 0 0)
(0.0142853 0 0)
(0.0142853 0 0)
(0.0142853 0 0)
(0.0142853 0 0)
(0.0142853 0 0)
(0.0142853 0 0)
(0.0142853 0 0)
(0.0142853 0 0)
(0.0142853 0 0)
(0.0142853 0 0)
(0.0142853 0 0)
)
;

boundaryField
{
    inlet
    {
        type            fixedValue;
        value           uniform (0 0 0);
    }
    outlet
    {
        type            zeroGradient;
    }
    yzfaces
    {
        type            empty;
    }
}


// ************************************************************************* //
