/*--------------------------------*- C++ -*----------------------------------*\
  =========                 |
  \\      /  F ield         | OpenFOAM: The Open Source CFD Toolbox
   \\    /   O peration     | Website:  https://openfoam.org
    \\  /    A nd           | Version:  10
     \\/     M anipulation  |
\*---------------------------------------------------------------------------*/
FoamFile
{
    format      ascii;
    class       volVectorField;
    location    "1.48";
    object      Ua;
}
// * * * * * * * * * * * * * * * * * * * * * * * * * * * * * * * * * * * * * //

dimensions      [0 1 -1 0 0 0 0];

internalField   nonuniform List<vector> 
100
(
(0.00712545 0 0)
(0.0142369 0 0)
(0.0142085 0 0)
(0.0141798 0 0)
(0.0141508 0 0)
(0.0141218 0 0)
(0.0140927 0 0)
(0.0140637 0 0)
(0.0140347 0 0)
(0.0140057 0 0)
(0.0139768 0 0)
(0.0139479 0 0)
(0.0139191 0 0)
(0.0138903 0 0)
(0.0138615 0 0)
(0.0138328 0 0)
(0.0138041 0 0)
(0.0137755 0 0)
(0.0137469 0 0)
(0.0137183 0 0)
(0.0136898 0 0)
(0.0136612 0 0)
(0.0136327 0 0)
(0.0136042 0 0)
(0.0135757 0 0)
(0.0135473 0 0)
(0.0135188 0 0)
(0.0134904 0 0)
(0.0134619 0 0)
(0.0134334 0 0)
(0.013405 0 0)
(0.0133765 0 0)
(0.013348 0 0)
(0.0133196 0 0)
(0.0132911 0 0)
(0.0132626 0 0)
(0.0132341 0 0)
(0.0132055 0 0)
(0.013177 0 0)
(0.0131484 0 0)
(0.0131198 0 0)
(0.0130912 0 0)
(0.0130625 0 0)
(0.0130338 0 0)
(0.0130051 0 0)
(0.0129764 0 0)
(0.0129476 0 0)
(0.0129188 0 0)
(0.0128899 0 0)
(0.012861 0 0)
(0.012832 0 0)
(0.012803 0 0)
(0.012774 0 0)
(0.0127449 0 0)
(0.0127157 0 0)
(0.0126865 0 0)
(0.0126572 0 0)
(0.0126279 0 0)
(0.0125985 0 0)
(0.0125691 0 0)
(0.0125395 0 0)
(0.0125099 0 0)
(0.0124803 0 0)
(0.0124505 0 0)
(0.0124207 0 0)
(0.0123907 0 0)
(0.0123607 0 0)
(0.0123306 0 0)
(0.0123004 0 0)
(0.0122701 0 0)
(0.0122397 0 0)
(0.0122092 0 0)
(0.0121786 0 0)
(0.0121478 0 0)
(0.0121169 0 0)
(0.0120859 0 0)
(0.0120548 0 0)
(0.0120235 0 0)
(0.0119921 0 0)
(0.0119605 0 0)
(0.0119287 0 0)
(0.0118967 0 0)
(0.0118646 0 0)
(0.0118322 0 0)
(0.0117996 0 0)
(0.0117668 0 0)
(0.0117337 0 0)
(0.0117004 0 0)
(0.0116668 0 0)
(0.0116328 0 0)
(0.0115985 0 0)
(0.0115639 0 0)
(0.0115288 0 0)
(0.0114933 0 0)
(0.0114573 0 0)
(0.0114207 0 0)
(0.0113835 0 0)
(0.0113456 0 0)
(0.0113069 0 0)
(0.0112672 0 0)
)
;

boundaryField
{
    inlet
    {
        type            fixedValue;
        value           uniform (0 0 0);
    }
    outlet
    {
        type            zeroGradient;
    }
    yzfaces
    {
        type            empty;
    }
}


// ************************************************************************* //
