/*--------------------------------*- C++ -*----------------------------------*\
  =========                 |
  \\      /  F ield         | OpenFOAM: The Open Source CFD Toolbox
   \\    /   O peration     | Website:  https://openfoam.org
    \\  /    A nd           | Version:  10
     \\/     M anipulation  |
\*---------------------------------------------------------------------------*/
FoamFile
{
    format      ascii;
    class       volVectorField;
    location    "1.48";
    object      Ub;
}
// * * * * * * * * * * * * * * * * * * * * * * * * * * * * * * * * * * * * * //

dimensions      [0 1 -1 0 0 0 0];

internalField   nonuniform List<vector> 
100
(
(1.318e-05 0 0)
(4.03802e-05 0 0)
(6.87257e-05 0 0)
(9.75065e-05 0 0)
(0.000126472 0 0)
(0.000155509 0 0)
(0.000184562 0 0)
(0.0002136 0 0)
(0.000242606 0 0)
(0.000271572 0 0)
(0.000300494 0 0)
(0.000329371 0 0)
(0.000358202 0 0)
(0.000386989 0 0)
(0.000415735 0 0)
(0.000444441 0 0)
(0.000473111 0 0)
(0.000501747 0 0)
(0.000530353 0 0)
(0.000558932 0 0)
(0.000587485 0 0)
(0.000616017 0 0)
(0.00064453 0 0)
(0.000673027 0 0)
(0.000701511 0 0)
(0.000729984 0 0)
(0.000758449 0 0)
(0.000786909 0 0)
(0.000815366 0 0)
(0.000843822 0 0)
(0.00087228 0 0)
(0.000900743 0 0)
(0.000929211 0 0)
(0.000957689 0 0)
(0.000986178 0 0)
(0.00101468 0 0)
(0.0010432 0 0)
(0.00107173 0 0)
(0.00110029 0 0)
(0.00112886 0 0)
(0.00115746 0 0)
(0.00118609 0 0)
(0.00121474 0 0)
(0.00124343 0 0)
(0.00127214 0 0)
(0.00130089 0 0)
(0.00132968 0 0)
(0.0013585 0 0)
(0.00138737 0 0)
(0.00141628 0 0)
(0.00144523 0 0)
(0.00147423 0 0)
(0.00150328 0 0)
(0.00153238 0 0)
(0.00156153 0 0)
(0.00159074 0 0)
(0.00162001 0 0)
(0.00164934 0 0)
(0.00167874 0 0)
(0.0017082 0 0)
(0.00173773 0 0)
(0.00176733 0 0)
(0.00179701 0 0)
(0.00182676 0 0)
(0.0018566 0 0)
(0.00188652 0 0)
(0.00191653 0 0)
(0.00194664 0 0)
(0.00197684 0 0)
(0.00200714 0 0)
(0.00203754 0 0)
(0.00206806 0 0)
(0.00209869 0 0)
(0.00212943 0 0)
(0.00216031 0 0)
(0.00219132 0 0)
(0.00222246 0 0)
(0.00225375 0 0)
(0.0022852 0 0)
(0.00231681 0 0)
(0.00234859 0 0)
(0.00238055 0 0)
(0.0024127 0 0)
(0.00244506 0 0)
(0.00247764 0 0)
(0.00251046 0 0)
(0.00254352 0 0)
(0.00257686 0 0)
(0.00261049 0 0)
(0.00264443 0 0)
(0.00267872 0 0)
(0.00271338 0 0)
(0.00274845 0 0)
(0.00278398 0 0)
(0.00282 0 0)
(0.00285659 0 0)
(0.00289379 0 0)
(0.0029317 0 0)
(0.00297041 0 0)
(0.00301002 0 0)
)
;

boundaryField
{
    inlet
    {
        type            fixedValue;
        value           uniform (0 0 0);
    }
    outlet
    {
        type            zeroGradient;
    }
    yzfaces
    {
        type            empty;
    }
}


// ************************************************************************* //
