/*--------------------------------*- C++ -*----------------------------------*\
  =========                 |
  \\      /  F ield         | OpenFOAM: The Open Source CFD Toolbox
   \\    /   O peration     | Website:  https://openfoam.org
    \\  /    A nd           | Version:  10
     \\/     M anipulation  |
\*---------------------------------------------------------------------------*/
FoamFile
{
    format      ascii;
    class       volVectorField;
    location    "1.115";
    object      Ub;
}
// * * * * * * * * * * * * * * * * * * * * * * * * * * * * * * * * * * * * * //

dimensions      [0 1 -1 0 0 0 0];

internalField   nonuniform List<vector> 
100
(
(1.78862e-05 0 0)
(5.46009e-05 0 0)
(9.25579e-05 0 0)
(0.000130919 0 0)
(0.000169411 0 0)
(0.000207919 0 0)
(0.000246392 0 0)
(0.000284806 0 0)
(0.000323152 0 0)
(0.000361429 0 0)
(0.000399637 0 0)
(0.000437782 0 0)
(0.00047587 0 0)
(0.000513905 0 0)
(0.000551895 0 0)
(0.000589846 0 0)
(0.000627766 0 0)
(0.000665659 0 0)
(0.000703534 0 0)
(0.000741395 0 0)
(0.00077925 0 0)
(0.000817103 0 0)
(0.00085496 0 0)
(0.000892828 0 0)
(0.000930712 0 0)
(0.000968616 0 0)
(0.00100655 0 0)
(0.00104451 0 0)
(0.00108251 0 0)
(0.00112055 0 0)
(0.00115864 0 0)
(0.00119678 0 0)
(0.00123498 0 0)
(0.00127324 0 0)
(0.00131156 0 0)
(0.00134996 0 0)
(0.00138844 0 0)
(0.00142701 0 0)
(0.00146566 0 0)
(0.0015044 0 0)
(0.00154325 0 0)
(0.0015822 0 0)
(0.00162127 0 0)
(0.00166046 0 0)
(0.00169977 0 0)
(0.00173922 0 0)
(0.00177881 0 0)
(0.00181855 0 0)
(0.00185845 0 0)
(0.00189851 0 0)
(0.00193875 0 0)
(0.00197918 0 0)
(0.00201981 0 0)
(0.00206065 0 0)
(0.00210172 0 0)
(0.00214302 0 0)
(0.00218458 0 0)
(0.00222642 0 0)
(0.00226855 0 0)
(0.00231099 0 0)
(0.00235378 0 0)
(0.00239693 0 0)
(0.00244049 0 0)
(0.00248448 0 0)
(0.00252895 0 0)
(0.00257395 0 0)
(0.00261953 0 0)
(0.00266576 0 0)
(0.00271271 0 0)
(0.00276048 0 0)
(0.00280918 0 0)
(0.00285894 0 0)
(0.00290992 0 0)
(0.00296233 0 0)
(0.00301642 0 0)
(0.00307252 0 0)
(0.00313103 0 0)
(0.00319252 0 0)
(0.00325772 0 0)
(0.00332764 0 0)
(0.00340371 0 0)
(0.00348802 0 0)
(0.00358373 0 0)
(0.00369591 0 0)
(0.0038331 0 0)
(0.00401106 0 0)
(0.00426218 0 0)
(0.00466503 0 0)
(0.00546676 0 0)
(0.00777719 0 0)
(0.0118808 0 0)
(0.0142508 0 0)
(0.0142793 0 0)
(0.0142793 0 0)
(0.0142793 0 0)
(0.0142793 0 0)
(0.0142793 0 0)
(0.0142793 0 0)
(0.0142793 0 0)
(0.0142793 0 0)
)
;

boundaryField
{
    inlet
    {
        type            fixedValue;
        value           uniform (0 0 0);
    }
    outlet
    {
        type            zeroGradient;
    }
    yzfaces
    {
        type            empty;
    }
}


// ************************************************************************* //
