/*--------------------------------*- C++ -*----------------------------------*\
  =========                 |
  \\      /  F ield         | OpenFOAM: The Open Source CFD Toolbox
   \\    /   O peration     | Website:  https://openfoam.org
    \\  /    A nd           | Version:  10
     \\/     M anipulation  |
\*---------------------------------------------------------------------------*/
FoamFile
{
    format      ascii;
    class       volVectorField;
    location    "0.995";
    object      Ua;
}
// * * * * * * * * * * * * * * * * * * * * * * * * * * * * * * * * * * * * * //

dimensions      [0 1 -1 0 0 0 0];

internalField   nonuniform List<vector> 
100
(
(0.00711982 0 0)
(0.0142185 0 0)
(0.0141758 0 0)
(0.0141328 0 0)
(0.0140897 0 0)
(0.0140465 0 0)
(0.0140035 0 0)
(0.0139605 0 0)
(0.0139176 0 0)
(0.0138748 0 0)
(0.013832 0 0)
(0.0137894 0 0)
(0.0137467 0 0)
(0.0137042 0 0)
(0.0136616 0 0)
(0.0136191 0 0)
(0.0135767 0 0)
(0.0135342 0 0)
(0.0134917 0 0)
(0.0134493 0 0)
(0.0134068 0 0)
(0.0133643 0 0)
(0.0133218 0 0)
(0.0132792 0 0)
(0.0132366 0 0)
(0.013194 0 0)
(0.0131513 0 0)
(0.0131085 0 0)
(0.0130657 0 0)
(0.0130228 0 0)
(0.0129798 0 0)
(0.0129367 0 0)
(0.0128935 0 0)
(0.0128502 0 0)
(0.0128067 0 0)
(0.0127632 0 0)
(0.0127195 0 0)
(0.0126757 0 0)
(0.0126317 0 0)
(0.0125875 0 0)
(0.0125432 0 0)
(0.0124987 0 0)
(0.012454 0 0)
(0.0124091 0 0)
(0.0123639 0 0)
(0.0123186 0 0)
(0.0122729 0 0)
(0.012227 0 0)
(0.0121808 0 0)
(0.0121343 0 0)
(0.0120874 0 0)
(0.0120402 0 0)
(0.0119926 0 0)
(0.0119445 0 0)
(0.011896 0 0)
(0.011847 0 0)
(0.0117973 0 0)
(0.0117471 0 0)
(0.0116962 0 0)
(0.0116444 0 0)
(0.0115918 0 0)
(0.0115382 0 0)
(0.0114834 0 0)
(0.0114272 0 0)
(0.0113696 0 0)
(0.01131 0 0)
(0.0112482 0 0)
(0.0111838 0 0)
(0.011116 0 0)
(0.011044 0 0)
(0.0109667 0 0)
(0.0108822 0 0)
(0.0107881 0 0)
(0.0106804 0 0)
(0.0105525 0 0)
(0.0103931 0 0)
(0.0101801 0 0)
(0.00986434 0 0)
(0.00931294 0 0)
(0.00802416 0 0)
(0.00423233 0 0)
(0.000685034 0 0)
(5.50988e-08 0 0)
(0 0 0)
(0 0 0)
(0 0 0)
(0 0 0)
(0 0 0)
(0 0 0)
(0 0 0)
(0 0 0)
(0 0 0)
(0 0 0)
(0 0 0)
(0 0 0)
(0 0 0)
(0 0 0)
(0 0 0)
(0 0 0)
(0 0 0)
)
;

boundaryField
{
    inlet
    {
        type            fixedValue;
        value           uniform (0 0 0);
    }
    outlet
    {
        type            zeroGradient;
    }
    yzfaces
    {
        type            empty;
    }
}


// ************************************************************************* //
