/*--------------------------------*- C++ -*----------------------------------*\
  =========                 |
  \\      /  F ield         | OpenFOAM: The Open Source CFD Toolbox
   \\    /   O peration     | Website:  https://openfoam.org
    \\  /    A nd           | Version:  10
     \\/     M anipulation  |
\*---------------------------------------------------------------------------*/
FoamFile
{
    format      ascii;
    class       volVectorField;
    location    "0.995";
    object      Ub;
}
// * * * * * * * * * * * * * * * * * * * * * * * * * * * * * * * * * * * * * //

dimensions      [0 1 -1 0 0 0 0];

internalField   nonuniform List<vector> 
100
(
(2.02001e-05 0 0)
(6.15777e-05 0 0)
(0.000104224 0 0)
(0.000147251 0 0)
(0.000190378 0 0)
(0.000233493 0 0)
(0.00027655 0 0)
(0.00031953 0 0)
(0.000362428 0 0)
(0.000405246 0 0)
(0.00044799 0 0)
(0.000490667 0 0)
(0.000533286 0 0)
(0.000575857 0 0)
(0.000618387 0 0)
(0.000660886 0 0)
(0.000703364 0 0)
(0.000745828 0 0)
(0.000788287 0 0)
(0.000830749 0 0)
(0.000873223 0 0)
(0.000915716 0 0)
(0.000958236 0 0)
(0.00100079 0 0)
(0.00104339 0 0)
(0.00108603 0 0)
(0.00112874 0 0)
(0.0011715 0 0)
(0.00121434 0 0)
(0.00125726 0 0)
(0.00130026 0 0)
(0.00134336 0 0)
(0.00138656 0 0)
(0.00142987 0 0)
(0.00147329 0 0)
(0.00151685 0 0)
(0.00156053 0 0)
(0.00160437 0 0)
(0.00164835 0 0)
(0.0016925 0 0)
(0.00173682 0 0)
(0.00178133 0 0)
(0.00182604 0 0)
(0.00187095 0 0)
(0.00191609 0 0)
(0.00196147 0 0)
(0.00200711 0 0)
(0.00205302 0 0)
(0.00209922 0 0)
(0.00214574 0 0)
(0.0021926 0 0)
(0.00223982 0 0)
(0.00228744 0 0)
(0.0023355 0 0)
(0.00238403 0 0)
(0.00243307 0 0)
(0.00248269 0 0)
(0.00253293 0 0)
(0.00258388 0 0)
(0.00263561 0 0)
(0.00268824 0 0)
(0.00274187 0 0)
(0.00279666 0 0)
(0.00285279 0 0)
(0.00291048 0 0)
(0.00297003 0 0)
(0.00303179 0 0)
(0.00309625 0 0)
(0.00316404 0 0)
(0.00323601 0 0)
(0.00331337 0 0)
(0.00339783 0 0)
(0.00349195 0 0)
(0.00359967 0 0)
(0.00372751 0 0)
(0.00388689 0 0)
(0.00409996 0 0)
(0.00441569 0 0)
(0.0049671 0 0)
(0.00625588 0 0)
(0.0100477 0 0)
(0.013595 0 0)
(0.01428 0 0)
(0.01428 0 0)
(0.01428 0 0)
(0.01428 0 0)
(0.01428 0 0)
(0.01428 0 0)
(0.01428 0 0)
(0.01428 0 0)
(0.01428 0 0)
(0.01428 0 0)
(0.01428 0 0)
(0.01428 0 0)
(0.01428 0 0)
(0.01428 0 0)
(0.01428 0 0)
(0.01428 0 0)
(0.01428 0 0)
(0.01428 0 0)
)
;

boundaryField
{
    inlet
    {
        type            fixedValue;
        value           uniform (0 0 0);
    }
    outlet
    {
        type            zeroGradient;
    }
    yzfaces
    {
        type            empty;
    }
}


// ************************************************************************* //
