/*--------------------------------*- C++ -*----------------------------------*\
  =========                 |
  \\      /  F ield         | OpenFOAM: The Open Source CFD Toolbox
   \\    /   O peration     | Website:  https://openfoam.org
    \\  /    A nd           | Version:  10
     \\/     M anipulation  |
\*---------------------------------------------------------------------------*/
FoamFile
{
    format      ascii;
    class       volVectorField;
    location    "0.955";
    object      Ub;
}
// * * * * * * * * * * * * * * * * * * * * * * * * * * * * * * * * * * * * * //

dimensions      [0 1 -1 0 0 0 0];

internalField   nonuniform List<vector> 
100
(
(2.11022e-05 0 0)
(6.42954e-05 0 0)
(0.000108765 0 0)
(0.000153604 0 0)
(0.000198531 0 0)
(0.000243437 0 0)
(0.000288275 0 0)
(0.00033303 0 0)
(0.000377698 0 0)
(0.000422284 0 0)
(0.000466793 0 0)
(0.000511236 0 0)
(0.000555623 0 0)
(0.000599963 0 0)
(0.000644266 0 0)
(0.000688543 0 0)
(0.000732804 0 0)
(0.000777058 0 0)
(0.000821314 0 0)
(0.000865582 0 0)
(0.000909871 0 0)
(0.000954189 0 0)
(0.000998545 0 0)
(0.00104295 0 0)
(0.00108741 0 0)
(0.00113193 0 0)
(0.00117652 0 0)
(0.00122119 0 0)
(0.00126595 0 0)
(0.00131081 0 0)
(0.00135578 0 0)
(0.00140086 0 0)
(0.00144606 0 0)
(0.0014914 0 0)
(0.00153688 0 0)
(0.00158251 0 0)
(0.00162831 0 0)
(0.00167428 0 0)
(0.00172044 0 0)
(0.0017668 0 0)
(0.00181337 0 0)
(0.00186018 0 0)
(0.00190722 0 0)
(0.00195453 0 0)
(0.00200212 0 0)
(0.00205 0 0)
(0.00209821 0 0)
(0.00214677 0 0)
(0.00219571 0 0)
(0.00224505 0 0)
(0.00229483 0 0)
(0.00234511 0 0)
(0.00239591 0 0)
(0.0024473 0 0)
(0.00249933 0 0)
(0.00255209 0 0)
(0.00260566 0 0)
(0.00266014 0 0)
(0.00271567 0 0)
(0.00277238 0 0)
(0.00283048 0 0)
(0.0028902 0 0)
(0.00295183 0 0)
(0.00301575 0 0)
(0.00308247 0 0)
(0.00315266 0 0)
(0.00322721 0 0)
(0.0033074 0 0)
(0.00339505 0 0)
(0.00349291 0 0)
(0.00360524 0 0)
(0.00373915 0 0)
(0.00390732 0 0)
(0.00413473 0 0)
(0.00447827 0 0)
(0.00509945 0 0)
(0.006649 0 0)
(0.0107241 0 0)
(0.0139701 0 0)
(0.0142803 0 0)
(0.0142803 0 0)
(0.0142803 0 0)
(0.0142803 0 0)
(0.0142803 0 0)
(0.0142803 0 0)
(0.0142803 0 0)
(0.0142803 0 0)
(0.0142803 0 0)
(0.0142803 0 0)
(0.0142803 0 0)
(0.0142803 0 0)
(0.0142803 0 0)
(0.0142803 0 0)
(0.0142803 0 0)
(0.0142803 0 0)
(0.0142803 0 0)
(0.0142803 0 0)
(0.0142803 0 0)
(0.0142803 0 0)
(0.0142803 0 0)
)
;

boundaryField
{
    inlet
    {
        type            fixedValue;
        value           uniform (0 0 0);
    }
    outlet
    {
        type            zeroGradient;
    }
    yzfaces
    {
        type            empty;
    }
}


// ************************************************************************* //
