/*--------------------------------*- C++ -*----------------------------------*\
  =========                 |
  \\      /  F ield         | OpenFOAM: The Open Source CFD Toolbox
   \\    /   O peration     | Website:  https://openfoam.org
    \\  /    A nd           | Version:  10
     \\/     M anipulation  |
\*---------------------------------------------------------------------------*/
FoamFile
{
    format      ascii;
    class       volVectorField;
    location    "0.985";
    object      Ua;
}
// * * * * * * * * * * * * * * * * * * * * * * * * * * * * * * * * * * * * * //

dimensions      [0 1 -1 0 0 0 0];

internalField   nonuniform List<vector> 
100
(
(0.00711963 0 0)
(0.0142179 0 0)
(0.0141748 0 0)
(0.0141313 0 0)
(0.0140877 0 0)
(0.0140442 0 0)
(0.0140007 0 0)
(0.0139573 0 0)
(0.013914 0 0)
(0.0138707 0 0)
(0.0138275 0 0)
(0.0137844 0 0)
(0.0137414 0 0)
(0.0136984 0 0)
(0.0136554 0 0)
(0.0136125 0 0)
(0.0135696 0 0)
(0.0135267 0 0)
(0.0134838 0 0)
(0.0134409 0 0)
(0.013398 0 0)
(0.0133551 0 0)
(0.0133121 0 0)
(0.0132691 0 0)
(0.013226 0 0)
(0.0131829 0 0)
(0.0131398 0 0)
(0.0130966 0 0)
(0.0130533 0 0)
(0.0130099 0 0)
(0.0129664 0 0)
(0.0129228 0 0)
(0.0128791 0 0)
(0.0128353 0 0)
(0.0127914 0 0)
(0.0127474 0 0)
(0.0127032 0 0)
(0.0126588 0 0)
(0.0126143 0 0)
(0.0125696 0 0)
(0.0125248 0 0)
(0.0124797 0 0)
(0.0124345 0 0)
(0.012389 0 0)
(0.0123433 0 0)
(0.0122973 0 0)
(0.012251 0 0)
(0.0122045 0 0)
(0.0121576 0 0)
(0.0121105 0 0)
(0.0120629 0 0)
(0.012015 0 0)
(0.0119666 0 0)
(0.0119178 0 0)
(0.0118685 0 0)
(0.0118186 0 0)
(0.011768 0 0)
(0.0117168 0 0)
(0.0116649 0 0)
(0.011612 0 0)
(0.0115582 0 0)
(0.0115032 0 0)
(0.011447 0 0)
(0.0113892 0 0)
(0.0113297 0 0)
(0.011268 0 0)
(0.0112037 0 0)
(0.0111362 0 0)
(0.0110648 0 0)
(0.0109883 0 0)
(0.010905 0 0)
(0.0108127 0 0)
(0.0107078 0 0)
(0.0105845 0 0)
(0.0104326 0 0)
(0.010233 0 0)
(0.00994484 0 0)
(0.00946242 0 0)
(0.0084181 0 0)
(0.00521287 0 0)
(0.00137271 0 0)
(1.28109e-06 0 0)
(5.20417e-18 0 0)
(0 0 0)
(0 0 0)
(0 0 0)
(0 0 0)
(0 0 0)
(0 0 0)
(0 0 0)
(0 0 0)
(0 0 0)
(0 0 0)
(0 0 0)
(0 0 0)
(0 0 0)
(0 0 0)
(0 0 0)
(0 0 0)
(0 0 0)
)
;

boundaryField
{
    inlet
    {
        type            fixedValue;
        value           uniform (0 0 0);
    }
    outlet
    {
        type            zeroGradient;
    }
    yzfaces
    {
        type            empty;
    }
}


// ************************************************************************* //
