/*--------------------------------*- C++ -*----------------------------------*\
  =========                 |
  \\      /  F ield         | OpenFOAM: The Open Source CFD Toolbox
   \\    /   O peration     | Website:  https://openfoam.org
    \\  /    A nd           | Version:  10
     \\/     M anipulation  |
\*---------------------------------------------------------------------------*/
FoamFile
{
    format      ascii;
    class       volVectorField;
    location    "0.985";
    object      Ub;
}
// * * * * * * * * * * * * * * * * * * * * * * * * * * * * * * * * * * * * * //

dimensions      [0 1 -1 0 0 0 0];

internalField   nonuniform List<vector> 
100
(
(2.04187e-05 0 0)
(6.22363e-05 0 0)
(0.000105325 0 0)
(0.000148791 0 0)
(0.000192354 0 0)
(0.000235904 0 0)
(0.000279393 0 0)
(0.000322803 0 0)
(0.00036613 0 0)
(0.000409377 0 0)
(0.000452548 0 0)
(0.000495653 0 0)
(0.000538701 0 0)
(0.0005817 0 0)
(0.000624659 0 0)
(0.000667589 0 0)
(0.000710498 0 0)
(0.000753396 0 0)
(0.00079629 0 0)
(0.000839189 0 0)
(0.000882102 0 0)
(0.000925036 0 0)
(0.000968 0 0)
(0.001011 0 0)
(0.00105405 0 0)
(0.00109715 0 0)
(0.00114031 0 0)
(0.00118353 0 0)
(0.00122683 0 0)
(0.00127022 0 0)
(0.0013137 0 0)
(0.00135727 0 0)
(0.00140095 0 0)
(0.00144475 0 0)
(0.00148867 0 0)
(0.00153272 0 0)
(0.00157692 0 0)
(0.00162126 0 0)
(0.00166577 0 0)
(0.00171045 0 0)
(0.00175531 0 0)
(0.00180036 0 0)
(0.00184563 0 0)
(0.00189111 0 0)
(0.00193684 0 0)
(0.00198281 0 0)
(0.00202906 0 0)
(0.00207559 0 0)
(0.00212244 0 0)
(0.00216963 0 0)
(0.00221717 0 0)
(0.00226511 0 0)
(0.00231347 0 0)
(0.0023623 0 0)
(0.00241164 0 0)
(0.00246153 0 0)
(0.00251205 0 0)
(0.00256325 0 0)
(0.00261523 0 0)
(0.00266807 0 0)
(0.00272189 0 0)
(0.00277684 0 0)
(0.00283309 0 0)
(0.00289086 0 0)
(0.00295041 0 0)
(0.0030121 0 0)
(0.00307638 0 0)
(0.00314384 0 0)
(0.00321529 0 0)
(0.00329184 0 0)
(0.00337508 0 0)
(0.00346735 0 0)
(0.00357224 0 0)
(0.0036956 0 0)
(0.00384751 0 0)
(0.00404708 0 0)
(0.00433525 0 0)
(0.00481767 0 0)
(0.00586199 0 0)
(0.00906722 0 0)
(0.0129074 0 0)
(0.0142788 0 0)
(0.0142801 0 0)
(0.0142801 0 0)
(0.0142801 0 0)
(0.0142801 0 0)
(0.0142801 0 0)
(0.0142801 0 0)
(0.0142801 0 0)
(0.0142801 0 0)
(0.0142801 0 0)
(0.0142801 0 0)
(0.0142801 0 0)
(0.0142801 0 0)
(0.0142801 0 0)
(0.0142801 0 0)
(0.0142801 0 0)
(0.0142801 0 0)
(0.0142801 0 0)
(0.0142801 0 0)
)
;

boundaryField
{
    inlet
    {
        type            fixedValue;
        value           uniform (0 0 0);
    }
    outlet
    {
        type            zeroGradient;
    }
    yzfaces
    {
        type            empty;
    }
}


// ************************************************************************* //
