/*--------------------------------*- C++ -*----------------------------------*\
  =========                 |
  \\      /  F ield         | OpenFOAM: The Open Source CFD Toolbox
   \\    /   O peration     | Website:  https://openfoam.org
    \\  /    A nd           | Version:  10
     \\/     M anipulation  |
\*---------------------------------------------------------------------------*/
FoamFile
{
    format      ascii;
    class       volVectorField;
    location    "1.26";
    object      Ua;
}
// * * * * * * * * * * * * * * * * * * * * * * * * * * * * * * * * * * * * * //

dimensions      [0 1 -1 0 0 0 0];

internalField   nonuniform List<vector> 
100
(
(0.00712357 0 0)
(0.0142306 0 0)
(0.0141971 0 0)
(0.0141632 0 0)
(0.0141291 0 0)
(0.014095 0 0)
(0.0140609 0 0)
(0.0140269 0 0)
(0.0139929 0 0)
(0.013959 0 0)
(0.0139251 0 0)
(0.0138913 0 0)
(0.0138575 0 0)
(0.0138238 0 0)
(0.0137901 0 0)
(0.0137565 0 0)
(0.0137229 0 0)
(0.0136893 0 0)
(0.0136558 0 0)
(0.0136223 0 0)
(0.0135888 0 0)
(0.0135553 0 0)
(0.0135218 0 0)
(0.0134884 0 0)
(0.0134549 0 0)
(0.0134214 0 0)
(0.0133879 0 0)
(0.0133545 0 0)
(0.013321 0 0)
(0.0132875 0 0)
(0.0132539 0 0)
(0.0132204 0 0)
(0.0131868 0 0)
(0.0131532 0 0)
(0.0131195 0 0)
(0.0130858 0 0)
(0.0130521 0 0)
(0.0130183 0 0)
(0.0129845 0 0)
(0.0129506 0 0)
(0.0129166 0 0)
(0.0128826 0 0)
(0.0128486 0 0)
(0.0128144 0 0)
(0.0127802 0 0)
(0.012746 0 0)
(0.0127116 0 0)
(0.0126772 0 0)
(0.0126427 0 0)
(0.0126081 0 0)
(0.0125733 0 0)
(0.0125385 0 0)
(0.0125036 0 0)
(0.0124686 0 0)
(0.0124334 0 0)
(0.0123982 0 0)
(0.0123628 0 0)
(0.0123272 0 0)
(0.0122916 0 0)
(0.0122557 0 0)
(0.0122198 0 0)
(0.0121836 0 0)
(0.0121473 0 0)
(0.0121108 0 0)
(0.0120741 0 0)
(0.0120372 0 0)
(0.012 0 0)
(0.0119626 0 0)
(0.011925 0 0)
(0.0118871 0 0)
(0.0118489 0 0)
(0.0118104 0 0)
(0.0117715 0 0)
(0.0117323 0 0)
(0.0116926 0 0)
(0.0116526 0 0)
(0.011612 0 0)
(0.0115709 0 0)
(0.0115292 0 0)
(0.0114868 0 0)
(0.0114437 0 0)
(0.0113997 0 0)
(0.0113547 0 0)
(0.0113086 0 0)
(0.0112612 0 0)
(0.0112123 0 0)
(0.0111615 0 0)
(0.0111086 0 0)
(0.0110529 0 0)
(0.010994 0 0)
(0.0109308 0 0)
(0.0108623 0 0)
(0.0107866 0 0)
(0.0107011 0 0)
(0.0106019 0 0)
(0.0104823 0 0)
(0.0103305 0 0)
(0.0101238 0 0)
(0.0098114 0 0)
(0.00925461 0 0)
)
;

boundaryField
{
    inlet
    {
        type            fixedValue;
        value           uniform (0 0 0);
    }
    outlet
    {
        type            zeroGradient;
    }
    yzfaces
    {
        type            empty;
    }
}


// ************************************************************************* //
