/*--------------------------------*- C++ -*----------------------------------*\
  =========                 |
  \\      /  F ield         | OpenFOAM: The Open Source CFD Toolbox
   \\    /   O peration     | Website:  https://openfoam.org
    \\  /    A nd           | Version:  10
     \\/     M anipulation  |
\*---------------------------------------------------------------------------*/
FoamFile
{
    format      ascii;
    class       volVectorField;
    location    "1.26";
    object      Ub;
}
// * * * * * * * * * * * * * * * * * * * * * * * * * * * * * * * * * * * * * //

dimensions      [0 1 -1 0 0 0 0];

internalField   nonuniform List<vector> 
100
(
(1.5685e-05 0 0)
(4.79554e-05 0 0)
(8.1431e-05 0 0)
(0.000115329 0 0)
(0.000149384 0 0)
(0.000183482 0 0)
(0.000217569 0 0)
(0.000251616 0 0)
(0.000285611 0 0)
(0.000319549 0 0)
(0.000353429 0 0)
(0.000387252 0 0)
(0.000421021 0 0)
(0.000454739 0 0)
(0.000488412 0 0)
(0.000522044 0 0)
(0.000555639 0 0)
(0.000589202 0 0)
(0.000622738 0 0)
(0.000656251 0 0)
(0.000689745 0 0)
(0.000723226 0 0)
(0.000756698 0 0)
(0.000790163 0 0)
(0.000823627 0 0)
(0.000857094 0 0)
(0.000890567 0 0)
(0.00092405 0 0)
(0.000957547 0 0)
(0.000991062 0 0)
(0.0010246 0 0)
(0.00105816 0 0)
(0.00109175 0 0)
(0.00112537 0 0)
(0.00115902 0 0)
(0.00119271 0 0)
(0.00122645 0 0)
(0.00126023 0 0)
(0.00129406 0 0)
(0.00132794 0 0)
(0.00136188 0 0)
(0.00139588 0 0)
(0.00142994 0 0)
(0.00146407 0 0)
(0.00149827 0 0)
(0.00153254 0 0)
(0.0015669 0 0)
(0.00160133 0 0)
(0.00163585 0 0)
(0.00167047 0 0)
(0.00170518 0 0)
(0.00173999 0 0)
(0.0017749 0 0)
(0.00180993 0 0)
(0.00184508 0 0)
(0.00188034 0 0)
(0.00191574 0 0)
(0.00195127 0 0)
(0.00198695 0 0)
(0.00202277 0 0)
(0.00205875 0 0)
(0.0020949 0 0)
(0.00213123 0 0)
(0.00216774 0 0)
(0.00220445 0 0)
(0.00224137 0 0)
(0.00227851 0 0)
(0.00231589 0 0)
(0.00235352 0 0)
(0.00239143 0 0)
(0.00242963 0 0)
(0.00246815 0 0)
(0.00250701 0 0)
(0.00254624 0 0)
(0.00258588 0 0)
(0.00262596 0 0)
(0.00266652 0 0)
(0.00270763 0 0)
(0.00274933 0 0)
(0.00279171 0 0)
(0.00283484 0 0)
(0.00287883 0 0)
(0.00292379 0 0)
(0.00296988 0 0)
(0.00301728 0 0)
(0.00306622 0 0)
(0.00311698 0 0)
(0.00316994 0 0)
(0.00322557 0 0)
(0.00328452 0 0)
(0.00334767 0 0)
(0.00341622 0 0)
(0.00349192 0 0)
(0.00357737 0 0)
(0.0036766 0 0)
(0.00379626 0 0)
(0.00394805 0 0)
(0.00415476 0 0)
(0.00446712 0 0)
(0.00502391 0 0)
)
;

boundaryField
{
    inlet
    {
        type            fixedValue;
        value           uniform (0 0 0);
    }
    outlet
    {
        type            zeroGradient;
    }
    yzfaces
    {
        type            empty;
    }
}


// ************************************************************************* //
