/*--------------------------------*- C++ -*----------------------------------*\
  =========                 |
  \\      /  F ield         | OpenFOAM: The Open Source CFD Toolbox
   \\    /   O peration     | Website:  https://openfoam.org
    \\  /    A nd           | Version:  10
     \\/     M anipulation  |
\*---------------------------------------------------------------------------*/
FoamFile
{
    format      ascii;
    class       volVectorField;
    location    "0.385";
    object      Ua;
}
// * * * * * * * * * * * * * * * * * * * * * * * * * * * * * * * * * * * * * //

dimensions      [0 1 -1 0 0 0 0];

internalField   nonuniform List<vector> 
100
(
(0.00708723 0 0)
(0.0141189 0 0)
(0.0140078 0 0)
(0.0138968 0 0)
(0.0137858 0 0)
(0.013675 0 0)
(0.0135641 0 0)
(0.013453 0 0)
(0.0133415 0 0)
(0.0132296 0 0)
(0.013117 0 0)
(0.0130037 0 0)
(0.0128893 0 0)
(0.0127738 0 0)
(0.012657 0 0)
(0.0125385 0 0)
(0.0124181 0 0)
(0.0122955 0 0)
(0.0121701 0 0)
(0.0120415 0 0)
(0.0119088 0 0)
(0.0117711 0 0)
(0.0116269 0 0)
(0.0114742 0 0)
(0.01131 0 0)
(0.0111294 0 0)
(0.0109241 0 0)
(0.0106792 0 0)
(0.010364 0 0)
(0.00990513 0 0)
(0.00907617 0 0)
(0.00687275 0 0)
(0.00266056 0 0)
(5.06669e-05 0 0)
(2.49899e-12 0 0)
(0 0 0)
(0 0 0)
(0 0 0)
(0 0 0)
(0 0 0)
(0 0 0)
(0 0 0)
(0 0 0)
(0 0 0)
(0 0 0)
(0 0 0)
(0 0 0)
(0 0 0)
(0 0 0)
(0 0 0)
(0 0 0)
(0 0 0)
(0 0 0)
(0 0 0)
(0 0 0)
(0 0 0)
(0 0 0)
(0 0 0)
(0 0 0)
(0 0 0)
(0 0 0)
(0 0 0)
(0 0 0)
(0 0 0)
(0 0 0)
(0 0 0)
(0 0 0)
(0 0 0)
(0 0 0)
(0 0 0)
(0 0 0)
(0 0 0)
(0 0 0)
(0 0 0)
(0 0 0)
(0 0 0)
(0 0 0)
(0 0 0)
(0 0 0)
(0 0 0)
(0 0 0)
(0 0 0)
(0 0 0)
(0 0 0)
(0 0 0)
(0 0 0)
(0 0 0)
(0 0 0)
(0 0 0)
(0 0 0)
(0 0 0)
(0 0 0)
(0 0 0)
(0 0 0)
(0 0 0)
(0 0 0)
(0 0 0)
(0 0 0)
(0 0 0)
(0 0 0)
)
;

boundaryField
{
    inlet
    {
        type            fixedValue;
        value           uniform (0 0 0);
    }
    outlet
    {
        type            zeroGradient;
    }
    yzfaces
    {
        type            empty;
    }
}


// ************************************************************************* //
