/*--------------------------------*- C++ -*----------------------------------*\
  =========                 |
  \\      /  F ield         | OpenFOAM: The Open Source CFD Toolbox
   \\    /   O peration     | Website:  https://openfoam.org
    \\  /    A nd           | Version:  10
     \\/     M anipulation  |
\*---------------------------------------------------------------------------*/
FoamFile
{
    format      ascii;
    class       volVectorField;
    location    "0.385";
    object      Ub;
}
// * * * * * * * * * * * * * * * * * * * * * * * * * * * * * * * * * * * * * //

dimensions      [0 1 -1 0 0 0 0];

internalField   nonuniform List<vector> 
100
(
(5.45334e-05 0 0)
(0.00016459 0 0)
(0.000275692 0 0)
(0.000386766 0 0)
(0.000497692 0 0)
(0.000608546 0 0)
(0.000719453 0 0)
(0.000830556 0 0)
(0.000941997 0 0)
(0.00105392 0 0)
(0.00116649 0 0)
(0.00127985 0 0)
(0.00139418 0 0)
(0.00150967 0 0)
(0.00162652 0 0)
(0.001745 0 0)
(0.00186538 0 0)
(0.00198803 0 0)
(0.0021134 0 0)
(0.00224205 0 0)
(0.00237473 0 0)
(0.00251245 0 0)
(0.00265662 0 0)
(0.00280928 0 0)
(0.00297349 0 0)
(0.00315413 0 0)
(0.0033594 0 0)
(0.0036043 0 0)
(0.00391949 0 0)
(0.00437839 0 0)
(0.00520735 0 0)
(0.00741076 0 0)
(0.011623 0 0)
(0.0142329 0 0)
(0.0142835 0 0)
(0.0142835 0 0)
(0.0142835 0 0)
(0.0142835 0 0)
(0.0142835 0 0)
(0.0142835 0 0)
(0.0142835 0 0)
(0.0142835 0 0)
(0.0142835 0 0)
(0.0142835 0 0)
(0.0142835 0 0)
(0.0142835 0 0)
(0.0142835 0 0)
(0.0142835 0 0)
(0.0142835 0 0)
(0.0142835 0 0)
(0.0142835 0 0)
(0.0142835 0 0)
(0.0142835 0 0)
(0.0142835 0 0)
(0.0142835 0 0)
(0.0142835 0 0)
(0.0142835 0 0)
(0.0142835 0 0)
(0.0142835 0 0)
(0.0142835 0 0)
(0.0142835 0 0)
(0.0142835 0 0)
(0.0142835 0 0)
(0.0142835 0 0)
(0.0142835 0 0)
(0.0142835 0 0)
(0.0142835 0 0)
(0.0142835 0 0)
(0.0142835 0 0)
(0.0142835 0 0)
(0.0142835 0 0)
(0.0142835 0 0)
(0.0142835 0 0)
(0.0142835 0 0)
(0.0142835 0 0)
(0.0142835 0 0)
(0.0142835 0 0)
(0.0142835 0 0)
(0.0142835 0 0)
(0.0142835 0 0)
(0.0142835 0 0)
(0.0142835 0 0)
(0.0142835 0 0)
(0.0142835 0 0)
(0.0142835 0 0)
(0.0142835 0 0)
(0.0142835 0 0)
(0.0142835 0 0)
(0.0142835 0 0)
(0.0142835 0 0)
(0.0142835 0 0)
(0.0142835 0 0)
(0.0142835 0 0)
(0.0142835 0 0)
(0.0142835 0 0)
(0.0142835 0 0)
(0.0142835 0 0)
(0.0142835 0 0)
(0.0142835 0 0)
(0.0142835 0 0)
)
;

boundaryField
{
    inlet
    {
        type            fixedValue;
        value           uniform (0 0 0);
    }
    outlet
    {
        type            zeroGradient;
    }
    yzfaces
    {
        type            empty;
    }
}


// ************************************************************************* //
