/*--------------------------------*- C++ -*----------------------------------*\
  =========                 |
  \\      /  F ield         | OpenFOAM: The Open Source CFD Toolbox
   \\    /   O peration     | Website:  https://openfoam.org
    \\  /    A nd           | Version:  10
     \\/     M anipulation  |
\*---------------------------------------------------------------------------*/
FoamFile
{
    format      ascii;
    class       volVectorField;
    location    "1.01";
    object      Ua;
}
// * * * * * * * * * * * * * * * * * * * * * * * * * * * * * * * * * * * * * //

dimensions      [0 1 -1 0 0 0 0];

internalField   nonuniform List<vector> 
100
(
(0.00712009 0 0)
(0.0142193 0 0)
(0.0141773 0 0)
(0.0141349 0 0)
(0.0140925 0 0)
(0.01405 0 0)
(0.0140076 0 0)
(0.0139652 0 0)
(0.0139229 0 0)
(0.0138807 0 0)
(0.0138386 0 0)
(0.0137966 0 0)
(0.0137546 0 0)
(0.0137126 0 0)
(0.0136707 0 0)
(0.0136289 0 0)
(0.013587 0 0)
(0.0135452 0 0)
(0.0135034 0 0)
(0.0134615 0 0)
(0.0134197 0 0)
(0.0133779 0 0)
(0.013336 0 0)
(0.0132941 0 0)
(0.0132521 0 0)
(0.0132102 0 0)
(0.0131681 0 0)
(0.013126 0 0)
(0.0130839 0 0)
(0.0130416 0 0)
(0.0129993 0 0)
(0.0129569 0 0)
(0.0129144 0 0)
(0.0128718 0 0)
(0.0128291 0 0)
(0.0127863 0 0)
(0.0127433 0 0)
(0.0127002 0 0)
(0.012657 0 0)
(0.0126136 0 0)
(0.0125701 0 0)
(0.0125264 0 0)
(0.0124825 0 0)
(0.0124384 0 0)
(0.0123941 0 0)
(0.0123496 0 0)
(0.0123048 0 0)
(0.0122598 0 0)
(0.0122145 0 0)
(0.012169 0 0)
(0.0121231 0 0)
(0.0120769 0 0)
(0.0120303 0 0)
(0.0119833 0 0)
(0.011936 0 0)
(0.0118881 0 0)
(0.0118398 0 0)
(0.0117908 0 0)
(0.0117413 0 0)
(0.0116911 0 0)
(0.0116401 0 0)
(0.0115883 0 0)
(0.0115355 0 0)
(0.0114815 0 0)
(0.0114263 0 0)
(0.0113695 0 0)
(0.0113109 0 0)
(0.0112503 0 0)
(0.011187 0 0)
(0.0111205 0 0)
(0.01105 0 0)
(0.0109744 0 0)
(0.0108921 0 0)
(0.0108006 0 0)
(0.0106965 0 0)
(0.0105737 0 0)
(0.0104221 0 0)
(0.0102223 0 0)
(0.00993259 0 0)
(0.00944486 0 0)
(0.00838001 0 0)
(0.0051091 0 0)
(0.0012959 0 0)
(9.66666e-07 0 0)
(0 0 0)
(0 0 0)
(0 0 0)
(0 0 0)
(0 0 0)
(0 0 0)
(0 0 0)
(0 0 0)
(0 0 0)
(0 0 0)
(0 0 0)
(0 0 0)
(0 0 0)
(0 0 0)
(0 0 0)
(0 0 0)
)
;

boundaryField
{
    inlet
    {
        type            fixedValue;
        value           uniform (0 0 0);
    }
    outlet
    {
        type            zeroGradient;
    }
    yzfaces
    {
        type            empty;
    }
}


// ************************************************************************* //
