/*--------------------------------*- C++ -*----------------------------------*\
  =========                 |
  \\      /  F ield         | OpenFOAM: The Open Source CFD Toolbox
   \\    /   O peration     | Website:  https://openfoam.org
    \\  /    A nd           | Version:  10
     \\/     M anipulation  |
\*---------------------------------------------------------------------------*/
FoamFile
{
    format      ascii;
    class       volVectorField;
    location    "0.87";
    object      Ua;
}
// * * * * * * * * * * * * * * * * * * * * * * * * * * * * * * * * * * * * * //

dimensions      [0 1 -1 0 0 0 0];

internalField   nonuniform List<vector> 
100
(
(0.00711708 0 0)
(0.0142098 0 0)
(0.0141609 0 0)
(0.0141117 0 0)
(0.0140624 0 0)
(0.0140132 0 0)
(0.013964 0 0)
(0.0139149 0 0)
(0.013866 0 0)
(0.0138171 0 0)
(0.0137683 0 0)
(0.0137195 0 0)
(0.0136708 0 0)
(0.0136222 0 0)
(0.0135736 0 0)
(0.0135249 0 0)
(0.0134763 0 0)
(0.0134277 0 0)
(0.013379 0 0)
(0.0133303 0 0)
(0.0132816 0 0)
(0.0132328 0 0)
(0.0131839 0 0)
(0.0131349 0 0)
(0.0130859 0 0)
(0.0130367 0 0)
(0.0129874 0 0)
(0.012938 0 0)
(0.0128885 0 0)
(0.0128388 0 0)
(0.0127889 0 0)
(0.0127389 0 0)
(0.0126886 0 0)
(0.0126382 0 0)
(0.0125875 0 0)
(0.0125366 0 0)
(0.0124854 0 0)
(0.012434 0 0)
(0.0123822 0 0)
(0.0123302 0 0)
(0.0122777 0 0)
(0.0122249 0 0)
(0.0121717 0 0)
(0.0121181 0 0)
(0.0120639 0 0)
(0.0120093 0 0)
(0.011954 0 0)
(0.0118981 0 0)
(0.0118415 0 0)
(0.011784 0 0)
(0.0117257 0 0)
(0.0116664 0 0)
(0.0116059 0 0)
(0.011544 0 0)
(0.0114806 0 0)
(0.0114153 0 0)
(0.0113478 0 0)
(0.0112777 0 0)
(0.0112042 0 0)
(0.0111267 0 0)
(0.0110438 0 0)
(0.0109541 0 0)
(0.010855 0 0)
(0.0107427 0 0)
(0.0106112 0 0)
(0.0104496 0 0)
(0.0102373 0 0)
(0.00992963 0 0)
(0.00940783 0 0)
(0.00824176 0 0)
(0.00470563 0 0)
(0.000999913 0 0)
(2.85124e-07 0 0)
(0 0 0)
(0 0 0)
(0 0 0)
(0 0 0)
(0 0 0)
(0 0 0)
(0 0 0)
(0 0 0)
(0 0 0)
(0 0 0)
(0 0 0)
(0 0 0)
(0 0 0)
(0 0 0)
(0 0 0)
(0 0 0)
(0 0 0)
(0 0 0)
(0 0 0)
(0 0 0)
(0 0 0)
(0 0 0)
(0 0 0)
(0 0 0)
(0 0 0)
(0 0 0)
(0 0 0)
)
;

boundaryField
{
    inlet
    {
        type            fixedValue;
        value           uniform (0 0 0);
    }
    outlet
    {
        type            zeroGradient;
    }
    yzfaces
    {
        type            empty;
    }
}


// ************************************************************************* //
