/*--------------------------------*- C++ -*----------------------------------*\
  =========                 |
  \\      /  F ield         | OpenFOAM: The Open Source CFD Toolbox
   \\    /   O peration     | Website:  https://openfoam.org
    \\  /    A nd           | Version:  10
     \\/     M anipulation  |
\*---------------------------------------------------------------------------*/
FoamFile
{
    format      ascii;
    class       volVectorField;
    location    "0.6";
    object      Ua;
}
// * * * * * * * * * * * * * * * * * * * * * * * * * * * * * * * * * * * * * //

dimensions      [0 1 -1 0 0 0 0];

internalField   nonuniform List<vector> 
100
(
(0.00710671 0 0)
(0.0141779 0 0)
(0.0141067 0 0)
(0.0140354 0 0)
(0.0139641 0 0)
(0.0138929 0 0)
(0.0138219 0 0)
(0.013751 0 0)
(0.0136802 0 0)
(0.0136094 0 0)
(0.0135387 0 0)
(0.0134679 0 0)
(0.013397 0 0)
(0.013326 0 0)
(0.0132549 0 0)
(0.0131836 0 0)
(0.013112 0 0)
(0.0130403 0 0)
(0.0129682 0 0)
(0.0128958 0 0)
(0.012823 0 0)
(0.0127498 0 0)
(0.0126761 0 0)
(0.0126019 0 0)
(0.0125271 0 0)
(0.0124516 0 0)
(0.0123755 0 0)
(0.0122985 0 0)
(0.0122206 0 0)
(0.0121416 0 0)
(0.0120616 0 0)
(0.0119801 0 0)
(0.0118972 0 0)
(0.0118124 0 0)
(0.0117256 0 0)
(0.0116363 0 0)
(0.0115439 0 0)
(0.0114478 0 0)
(0.0113471 0 0)
(0.0112403 0 0)
(0.0111256 0 0)
(0.0110001 0 0)
(0.0108591 0 0)
(0.010695 0 0)
(0.0104939 0 0)
(0.0102278 0 0)
(0.00983128 0 0)
(0.00911052 0 0)
(0.00723815 0 0)
(0.00304637 0 0)
(0.000124327 0 0)
(6.96674e-11 0 0)
(0 0 0)
(0 0 0)
(0 0 0)
(0 0 0)
(0 0 0)
(0 0 0)
(0 0 0)
(0 0 0)
(0 0 0)
(0 0 0)
(0 0 0)
(0 0 0)
(0 0 0)
(0 0 0)
(0 0 0)
(0 0 0)
(0 0 0)
(0 0 0)
(0 0 0)
(0 0 0)
(0 0 0)
(0 0 0)
(0 0 0)
(0 0 0)
(0 0 0)
(0 0 0)
(0 0 0)
(0 0 0)
(0 0 0)
(0 0 0)
(0 0 0)
(0 0 0)
(0 0 0)
(0 0 0)
(0 0 0)
(0 0 0)
(0 0 0)
(0 0 0)
(0 0 0)
(0 0 0)
(0 0 0)
(0 0 0)
(0 0 0)
(0 0 0)
(0 0 0)
(0 0 0)
(0 0 0)
(0 0 0)
)
;

boundaryField
{
    inlet
    {
        type            fixedValue;
        value           uniform (0 0 0);
    }
    outlet
    {
        type            zeroGradient;
    }
    yzfaces
    {
        type            empty;
    }
}


// ************************************************************************* //
