/*--------------------------------*- C++ -*----------------------------------*\
  =========                 |
  \\      /  F ield         | OpenFOAM: The Open Source CFD Toolbox
   \\    /   O peration     | Website:  https://openfoam.org
    \\  /    A nd           | Version:  10
     \\/     M anipulation  |
\*---------------------------------------------------------------------------*/
FoamFile
{
    format      ascii;
    class       volVectorField;
    location    "0.6";
    object      Ub;
}
// * * * * * * * * * * * * * * * * * * * * * * * * * * * * * * * * * * * * * //

dimensions      [0 1 -1 0 0 0 0];

internalField   nonuniform List<vector> 
100
(
(3.44348e-05 0 0)
(0.000104365 0 0)
(0.000175551 0 0)
(0.000246922 0 0)
(0.000318216 0 0)
(0.000389368 0 0)
(0.00046038 0 0)
(0.000531277 0 0)
(0.000602093 0 0)
(0.000672865 0 0)
(0.000743633 0 0)
(0.000814435 0 0)
(0.000885308 0 0)
(0.000956288 0 0)
(0.00102741 0 0)
(0.00109872 0 0)
(0.00117025 0 0)
(0.00124203 0 0)
(0.0013141 0 0)
(0.00138652 0 0)
(0.00145931 0 0)
(0.00153252 0 0)
(0.0016062 0 0)
(0.00168042 0 0)
(0.00175521 0 0)
(0.00183066 0 0)
(0.00190684 0 0)
(0.00198382 0 0)
(0.00206172 0 0)
(0.00214065 0 0)
(0.00222074 0 0)
(0.00230216 0 0)
(0.00238511 0 0)
(0.00246985 0 0)
(0.00255668 0 0)
(0.00264601 0 0)
(0.00273837 0 0)
(0.00283444 0 0)
(0.00293519 0 0)
(0.00304195 0 0)
(0.00315664 0 0)
(0.00328219 0 0)
(0.00342317 0 0)
(0.00358728 0 0)
(0.00378842 0 0)
(0.00405454 0 0)
(0.00445101 0 0)
(0.00517177 0 0)
(0.00704414 0 0)
(0.0112359 0 0)
(0.014158 0 0)
(0.0142823 0 0)
(0.0142823 0 0)
(0.0142823 0 0)
(0.0142823 0 0)
(0.0142823 0 0)
(0.0142823 0 0)
(0.0142823 0 0)
(0.0142823 0 0)
(0.0142823 0 0)
(0.0142823 0 0)
(0.0142823 0 0)
(0.0142823 0 0)
(0.0142823 0 0)
(0.0142823 0 0)
(0.0142823 0 0)
(0.0142823 0 0)
(0.0142823 0 0)
(0.0142823 0 0)
(0.0142823 0 0)
(0.0142823 0 0)
(0.0142823 0 0)
(0.0142823 0 0)
(0.0142823 0 0)
(0.0142823 0 0)
(0.0142823 0 0)
(0.0142823 0 0)
(0.0142823 0 0)
(0.0142823 0 0)
(0.0142823 0 0)
(0.0142823 0 0)
(0.0142823 0 0)
(0.0142823 0 0)
(0.0142823 0 0)
(0.0142823 0 0)
(0.0142823 0 0)
(0.0142823 0 0)
(0.0142823 0 0)
(0.0142823 0 0)
(0.0142823 0 0)
(0.0142823 0 0)
(0.0142823 0 0)
(0.0142823 0 0)
(0.0142823 0 0)
(0.0142823 0 0)
(0.0142823 0 0)
(0.0142823 0 0)
(0.0142823 0 0)
(0.0142823 0 0)
(0.0142823 0 0)
)
;

boundaryField
{
    inlet
    {
        type            fixedValue;
        value           uniform (0 0 0);
    }
    outlet
    {
        type            zeroGradient;
    }
    yzfaces
    {
        type            empty;
    }
}


// ************************************************************************* //
