/*--------------------------------*- C++ -*----------------------------------*\
  =========                 |
  \\      /  F ield         | OpenFOAM: The Open Source CFD Toolbox
   \\    /   O peration     | Website:  https://openfoam.org
    \\  /    A nd           | Version:  10
     \\/     M anipulation  |
\*---------------------------------------------------------------------------*/
FoamFile
{
    format      ascii;
    class       volVectorField;
    location    "0.43";
    object      Ua;
}
// * * * * * * * * * * * * * * * * * * * * * * * * * * * * * * * * * * * * * //

dimensions      [0 1 -1 0 0 0 0];

internalField   nonuniform List<vector> 
100
(
(0.00709297 0 0)
(0.0141363 0 0)
(0.0140368 0 0)
(0.0139373 0 0)
(0.013838 0 0)
(0.0137389 0 0)
(0.0136397 0 0)
(0.0135406 0 0)
(0.0134412 0 0)
(0.0133417 0 0)
(0.0132418 0 0)
(0.0131414 0 0)
(0.0130404 0 0)
(0.0129388 0 0)
(0.0128363 0 0)
(0.0127329 0 0)
(0.0126284 0 0)
(0.0125226 0 0)
(0.0124154 0 0)
(0.0123063 0 0)
(0.0121953 0 0)
(0.0120818 0 0)
(0.0119655 0 0)
(0.0118456 0 0)
(0.0117214 0 0)
(0.0115917 0 0)
(0.0114548 0 0)
(0.0113085 0 0)
(0.011149 0 0)
(0.0109703 0 0)
(0.0107621 0 0)
(0.0105045 0 0)
(0.0101548 0 0)
(0.00960084 0 0)
(0.00844412 0 0)
(0.00500555 0 0)
(0.00118816 0 0)
(6.0754e-07 0 0)
(0 0 0)
(0 0 0)
(0 0 0)
(0 0 0)
(0 0 0)
(0 0 0)
(0 0 0)
(0 0 0)
(0 0 0)
(0 0 0)
(0 0 0)
(0 0 0)
(0 0 0)
(0 0 0)
(0 0 0)
(0 0 0)
(0 0 0)
(0 0 0)
(0 0 0)
(0 0 0)
(0 0 0)
(0 0 0)
(0 0 0)
(0 0 0)
(0 0 0)
(0 0 0)
(0 0 0)
(0 0 0)
(0 0 0)
(0 0 0)
(0 0 0)
(0 0 0)
(0 0 0)
(0 0 0)
(0 0 0)
(0 0 0)
(0 0 0)
(0 0 0)
(0 0 0)
(0 0 0)
(0 0 0)
(0 0 0)
(0 0 0)
(0 0 0)
(0 0 0)
(0 0 0)
(0 0 0)
(0 0 0)
(0 0 0)
(0 0 0)
(0 0 0)
(0 0 0)
(0 0 0)
(0 0 0)
(0 0 0)
(0 0 0)
(0 0 0)
(0 0 0)
(0 0 0)
(0 0 0)
(0 0 0)
(0 0 0)
)
;

boundaryField
{
    inlet
    {
        type            fixedValue;
        value           uniform (0 0 0);
    }
    outlet
    {
        type            zeroGradient;
    }
    yzfaces
    {
        type            empty;
    }
}


// ************************************************************************* //
