/*--------------------------------*- C++ -*----------------------------------*\
  =========                 |
  \\      /  F ield         | OpenFOAM: The Open Source CFD Toolbox
   \\    /   O peration     | Website:  https://openfoam.org
    \\  /    A nd           | Version:  10
     \\/     M anipulation  |
\*---------------------------------------------------------------------------*/
FoamFile
{
    format      ascii;
    class       volVectorField;
    location    "0.43";
    object      Ub;
}
// * * * * * * * * * * * * * * * * * * * * * * * * * * * * * * * * * * * * * //

dimensions      [0 1 -1 0 0 0 0];

internalField   nonuniform List<vector> 
100
(
(4.86608e-05 0 0)
(0.000147004 0 0)
(0.000246457 0 0)
(0.000345925 0 0)
(0.000445233 0 0)
(0.000544408 0 0)
(0.00064353 0 0)
(0.000742697 0 0)
(0.000842012 0 0)
(0.000941579 0 0)
(0.0010415 0 0)
(0.00114188 0 0)
(0.00124284 0 0)
(0.00134448 0 0)
(0.00144693 0 0)
(0.00155033 0 0)
(0.00165484 0 0)
(0.00176063 0 0)
(0.0018679 0 0)
(0.00197692 0 0)
(0.00208797 0 0)
(0.00220143 0 0)
(0.00231779 0 0)
(0.00243766 0 0)
(0.00256189 0 0)
(0.0026916 0 0)
(0.00282843 0 0)
(0.00297477 0 0)
(0.00313429 0 0)
(0.00331297 0 0)
(0.0035212 0 0)
(0.00377878 0 0)
(0.00412851 0 0)
(0.00468242 0 0)
(0.00583914 0 0)
(0.00927771 0 0)
(0.0130951 0 0)
(0.0142827 0 0)
(0.0142833 0 0)
(0.0142833 0 0)
(0.0142833 0 0)
(0.0142833 0 0)
(0.0142833 0 0)
(0.0142833 0 0)
(0.0142833 0 0)
(0.0142833 0 0)
(0.0142833 0 0)
(0.0142833 0 0)
(0.0142833 0 0)
(0.0142833 0 0)
(0.0142833 0 0)
(0.0142833 0 0)
(0.0142833 0 0)
(0.0142833 0 0)
(0.0142833 0 0)
(0.0142833 0 0)
(0.0142833 0 0)
(0.0142833 0 0)
(0.0142833 0 0)
(0.0142833 0 0)
(0.0142833 0 0)
(0.0142833 0 0)
(0.0142833 0 0)
(0.0142833 0 0)
(0.0142833 0 0)
(0.0142833 0 0)
(0.0142833 0 0)
(0.0142833 0 0)
(0.0142833 0 0)
(0.0142833 0 0)
(0.0142833 0 0)
(0.0142833 0 0)
(0.0142833 0 0)
(0.0142833 0 0)
(0.0142833 0 0)
(0.0142833 0 0)
(0.0142833 0 0)
(0.0142833 0 0)
(0.0142833 0 0)
(0.0142833 0 0)
(0.0142833 0 0)
(0.0142833 0 0)
(0.0142833 0 0)
(0.0142833 0 0)
(0.0142833 0 0)
(0.0142833 0 0)
(0.0142833 0 0)
(0.0142833 0 0)
(0.0142833 0 0)
(0.0142833 0 0)
(0.0142833 0 0)
(0.0142833 0 0)
(0.0142833 0 0)
(0.0142833 0 0)
(0.0142833 0 0)
(0.0142833 0 0)
(0.0142833 0 0)
(0.0142833 0 0)
(0.0142833 0 0)
(0.0142833 0 0)
)
;

boundaryField
{
    inlet
    {
        type            fixedValue;
        value           uniform (0 0 0);
    }
    outlet
    {
        type            zeroGradient;
    }
    yzfaces
    {
        type            empty;
    }
}


// ************************************************************************* //
