/*--------------------------------*- C++ -*----------------------------------*\
  =========                 |
  \\      /  F ield         | OpenFOAM: The Open Source CFD Toolbox
   \\    /   O peration     | Website:  https://openfoam.org
    \\  /    A nd           | Version:  10
     \\/     M anipulation  |
\*---------------------------------------------------------------------------*/
FoamFile
{
    format      ascii;
    class       volVectorField;
    location    "1.285";
    object      Ub;
}
// * * * * * * * * * * * * * * * * * * * * * * * * * * * * * * * * * * * * * //

dimensions      [0 1 -1 0 0 0 0];

internalField   nonuniform List<vector> 
100
(
(1.53564e-05 0 0)
(4.69625e-05 0 0)
(7.97671e-05 0 0)
(0.000112996 0 0)
(0.000146387 0 0)
(0.000179824 0 0)
(0.000213253 0 0)
(0.000246645 0 0)
(0.000279989 0 0)
(0.000313277 0 0)
(0.000346509 0 0)
(0.000379685 0 0)
(0.000412807 0 0)
(0.000445881 0 0)
(0.000478908 0 0)
(0.000511895 0 0)
(0.000544844 0 0)
(0.000577762 0 0)
(0.000610651 0 0)
(0.000643516 0 0)
(0.000676362 0 0)
(0.000709193 0 0)
(0.000742012 0 0)
(0.000774824 0 0)
(0.000807632 0 0)
(0.000840441 0 0)
(0.000873254 0 0)
(0.000906074 0 0)
(0.000938906 0 0)
(0.000971752 0 0)
(0.00100462 0 0)
(0.0010375 0 0)
(0.00107041 0 0)
(0.00110335 0 0)
(0.00113632 0 0)
(0.00116932 0 0)
(0.00120236 0 0)
(0.00123545 0 0)
(0.00126857 0 0)
(0.00130175 0 0)
(0.00133497 0 0)
(0.00136825 0 0)
(0.00140159 0 0)
(0.00143499 0 0)
(0.00146845 0 0)
(0.00150198 0 0)
(0.00153558 0 0)
(0.00156926 0 0)
(0.00160302 0 0)
(0.00163686 0 0)
(0.00167078 0 0)
(0.0017048 0 0)
(0.00173892 0 0)
(0.00177314 0 0)
(0.00180746 0 0)
(0.00184189 0 0)
(0.00187644 0 0)
(0.00191111 0 0)
(0.00194591 0 0)
(0.00198085 0 0)
(0.00201593 0 0)
(0.00205115 0 0)
(0.00208654 0 0)
(0.00212209 0 0)
(0.00215781 0 0)
(0.00219372 0 0)
(0.00222983 0 0)
(0.00226614 0 0)
(0.00230268 0 0)
(0.00233945 0 0)
(0.00237648 0 0)
(0.00241378 0 0)
(0.00245137 0 0)
(0.00248928 0 0)
(0.00252752 0 0)
(0.00256614 0 0)
(0.00260516 0 0)
(0.00264462 0 0)
(0.00268457 0 0)
(0.00272506 0 0)
(0.00276614 0 0)
(0.0028079 0 0)
(0.00285041 0 0)
(0.00289378 0 0)
(0.00293812 0 0)
(0.00298359 0 0)
(0.00303037 0 0)
(0.00307869 0 0)
(0.00312885 0 0)
(0.0031812 0 0)
(0.00323625 0 0)
(0.00329462 0 0)
(0.00335722 0 0)
(0.00342525 0 0)
(0.00350048 0 0)
(0.00358553 0 0)
(0.00368448 0 0)
(0.00380406 0 0)
(0.00395617 0 0)
(0.00416386 0 0)
)
;

boundaryField
{
    inlet
    {
        type            fixedValue;
        value           uniform (0 0 0);
    }
    outlet
    {
        type            zeroGradient;
    }
    yzfaces
    {
        type            empty;
    }
}


// ************************************************************************* //
