/*--------------------------------*- C++ -*----------------------------------*\
  =========                 |
  \\      /  F ield         | OpenFOAM: The Open Source CFD Toolbox
   \\    /   O peration     | Website:  https://openfoam.org
    \\  /    A nd           | Version:  10
     \\/     M anipulation  |
\*---------------------------------------------------------------------------*/
FoamFile
{
    format      ascii;
    class       volVectorField;
    location    "0.56";
    object      Ub;
}
// * * * * * * * * * * * * * * * * * * * * * * * * * * * * * * * * * * * * * //

dimensions      [0 1 -1 0 0 0 0];

internalField   nonuniform List<vector> 
100
(
(3.70033e-05 0 0)
(0.000112069 0 0)
(0.000188369 0 0)
(0.000264819 0 0)
(0.000341167 0 0)
(0.000417363 0 0)
(0.000493419 0 0)
(0.000569371 0 0)
(0.000645263 0 0)
(0.000721143 0 0)
(0.000797056 0 0)
(0.00087305 0 0)
(0.00094917 0 0)
(0.00102546 0 0)
(0.00110197 0 0)
(0.00117874 0 0)
(0.00125583 0 0)
(0.00133327 0 0)
(0.00141113 0 0)
(0.00148945 0 0)
(0.00156829 0 0)
(0.00164773 0 0)
(0.00172783 0 0)
(0.00180867 0 0)
(0.00189034 0 0)
(0.00197295 0 0)
(0.00205663 0 0)
(0.00214151 0 0)
(0.00222777 0 0)
(0.00231562 0 0)
(0.00240533 0 0)
(0.00249723 0 0)
(0.00259174 0 0)
(0.0026894 0 0)
(0.00279097 0 0)
(0.00289744 0 0)
(0.00301025 0 0)
(0.00313147 0 0)
(0.00326423 0 0)
(0.00341356 0 0)
(0.00358793 0 0)
(0.00380298 0 0)
(0.00409081 0 0)
(0.00452925 0 0)
(0.00536251 0 0)
(0.00768738 0 0)
(0.0118352 0 0)
(0.0142515 0 0)
(0.0142825 0 0)
(0.0142825 0 0)
(0.0142825 0 0)
(0.0142825 0 0)
(0.0142825 0 0)
(0.0142825 0 0)
(0.0142825 0 0)
(0.0142825 0 0)
(0.0142825 0 0)
(0.0142825 0 0)
(0.0142825 0 0)
(0.0142825 0 0)
(0.0142825 0 0)
(0.0142825 0 0)
(0.0142825 0 0)
(0.0142825 0 0)
(0.0142825 0 0)
(0.0142825 0 0)
(0.0142825 0 0)
(0.0142825 0 0)
(0.0142825 0 0)
(0.0142825 0 0)
(0.0142825 0 0)
(0.0142825 0 0)
(0.0142825 0 0)
(0.0142825 0 0)
(0.0142825 0 0)
(0.0142825 0 0)
(0.0142825 0 0)
(0.0142825 0 0)
(0.0142825 0 0)
(0.0142825 0 0)
(0.0142825 0 0)
(0.0142825 0 0)
(0.0142825 0 0)
(0.0142825 0 0)
(0.0142825 0 0)
(0.0142825 0 0)
(0.0142825 0 0)
(0.0142825 0 0)
(0.0142825 0 0)
(0.0142825 0 0)
(0.0142825 0 0)
(0.0142825 0 0)
(0.0142825 0 0)
(0.0142825 0 0)
(0.0142825 0 0)
(0.0142825 0 0)
(0.0142825 0 0)
(0.0142825 0 0)
(0.0142825 0 0)
(0.0142825 0 0)
)
;

boundaryField
{
    inlet
    {
        type            fixedValue;
        value           uniform (0 0 0);
    }
    outlet
    {
        type            zeroGradient;
    }
    yzfaces
    {
        type            empty;
    }
}


// ************************************************************************* //
