/*--------------------------------*- C++ -*----------------------------------*\
  =========                 |
  \\      /  F ield         | OpenFOAM: The Open Source CFD Toolbox
   \\    /   O peration     | Website:  https://openfoam.org
    \\  /    A nd           | Version:  10
     \\/     M anipulation  |
\*---------------------------------------------------------------------------*/
FoamFile
{
    format      ascii;
    class       volVectorField;
    location    "1.265";
    object      Ua;
}
// * * * * * * * * * * * * * * * * * * * * * * * * * * * * * * * * * * * * * //

dimensions      [0 1 -1 0 0 0 0];

internalField   nonuniform List<vector> 
100
(
(0.00712363 0 0)
(0.0142307 0 0)
(0.0141974 0 0)
(0.0141636 0 0)
(0.0141297 0 0)
(0.0140957 0 0)
(0.0140618 0 0)
(0.0140279 0 0)
(0.013994 0 0)
(0.0139602 0 0)
(0.0139265 0 0)
(0.0138928 0 0)
(0.0138591 0 0)
(0.0138255 0 0)
(0.013792 0 0)
(0.0137585 0 0)
(0.013725 0 0)
(0.0136916 0 0)
(0.0136582 0 0)
(0.0136248 0 0)
(0.0135915 0 0)
(0.0135581 0 0)
(0.0135248 0 0)
(0.0134914 0 0)
(0.0134581 0 0)
(0.0134248 0 0)
(0.0133914 0 0)
(0.0133581 0 0)
(0.0133247 0 0)
(0.0132914 0 0)
(0.013258 0 0)
(0.0132245 0 0)
(0.0131911 0 0)
(0.0131576 0 0)
(0.0131241 0 0)
(0.0130905 0 0)
(0.0130569 0 0)
(0.0130233 0 0)
(0.0129896 0 0)
(0.0129559 0 0)
(0.0129221 0 0)
(0.0128882 0 0)
(0.0128543 0 0)
(0.0128203 0 0)
(0.0127863 0 0)
(0.0127522 0 0)
(0.012718 0 0)
(0.0126837 0 0)
(0.0126493 0 0)
(0.0126149 0 0)
(0.0125803 0 0)
(0.0125457 0 0)
(0.0125109 0 0)
(0.012476 0 0)
(0.0124411 0 0)
(0.012406 0 0)
(0.0123707 0 0)
(0.0123354 0 0)
(0.0122999 0 0)
(0.0122643 0 0)
(0.0122285 0 0)
(0.0121925 0 0)
(0.0121564 0 0)
(0.0121201 0 0)
(0.0120835 0 0)
(0.0120468 0 0)
(0.0120099 0 0)
(0.0119727 0 0)
(0.0119353 0 0)
(0.0118977 0 0)
(0.0118597 0 0)
(0.0118214 0 0)
(0.0117829 0 0)
(0.0117439 0 0)
(0.0117046 0 0)
(0.0116648 0 0)
(0.0116245 0 0)
(0.0115838 0 0)
(0.0115425 0 0)
(0.0115005 0 0)
(0.0114578 0 0)
(0.0114143 0 0)
(0.0113698 0 0)
(0.0113244 0 0)
(0.0112776 0 0)
(0.0112295 0 0)
(0.0111796 0 0)
(0.0111277 0 0)
(0.0110733 0 0)
(0.0110159 0 0)
(0.0109547 0 0)
(0.0108886 0 0)
(0.0108161 0 0)
(0.010735 0 0)
(0.010642 0 0)
(0.0105316 0 0)
(0.0103945 0 0)
(0.0102135 0 0)
(0.00995241 0 0)
(0.00952094 0 0)
)
;

boundaryField
{
    inlet
    {
        type            fixedValue;
        value           uniform (0 0 0);
    }
    outlet
    {
        type            zeroGradient;
    }
    yzfaces
    {
        type            empty;
    }
}


// ************************************************************************* //
