/*--------------------------------*- C++ -*----------------------------------*\
  =========                 |
  \\      /  F ield         | OpenFOAM: The Open Source CFD Toolbox
   \\    /   O peration     | Website:  https://openfoam.org
    \\  /    A nd           | Version:  10
     \\/     M anipulation  |
\*---------------------------------------------------------------------------*/
FoamFile
{
    format      ascii;
    class       volVectorField;
    location    "1.265";
    object      Ub;
}
// * * * * * * * * * * * * * * * * * * * * * * * * * * * * * * * * * * * * * //

dimensions      [0 1 -1 0 0 0 0];

internalField   nonuniform List<vector> 
100
(
(1.56183e-05 0 0)
(4.77536e-05 0 0)
(8.10929e-05 0 0)
(0.000114855 0 0)
(0.000148775 0 0)
(0.000182739 0 0)
(0.000216692 0 0)
(0.000250606 0 0)
(0.000284469 0 0)
(0.000318275 0 0)
(0.000352023 0 0)
(0.000385715 0 0)
(0.000419352 0 0)
(0.00045294 0 0)
(0.000486481 0 0)
(0.000519982 0 0)
(0.000553446 0 0)
(0.000586878 0 0)
(0.000620282 0 0)
(0.000653663 0 0)
(0.000687026 0 0)
(0.000720375 0 0)
(0.000753714 0 0)
(0.000787047 0 0)
(0.000820377 0 0)
(0.00085371 0 0)
(0.000887049 0 0)
(0.000920397 0 0)
(0.000953759 0 0)
(0.000987138 0 0)
(0.00102054 0 0)
(0.00105396 0 0)
(0.00108741 0 0)
(0.00112089 0 0)
(0.00115441 0 0)
(0.00118796 0 0)
(0.00122155 0 0)
(0.00125519 0 0)
(0.00128888 0 0)
(0.00132262 0 0)
(0.00135641 0 0)
(0.00139026 0 0)
(0.00142418 0 0)
(0.00145816 0 0)
(0.0014922 0 0)
(0.00152633 0 0)
(0.00156053 0 0)
(0.00159481 0 0)
(0.00162917 0 0)
(0.00166363 0 0)
(0.00169818 0 0)
(0.00173283 0 0)
(0.00176758 0 0)
(0.00180244 0 0)
(0.00183742 0 0)
(0.00187252 0 0)
(0.00190774 0 0)
(0.0019431 0 0)
(0.00197859 0 0)
(0.00201423 0 0)
(0.00205003 0 0)
(0.00208599 0 0)
(0.00212212 0 0)
(0.00215843 0 0)
(0.00219494 0 0)
(0.00223165 0 0)
(0.00226858 0 0)
(0.00230574 0 0)
(0.00234315 0 0)
(0.00238082 0 0)
(0.00241878 0 0)
(0.00245704 0 0)
(0.00249564 0 0)
(0.00253459 0 0)
(0.00257394 0 0)
(0.00261371 0 0)
(0.00265395 0 0)
(0.00269471 0 0)
(0.00273604 0 0)
(0.00277801 0 0)
(0.0028207 0 0)
(0.00286421 0 0)
(0.00290864 0 0)
(0.00295413 0 0)
(0.00300086 0 0)
(0.00304902 0 0)
(0.00309889 0 0)
(0.0031508 0 0)
(0.00320517 0 0)
(0.00326259 0 0)
(0.00332382 0 0)
(0.00338993 0 0)
(0.00346241 0 0)
(0.00354349 0 0)
(0.00363652 0 0)
(0.00374693 0 0)
(0.00388398 0 0)
(0.00406495 0 0)
(0.00432608 0 0)
(0.00475755 0 0)
)
;

boundaryField
{
    inlet
    {
        type            fixedValue;
        value           uniform (0 0 0);
    }
    outlet
    {
        type            zeroGradient;
    }
    yzfaces
    {
        type            empty;
    }
}


// ************************************************************************* //
