/*--------------------------------*- C++ -*----------------------------------*\
  =========                 |
  \\      /  F ield         | OpenFOAM: The Open Source CFD Toolbox
   \\    /   O peration     | Website:  https://openfoam.org
    \\  /    A nd           | Version:  10
     \\/     M anipulation  |
\*---------------------------------------------------------------------------*/
FoamFile
{
    format      ascii;
    class       volVectorField;
    location    "1.215";
    object      Ua;
}
// * * * * * * * * * * * * * * * * * * * * * * * * * * * * * * * * * * * * * //

dimensions      [0 1 -1 0 0 0 0];

internalField   nonuniform List<vector> 
100
(
(0.00712308 0 0)
(0.0142289 0 0)
(0.0141942 0 0)
(0.014159 0 0)
(0.0141237 0 0)
(0.0140883 0 0)
(0.014053 0 0)
(0.0140177 0 0)
(0.0139825 0 0)
(0.0139473 0 0)
(0.0139122 0 0)
(0.0138771 0 0)
(0.0138421 0 0)
(0.0138072 0 0)
(0.0137723 0 0)
(0.0137374 0 0)
(0.0137026 0 0)
(0.0136678 0 0)
(0.013633 0 0)
(0.0135983 0 0)
(0.0135635 0 0)
(0.0135288 0 0)
(0.0134941 0 0)
(0.0134594 0 0)
(0.0134247 0 0)
(0.01339 0 0)
(0.0133552 0 0)
(0.0133205 0 0)
(0.0132857 0 0)
(0.0132509 0 0)
(0.0132161 0 0)
(0.0131812 0 0)
(0.0131464 0 0)
(0.0131114 0 0)
(0.0130765 0 0)
(0.0130414 0 0)
(0.0130064 0 0)
(0.0129713 0 0)
(0.0129361 0 0)
(0.0129008 0 0)
(0.0128655 0 0)
(0.0128301 0 0)
(0.0127947 0 0)
(0.0127591 0 0)
(0.0127235 0 0)
(0.0126878 0 0)
(0.012652 0 0)
(0.0126161 0 0)
(0.0125801 0 0)
(0.012544 0 0)
(0.0125078 0 0)
(0.0124714 0 0)
(0.0124349 0 0)
(0.0123983 0 0)
(0.0123616 0 0)
(0.0123247 0 0)
(0.0122876 0 0)
(0.0122504 0 0)
(0.012213 0 0)
(0.0121754 0 0)
(0.0121377 0 0)
(0.0120997 0 0)
(0.0120615 0 0)
(0.0120231 0 0)
(0.0119844 0 0)
(0.0119454 0 0)
(0.0119062 0 0)
(0.0118666 0 0)
(0.0118267 0 0)
(0.0117865 0 0)
(0.0117459 0 0)
(0.0117048 0 0)
(0.0116633 0 0)
(0.0116212 0 0)
(0.0115786 0 0)
(0.0115353 0 0)
(0.0114913 0 0)
(0.0114465 0 0)
(0.0114007 0 0)
(0.0113539 0 0)
(0.0113059 0 0)
(0.0112564 0 0)
(0.0112053 0 0)
(0.0111521 0 0)
(0.0110965 0 0)
(0.0110378 0 0)
(0.0109754 0 0)
(0.0109081 0 0)
(0.0108346 0 0)
(0.0107526 0 0)
(0.0106588 0 0)
(0.010548 0 0)
(0.010411 0 0)
(0.0102313 0 0)
(0.00997391 0 0)
(0.00955263 0 0)
(0.00868794 0 0)
(0.0061115 0 0)
(0.00207831 0 0)
(1.20176e-05 0 0)
)
;

boundaryField
{
    inlet
    {
        type            fixedValue;
        value           uniform (0 0 0);
    }
    outlet
    {
        type            zeroGradient;
    }
    yzfaces
    {
        type            empty;
    }
}


// ************************************************************************* //
