/*--------------------------------*- C++ -*----------------------------------*\
  =========                 |
  \\      /  F ield         | OpenFOAM: The Open Source CFD Toolbox
   \\    /   O peration     | Website:  https://openfoam.org
    \\  /    A nd           | Version:  10
     \\/     M anipulation  |
\*---------------------------------------------------------------------------*/
FoamFile
{
    format      ascii;
    class       volVectorField;
    location    "1.215";
    object      Ub;
}
// * * * * * * * * * * * * * * * * * * * * * * * * * * * * * * * * * * * * * //

dimensions      [0 1 -1 0 0 0 0];

internalField   nonuniform List<vector> 
100
(
(1.63112e-05 0 0)
(4.98466e-05 0 0)
(8.45992e-05 0 0)
(0.00011977 0 0)
(0.00015509 0 0)
(0.000190445 0 0)
(0.000225782 0 0)
(0.000261075 0 0)
(0.00029631 0 0)
(0.000331485 0 0)
(0.000366598 0 0)
(0.000401652 0 0)
(0.00043665 0 0)
(0.000471597 0 0)
(0.000506499 0 0)
(0.000541359 0 0)
(0.000576184 0 0)
(0.000610978 0 0)
(0.000645746 0 0)
(0.000680494 0 0)
(0.000715227 0 0)
(0.000749948 0 0)
(0.000784663 0 0)
(0.000819377 0 0)
(0.000854093 0 0)
(0.000888816 0 0)
(0.00092355 0 0)
(0.0009583 0 0)
(0.000993069 0 0)
(0.00102786 0 0)
(0.00106268 0 0)
(0.00109753 0 0)
(0.00113242 0 0)
(0.00116735 0 0)
(0.00120232 0 0)
(0.00123733 0 0)
(0.0012724 0 0)
(0.00130752 0 0)
(0.0013427 0 0)
(0.00137795 0 0)
(0.00141326 0 0)
(0.00144864 0 0)
(0.0014841 0 0)
(0.00151963 0 0)
(0.00155525 0 0)
(0.00159096 0 0)
(0.00162677 0 0)
(0.00166267 0 0)
(0.00169867 0 0)
(0.00173479 0 0)
(0.00177101 0 0)
(0.00180736 0 0)
(0.00184384 0 0)
(0.00188045 0 0)
(0.0019172 0 0)
(0.0019541 0 0)
(0.00199115 0 0)
(0.00202837 0 0)
(0.00206576 0 0)
(0.00210334 0 0)
(0.00214111 0 0)
(0.00217909 0 0)
(0.00221729 0 0)
(0.00225572 0 0)
(0.00229441 0 0)
(0.00233336 0 0)
(0.0023726 0 0)
(0.00241214 0 0)
(0.00245203 0 0)
(0.00249227 0 0)
(0.00253291 0 0)
(0.00257398 0 0)
(0.00261552 0 0)
(0.00265758 0 0)
(0.00270021 0 0)
(0.00274349 0 0)
(0.00278749 0 0)
(0.0028323 0 0)
(0.00287804 0 0)
(0.00292484 0 0)
(0.00297287 0 0)
(0.00302233 0 0)
(0.00307349 0 0)
(0.00312667 0 0)
(0.0031823 0 0)
(0.00324095 0 0)
(0.00330338 0 0)
(0.00337063 0 0)
(0.00344418 0 0)
(0.0035262 0 0)
(0.00361998 0 0)
(0.00373082 0 0)
(0.00386773 0 0)
(0.00404746 0 0)
(0.00430487 0 0)
(0.00472614 0 0)
(0.00559083 0 0)
(0.00816727 0 0)
(0.0122005 0 0)
(0.0142668 0 0)
)
;

boundaryField
{
    inlet
    {
        type            fixedValue;
        value           uniform (0 0 0);
    }
    outlet
    {
        type            zeroGradient;
    }
    yzfaces
    {
        type            empty;
    }
}


// ************************************************************************* //
