/*--------------------------------*- C++ -*----------------------------------*\
  =========                 |
  \\      /  F ield         | OpenFOAM: The Open Source CFD Toolbox
   \\    /   O peration     | Website:  https://openfoam.org
    \\  /    A nd           | Version:  10
     \\/     M anipulation  |
\*---------------------------------------------------------------------------*/
FoamFile
{
    format      ascii;
    class       volVectorField;
    location    "1.33";
    object      Ua;
}
// * * * * * * * * * * * * * * * * * * * * * * * * * * * * * * * * * * * * * //

dimensions      [0 1 -1 0 0 0 0];

internalField   nonuniform List<vector> 
100
(
(0.00712426 0 0)
(0.0142328 0 0)
(0.0142012 0 0)
(0.0141691 0 0)
(0.0141368 0 0)
(0.0141045 0 0)
(0.0140722 0 0)
(0.01404 0 0)
(0.0140077 0 0)
(0.0139755 0 0)
(0.0139434 0 0)
(0.0139113 0 0)
(0.0138793 0 0)
(0.0138473 0 0)
(0.0138154 0 0)
(0.0137835 0 0)
(0.0137517 0 0)
(0.0137199 0 0)
(0.0136881 0 0)
(0.0136563 0 0)
(0.0136246 0 0)
(0.0135929 0 0)
(0.0135611 0 0)
(0.0135294 0 0)
(0.0134977 0 0)
(0.0134661 0 0)
(0.0134344 0 0)
(0.0134027 0 0)
(0.013371 0 0)
(0.0133393 0 0)
(0.0133075 0 0)
(0.0132758 0 0)
(0.013244 0 0)
(0.0132123 0 0)
(0.0131804 0 0)
(0.0131486 0 0)
(0.0131167 0 0)
(0.0130848 0 0)
(0.0130529 0 0)
(0.0130209 0 0)
(0.0129889 0 0)
(0.0129568 0 0)
(0.0129247 0 0)
(0.0128926 0 0)
(0.0128603 0 0)
(0.0128281 0 0)
(0.0127957 0 0)
(0.0127633 0 0)
(0.0127309 0 0)
(0.0126983 0 0)
(0.0126657 0 0)
(0.012633 0 0)
(0.0126002 0 0)
(0.0125674 0 0)
(0.0125344 0 0)
(0.0125014 0 0)
(0.0124682 0 0)
(0.012435 0 0)
(0.0124016 0 0)
(0.0123682 0 0)
(0.0123346 0 0)
(0.0123009 0 0)
(0.0122671 0 0)
(0.0122331 0 0)
(0.012199 0 0)
(0.0121647 0 0)
(0.0121303 0 0)
(0.0120957 0 0)
(0.0120609 0 0)
(0.012026 0 0)
(0.0119908 0 0)
(0.0119554 0 0)
(0.0119198 0 0)
(0.011884 0 0)
(0.0118479 0 0)
(0.0118115 0 0)
(0.0117749 0 0)
(0.0117379 0 0)
(0.0117005 0 0)
(0.0116628 0 0)
(0.0116247 0 0)
(0.0115861 0 0)
(0.011547 0 0)
(0.0115073 0 0)
(0.011467 0 0)
(0.011426 0 0)
(0.0113843 0 0)
(0.0113416 0 0)
(0.0112979 0 0)
(0.0112529 0 0)
(0.0112066 0 0)
(0.0111587 0 0)
(0.0111087 0 0)
(0.0110563 0 0)
(0.011001 0 0)
(0.0109421 0 0)
(0.0108784 0 0)
(0.0108086 0 0)
(0.0107305 0 0)
(0.0106411 0 0)
)
;

boundaryField
{
    inlet
    {
        type            fixedValue;
        value           uniform (0 0 0);
    }
    outlet
    {
        type            zeroGradient;
    }
    yzfaces
    {
        type            empty;
    }
}


// ************************************************************************* //
