/*--------------------------------*- C++ -*----------------------------------*\
  =========                 |
  \\      /  F ield         | OpenFOAM: The Open Source CFD Toolbox
   \\    /   O peration     | Website:  https://openfoam.org
    \\  /    A nd           | Version:  10
     \\/     M anipulation  |
\*---------------------------------------------------------------------------*/
FoamFile
{
    format      ascii;
    class       volVectorField;
    location    "1.33";
    object      Ub;
}
// * * * * * * * * * * * * * * * * * * * * * * * * * * * * * * * * * * * * * //

dimensions      [0 1 -1 0 0 0 0];

internalField   nonuniform List<vector> 
100
(
(1.47965e-05 0 0)
(4.52702e-05 0 0)
(7.69303e-05 0 0)
(0.000109018 0 0)
(0.000141274 0 0)
(0.000173583 0 0)
(0.00020589 0 0)
(0.000238166 0 0)
(0.000270397 0 0)
(0.000302577 0 0)
(0.000334703 0 0)
(0.000366775 0 0)
(0.000398796 0 0)
(0.000430769 0 0)
(0.000462697 0 0)
(0.000494584 0 0)
(0.000526434 0 0)
(0.00055825 0 0)
(0.000590038 0 0)
(0.0006218 0 0)
(0.000653541 0 0)
(0.000685265 0 0)
(0.000716975 0 0)
(0.000748674 0 0)
(0.000780368 0 0)
(0.000812058 0 0)
(0.000843748 0 0)
(0.000875443 0 0)
(0.000907144 0 0)
(0.000938855 0 0)
(0.000970579 0 0)
(0.00100232 0 0)
(0.00103408 0 0)
(0.00106586 0 0)
(0.00109767 0 0)
(0.0011295 0 0)
(0.00116137 0 0)
(0.00119327 0 0)
(0.00122521 0 0)
(0.00125718 0 0)
(0.0012892 0 0)
(0.00132127 0 0)
(0.00135338 0 0)
(0.00138555 0 0)
(0.00141777 0 0)
(0.00145005 0 0)
(0.00148238 0 0)
(0.00151479 0 0)
(0.00154726 0 0)
(0.0015798 0 0)
(0.00161241 0 0)
(0.00164511 0 0)
(0.00167788 0 0)
(0.00171074 0 0)
(0.00174369 0 0)
(0.00177674 0 0)
(0.00180988 0 0)
(0.00184312 0 0)
(0.00187648 0 0)
(0.00190994 0 0)
(0.00194352 0 0)
(0.00197723 0 0)
(0.00201106 0 0)
(0.00204504 0 0)
(0.00207915 0 0)
(0.00211342 0 0)
(0.00214784 0 0)
(0.00218244 0 0)
(0.00221721 0 0)
(0.00225217 0 0)
(0.00228732 0 0)
(0.00232269 0 0)
(0.00235829 0 0)
(0.00239412 0 0)
(0.00243022 0 0)
(0.00246659 0 0)
(0.00250326 0 0)
(0.00254025 0 0)
(0.00257759 0 0)
(0.00261531 0 0)
(0.00265345 0 0)
(0.00269205 0 0)
(0.00273115 0 0)
(0.00277081 0 0)
(0.00281109 0 0)
(0.00285208 0 0)
(0.00289386 0 0)
(0.00293654 0 0)
(0.00298026 0 0)
(0.00302517 0 0)
(0.00307149 0 0)
(0.00311947 0 0)
(0.00316942 0 0)
(0.00322177 0 0)
(0.00327707 0 0)
(0.00333606 0 0)
(0.00339974 0 0)
(0.00346957 0 0)
(0.00354761 0 0)
(0.00363704 0 0)
)
;

boundaryField
{
    inlet
    {
        type            fixedValue;
        value           uniform (0 0 0);
    }
    outlet
    {
        type            zeroGradient;
    }
    yzfaces
    {
        type            empty;
    }
}


// ************************************************************************* //
