/*--------------------------------*- C++ -*----------------------------------*\
  =========                 |
  \\      /  F ield         | OpenFOAM: The Open Source CFD Toolbox
   \\    /   O peration     | Website:  https://openfoam.org
    \\  /    A nd           | Version:  10
     \\/     M anipulation  |
\*---------------------------------------------------------------------------*/
FoamFile
{
    format      ascii;
    class       volVectorField;
    location    "1.425";
    object      Ua;
}
// * * * * * * * * * * * * * * * * * * * * * * * * * * * * * * * * * * * * * //

dimensions      [0 1 -1 0 0 0 0];

internalField   nonuniform List<vector> 
100
(
(0.00712505 0 0)
(0.0142355 0 0)
(0.014206 0 0)
(0.0141761 0 0)
(0.014146 0 0)
(0.0141159 0 0)
(0.0140857 0 0)
(0.0140556 0 0)
(0.0140255 0 0)
(0.0139954 0 0)
(0.0139654 0 0)
(0.0139354 0 0)
(0.0139055 0 0)
(0.0138756 0 0)
(0.0138458 0 0)
(0.013816 0 0)
(0.0137862 0 0)
(0.0137565 0 0)
(0.0137268 0 0)
(0.0136971 0 0)
(0.0136675 0 0)
(0.0136379 0 0)
(0.0136083 0 0)
(0.0135787 0 0)
(0.0135491 0 0)
(0.0135195 0 0)
(0.0134899 0 0)
(0.0134604 0 0)
(0.0134308 0 0)
(0.0134013 0 0)
(0.0133717 0 0)
(0.0133421 0 0)
(0.0133125 0 0)
(0.0132829 0 0)
(0.0132533 0 0)
(0.0132237 0 0)
(0.013194 0 0)
(0.0131643 0 0)
(0.0131346 0 0)
(0.0131049 0 0)
(0.0130751 0 0)
(0.0130453 0 0)
(0.0130155 0 0)
(0.0129857 0 0)
(0.0129558 0 0)
(0.0129258 0 0)
(0.0128958 0 0)
(0.0128658 0 0)
(0.0128357 0 0)
(0.0128056 0 0)
(0.0127754 0 0)
(0.0127452 0 0)
(0.0127149 0 0)
(0.0126845 0 0)
(0.0126541 0 0)
(0.0126236 0 0)
(0.012593 0 0)
(0.0125624 0 0)
(0.0125317 0 0)
(0.0125009 0 0)
(0.01247 0 0)
(0.012439 0 0)
(0.012408 0 0)
(0.0123768 0 0)
(0.0123456 0 0)
(0.0123142 0 0)
(0.0122828 0 0)
(0.0122512 0 0)
(0.0122195 0 0)
(0.0121877 0 0)
(0.0121557 0 0)
(0.0121237 0 0)
(0.0120914 0 0)
(0.0120591 0 0)
(0.0120265 0 0)
(0.0119938 0 0)
(0.0119609 0 0)
(0.0119279 0 0)
(0.0118946 0 0)
(0.0118611 0 0)
(0.0118274 0 0)
(0.0117935 0 0)
(0.0117593 0 0)
(0.0117248 0 0)
(0.01169 0 0)
(0.0116548 0 0)
(0.0116194 0 0)
(0.0115835 0 0)
(0.0115472 0 0)
(0.0115104 0 0)
(0.0114731 0 0)
(0.0114352 0 0)
(0.0113967 0 0)
(0.0113574 0 0)
(0.0113173 0 0)
(0.0112763 0 0)
(0.0112341 0 0)
(0.0111907 0 0)
(0.0111457 0 0)
(0.0110989 0 0)
)
;

boundaryField
{
    inlet
    {
        type            fixedValue;
        value           uniform (0 0 0);
    }
    outlet
    {
        type            zeroGradient;
    }
    yzfaces
    {
        type            empty;
    }
}


// ************************************************************************* //
