/*--------------------------------*- C++ -*----------------------------------*\
  =========                 |
  \\      /  F ield         | OpenFOAM: The Open Source CFD Toolbox
   \\    /   O peration     | Website:  https://openfoam.org
    \\  /    A nd           | Version:  10
     \\/     M anipulation  |
\*---------------------------------------------------------------------------*/
FoamFile
{
    format      ascii;
    class       volVectorField;
    location    "1.425";
    object      Ub;
}
// * * * * * * * * * * * * * * * * * * * * * * * * * * * * * * * * * * * * * //

dimensions      [0 1 -1 0 0 0 0];

internalField   nonuniform List<vector> 
100
(
(1.37325e-05 0 0)
(4.20523e-05 0 0)
(7.15324e-05 0 0)
(0.000101446 0 0)
(0.000131538 0 0)
(0.000161696 0 0)
(0.000191864 0 0)
(0.000222011 0 0)
(0.000252122 0 0)
(0.000282189 0 0)
(0.000312208 0 0)
(0.000342179 0 0)
(0.000372102 0 0)
(0.00040198 0 0)
(0.000431814 0 0)
(0.000461609 0 0)
(0.000491367 0 0)
(0.000521091 0 0)
(0.000550785 0 0)
(0.000580451 0 0)
(0.000610094 0 0)
(0.000639717 0 0)
(0.000669322 0 0)
(0.000698912 0 0)
(0.000728492 0 0)
(0.000758063 0 0)
(0.000787628 0 0)
(0.000817191 0 0)
(0.000846753 0 0)
(0.000876319 0 0)
(0.00090589 0 0)
(0.000935468 0 0)
(0.000965057 0 0)
(0.000994659 0 0)
(0.00102428 0 0)
(0.00105391 0 0)
(0.00108357 0 0)
(0.00111324 0 0)
(0.00114295 0 0)
(0.00117268 0 0)
(0.00120244 0 0)
(0.00123223 0 0)
(0.00126205 0 0)
(0.00129192 0 0)
(0.00132182 0 0)
(0.00135176 0 0)
(0.00138175 0 0)
(0.00141178 0 0)
(0.00144186 0 0)
(0.00147199 0 0)
(0.00150218 0 0)
(0.00153242 0 0)
(0.00156272 0 0)
(0.00159308 0 0)
(0.00162351 0 0)
(0.001654 0 0)
(0.00168457 0 0)
(0.00171521 0 0)
(0.00174592 0 0)
(0.00177671 0 0)
(0.00180759 0 0)
(0.00183855 0 0)
(0.00186961 0 0)
(0.00190076 0 0)
(0.00193201 0 0)
(0.00196336 0 0)
(0.00199482 0 0)
(0.00202639 0 0)
(0.00205808 0 0)
(0.00208989 0 0)
(0.00212184 0 0)
(0.00215392 0 0)
(0.00218614 0 0)
(0.00221852 0 0)
(0.00225105 0 0)
(0.00228375 0 0)
(0.00231663 0 0)
(0.0023497 0 0)
(0.00238296 0 0)
(0.00241644 0 0)
(0.00245015 0 0)
(0.0024841 0 0)
(0.00251831 0 0)
(0.00255281 0 0)
(0.0025876 0 0)
(0.00262273 0 0)
(0.00265821 0 0)
(0.00269408 0 0)
(0.00273038 0 0)
(0.00276716 0 0)
(0.00280445 0 0)
(0.00284233 0 0)
(0.00288087 0 0)
(0.00292013 0 0)
(0.00296024 0 0)
(0.0030013 0 0)
(0.00304347 0 0)
(0.00308692 0 0)
(0.00313188 0 0)
(0.00317864 0 0)
)
;

boundaryField
{
    inlet
    {
        type            fixedValue;
        value           uniform (0 0 0);
    }
    outlet
    {
        type            zeroGradient;
    }
    yzfaces
    {
        type            empty;
    }
}


// ************************************************************************* //
