/*--------------------------------*- C++ -*----------------------------------*\
  =========                 |
  \\      /  F ield         | OpenFOAM: The Open Source CFD Toolbox
   \\    /   O peration     | Website:  https://openfoam.org
    \\  /    A nd           | Version:  10
     \\/     M anipulation  |
\*---------------------------------------------------------------------------*/
FoamFile
{
    format      ascii;
    class       volVectorField;
    location    "0.22";
    object      Ua;
}
// * * * * * * * * * * * * * * * * * * * * * * * * * * * * * * * * * * * * * //

dimensions      [0 1 -1 0 0 0 0];

internalField   nonuniform List<vector> 
100
(
(0.00704558 0 0)
(0.0139937 0 0)
(0.0137986 0 0)
(0.0136029 0 0)
(0.0134059 0 0)
(0.013207 0 0)
(0.0130051 0 0)
(0.0127992 0 0)
(0.012588 0 0)
(0.0123698 0 0)
(0.0121421 0 0)
(0.0119015 0 0)
(0.0116424 0 0)
(0.0113553 0 0)
(0.0110227 0 0)
(0.0106077 0 0)
(0.0100174 0 0)
(0.00894161 0 0)
(0.00596613 0 0)
(0.00186083 0 0)
(5.49862e-06 0 0)
(8.23994e-16 0 0)
(0 0 0)
(0 0 0)
(0 0 0)
(0 0 0)
(0 0 0)
(0 0 0)
(0 0 0)
(0 0 0)
(0 0 0)
(0 0 0)
(0 0 0)
(0 0 0)
(0 0 0)
(0 0 0)
(0 0 0)
(0 0 0)
(0 0 0)
(0 0 0)
(0 0 0)
(0 0 0)
(0 0 0)
(0 0 0)
(0 0 0)
(0 0 0)
(0 0 0)
(0 0 0)
(0 0 0)
(0 0 0)
(0 0 0)
(0 0 0)
(0 0 0)
(0 0 0)
(0 0 0)
(0 0 0)
(0 0 0)
(0 0 0)
(0 0 0)
(0 0 0)
(0 0 0)
(0 0 0)
(0 0 0)
(0 0 0)
(0 0 0)
(0 0 0)
(0 0 0)
(0 0 0)
(0 0 0)
(0 0 0)
(0 0 0)
(0 0 0)
(0 0 0)
(0 0 0)
(0 0 0)
(0 0 0)
(0 0 0)
(0 0 0)
(0 0 0)
(0 0 0)
(0 0 0)
(0 0 0)
(0 0 0)
(0 0 0)
(0 0 0)
(0 0 0)
(0 0 0)
(0 0 0)
(0 0 0)
(0 0 0)
(0 0 0)
(0 0 0)
(0 0 0)
(0 0 0)
(0 0 0)
(0 0 0)
(0 0 0)
(0 0 0)
(0 0 0)
(0 0 0)
)
;

boundaryField
{
    inlet
    {
        type            fixedValue;
        value           uniform (0 0 0);
    }
    outlet
    {
        type            zeroGradient;
    }
    yzfaces
    {
        type            empty;
    }
}


// ************************************************************************* //
