/*--------------------------------*- C++ -*----------------------------------*\
  =========                 |
  \\      /  F ield         | OpenFOAM: The Open Source CFD Toolbox
   \\    /   O peration     | Website:  https://openfoam.org
    \\  /    A nd           | Version:  10
     \\/     M anipulation  |
\*---------------------------------------------------------------------------*/
FoamFile
{
    format      ascii;
    class       volVectorField;
    location    "0.22";
    object      Ub;
}
// * * * * * * * * * * * * * * * * * * * * * * * * * * * * * * * * * * * * * //

dimensions      [0 1 -1 0 0 0 0];

internalField   nonuniform List<vector> 
100
(
(9.66539e-05 0 0)
(0.000290776 0 0)
(0.00048589 0 0)
(0.000681599 0 0)
(0.000878526 0 0)
(0.00107747 0 0)
(0.00127936 0 0)
(0.00148524 0 0)
(0.00169644 0 0)
(0.00191467 0 0)
(0.00214234 0 0)
(0.00238296 0 0)
(0.0026421 0 0)
(0.0029292 0 0)
(0.00326178 0 0)
(0.00367677 0 0)
(0.00426703 0 0)
(0.00534285 0 0)
(0.00831833 0 0)
(0.0124236 0 0)
(0.014279 0 0)
(0.0142845 0 0)
(0.0142845 0 0)
(0.0142845 0 0)
(0.0142845 0 0)
(0.0142845 0 0)
(0.0142845 0 0)
(0.0142845 0 0)
(0.0142845 0 0)
(0.0142845 0 0)
(0.0142845 0 0)
(0.0142845 0 0)
(0.0142845 0 0)
(0.0142845 0 0)
(0.0142845 0 0)
(0.0142845 0 0)
(0.0142845 0 0)
(0.0142845 0 0)
(0.0142845 0 0)
(0.0142845 0 0)
(0.0142845 0 0)
(0.0142845 0 0)
(0.0142845 0 0)
(0.0142845 0 0)
(0.0142845 0 0)
(0.0142845 0 0)
(0.0142845 0 0)
(0.0142845 0 0)
(0.0142845 0 0)
(0.0142845 0 0)
(0.0142845 0 0)
(0.0142845 0 0)
(0.0142845 0 0)
(0.0142845 0 0)
(0.0142845 0 0)
(0.0142845 0 0)
(0.0142845 0 0)
(0.0142845 0 0)
(0.0142845 0 0)
(0.0142845 0 0)
(0.0142845 0 0)
(0.0142845 0 0)
(0.0142845 0 0)
(0.0142845 0 0)
(0.0142845 0 0)
(0.0142845 0 0)
(0.0142845 0 0)
(0.0142845 0 0)
(0.0142845 0 0)
(0.0142845 0 0)
(0.0142845 0 0)
(0.0142845 0 0)
(0.0142845 0 0)
(0.0142845 0 0)
(0.0142845 0 0)
(0.0142845 0 0)
(0.0142845 0 0)
(0.0142845 0 0)
(0.0142845 0 0)
(0.0142845 0 0)
(0.0142845 0 0)
(0.0142845 0 0)
(0.0142845 0 0)
(0.0142845 0 0)
(0.0142845 0 0)
(0.0142845 0 0)
(0.0142845 0 0)
(0.0142845 0 0)
(0.0142845 0 0)
(0.0142845 0 0)
(0.0142845 0 0)
(0.0142845 0 0)
(0.0142845 0 0)
(0.0142845 0 0)
(0.0142845 0 0)
(0.0142845 0 0)
(0.0142845 0 0)
(0.0142845 0 0)
(0.0142845 0 0)
(0.0142845 0 0)
)
;

boundaryField
{
    inlet
    {
        type            fixedValue;
        value           uniform (0 0 0);
    }
    outlet
    {
        type            zeroGradient;
    }
    yzfaces
    {
        type            empty;
    }
}


// ************************************************************************* //
