/*--------------------------------*- C++ -*----------------------------------*\
  =========                 |
  \\      /  F ield         | OpenFOAM: The Open Source CFD Toolbox
   \\    /   O peration     | Website:  https://openfoam.org
    \\  /    A nd           | Version:  10
     \\/     M anipulation  |
\*---------------------------------------------------------------------------*/
FoamFile
{
    format      ascii;
    class       volVectorField;
    location    "0.535";
    object      Ua;
}
// * * * * * * * * * * * * * * * * * * * * * * * * * * * * * * * * * * * * * //

dimensions      [0 1 -1 0 0 0 0];

internalField   nonuniform List<vector> 
100
(
(0.00710253 0 0)
(0.0141652 0 0)
(0.0140853 0 0)
(0.0140053 0 0)
(0.0139254 0 0)
(0.0138457 0 0)
(0.0137661 0 0)
(0.0136866 0 0)
(0.0136071 0 0)
(0.0135276 0 0)
(0.0134481 0 0)
(0.0133684 0 0)
(0.0132886 0 0)
(0.0132085 0 0)
(0.0131282 0 0)
(0.0130475 0 0)
(0.0129664 0 0)
(0.0128849 0 0)
(0.0128029 0 0)
(0.0127203 0 0)
(0.012637 0 0)
(0.012553 0 0)
(0.0124682 0 0)
(0.0123824 0 0)
(0.0122956 0 0)
(0.0122075 0 0)
(0.0121181 0 0)
(0.0120271 0 0)
(0.0119342 0 0)
(0.0118391 0 0)
(0.0117413 0 0)
(0.0116404 0 0)
(0.0115356 0 0)
(0.0114259 0 0)
(0.0113098 0 0)
(0.0111854 0 0)
(0.0110494 0 0)
(0.0108969 0 0)
(0.0107195 0 0)
(0.0105016 0 0)
(0.0102115 0 0)
(0.00977221 0 0)
(0.0089433 0 0)
(0.00664728 0 0)
(0.00248906 0 0)
(3.43522e-05 0 0)
(6.23546e-13 0 0)
(0 0 0)
(0 0 0)
(0 0 0)
(0 0 0)
(0 0 0)
(0 0 0)
(0 0 0)
(0 0 0)
(0 0 0)
(0 0 0)
(0 0 0)
(0 0 0)
(0 0 0)
(0 0 0)
(0 0 0)
(0 0 0)
(0 0 0)
(0 0 0)
(0 0 0)
(0 0 0)
(0 0 0)
(0 0 0)
(0 0 0)
(0 0 0)
(0 0 0)
(0 0 0)
(0 0 0)
(0 0 0)
(0 0 0)
(0 0 0)
(0 0 0)
(0 0 0)
(0 0 0)
(0 0 0)
(0 0 0)
(0 0 0)
(0 0 0)
(0 0 0)
(0 0 0)
(0 0 0)
(0 0 0)
(0 0 0)
(0 0 0)
(0 0 0)
(0 0 0)
(0 0 0)
(0 0 0)
(0 0 0)
(0 0 0)
(0 0 0)
(0 0 0)
(0 0 0)
(0 0 0)
)
;

boundaryField
{
    inlet
    {
        type            fixedValue;
        value           uniform (0 0 0);
    }
    outlet
    {
        type            zeroGradient;
    }
    yzfaces
    {
        type            empty;
    }
}


// ************************************************************************* //
