/*--------------------------------*- C++ -*----------------------------------*\
  =========                 |
  \\      /  F ield         | OpenFOAM: The Open Source CFD Toolbox
   \\    /   O peration     | Website:  https://openfoam.org
    \\  /    A nd           | Version:  10
     \\/     M anipulation  |
\*---------------------------------------------------------------------------*/
FoamFile
{
    format      ascii;
    class       volVectorField;
    location    "0.535";
    object      Ub;
}
// * * * * * * * * * * * * * * * * * * * * * * * * * * * * * * * * * * * * * //

dimensions      [0 1 -1 0 0 0 0];

internalField   nonuniform List<vector> 
100
(
(3.88043e-05 0 0)
(0.000117469 0 0)
(0.000197352 0 0)
(0.00027736 0 0)
(0.000357251 0 0)
(0.000436985 0 0)
(0.000516584 0 0)
(0.000596091 0 0)
(0.000675557 0 0)
(0.000755037 0 0)
(0.000834585 0 0)
(0.000914252 0 0)
(0.000994092 0 0)
(0.00107416 0 0)
(0.0011545 0 0)
(0.00123518 0 0)
(0.00131624 0 0)
(0.00139775 0 0)
(0.00147978 0 0)
(0.00156238 0 0)
(0.00164564 0 0)
(0.00172964 0 0)
(0.00181447 0 0)
(0.00190024 0 0)
(0.00198708 0 0)
(0.00207512 0 0)
(0.00216456 0 0)
(0.0022556 0 0)
(0.00234851 0 0)
(0.00244361 0 0)
(0.00254134 0 0)
(0.00264223 0 0)
(0.00274704 0 0)
(0.00285677 0 0)
(0.00297283 0 0)
(0.00309729 0 0)
(0.00323328 0 0)
(0.00338577 0 0)
(0.0035632 0 0)
(0.00378106 0 0)
(0.00407118 0 0)
(0.00451045 0 0)
(0.00533936 0 0)
(0.00763538 0 0)
(0.0117936 0 0)
(0.0142483 0 0)
(0.0142827 0 0)
(0.0142827 0 0)
(0.0142827 0 0)
(0.0142827 0 0)
(0.0142827 0 0)
(0.0142827 0 0)
(0.0142827 0 0)
(0.0142827 0 0)
(0.0142827 0 0)
(0.0142827 0 0)
(0.0142827 0 0)
(0.0142827 0 0)
(0.0142827 0 0)
(0.0142827 0 0)
(0.0142827 0 0)
(0.0142827 0 0)
(0.0142827 0 0)
(0.0142827 0 0)
(0.0142827 0 0)
(0.0142827 0 0)
(0.0142827 0 0)
(0.0142827 0 0)
(0.0142827 0 0)
(0.0142827 0 0)
(0.0142827 0 0)
(0.0142827 0 0)
(0.0142827 0 0)
(0.0142827 0 0)
(0.0142827 0 0)
(0.0142827 0 0)
(0.0142827 0 0)
(0.0142827 0 0)
(0.0142827 0 0)
(0.0142827 0 0)
(0.0142827 0 0)
(0.0142827 0 0)
(0.0142827 0 0)
(0.0142827 0 0)
(0.0142827 0 0)
(0.0142827 0 0)
(0.0142827 0 0)
(0.0142827 0 0)
(0.0142827 0 0)
(0.0142827 0 0)
(0.0142827 0 0)
(0.0142827 0 0)
(0.0142827 0 0)
(0.0142827 0 0)
(0.0142827 0 0)
(0.0142827 0 0)
(0.0142827 0 0)
(0.0142827 0 0)
(0.0142827 0 0)
(0.0142827 0 0)
)
;

boundaryField
{
    inlet
    {
        type            fixedValue;
        value           uniform (0 0 0);
    }
    outlet
    {
        type            zeroGradient;
    }
    yzfaces
    {
        type            empty;
    }
}


// ************************************************************************* //
