/*--------------------------------*- C++ -*----------------------------------*\
  =========                 |
  \\      /  F ield         | OpenFOAM: The Open Source CFD Toolbox
   \\    /   O peration     | Website:  https://openfoam.org
    \\  /    A nd           | Version:  10
     \\/     M anipulation  |
\*---------------------------------------------------------------------------*/
FoamFile
{
    format      ascii;
    class       volVectorField;
    location    "1.405";
    object      Ua;
}
// * * * * * * * * * * * * * * * * * * * * * * * * * * * * * * * * * * * * * //

dimensions      [0 1 -1 0 0 0 0];

internalField   nonuniform List<vector> 
100
(
(0.0071249 0 0)
(0.014235 0 0)
(0.0142051 0 0)
(0.0141747 0 0)
(0.0141442 0 0)
(0.0141136 0 0)
(0.014083 0 0)
(0.0140525 0 0)
(0.0140219 0 0)
(0.0139914 0 0)
(0.013961 0 0)
(0.0139306 0 0)
(0.0139003 0 0)
(0.01387 0 0)
(0.0138397 0 0)
(0.0138095 0 0)
(0.0137793 0 0)
(0.0137492 0 0)
(0.0137191 0 0)
(0.013689 0 0)
(0.0136589 0 0)
(0.0136289 0 0)
(0.0135989 0 0)
(0.0135689 0 0)
(0.0135389 0 0)
(0.0135089 0 0)
(0.0134789 0 0)
(0.0134489 0 0)
(0.0134189 0 0)
(0.0133889 0 0)
(0.0133589 0 0)
(0.0133289 0 0)
(0.0132989 0 0)
(0.0132689 0 0)
(0.0132388 0 0)
(0.0132087 0 0)
(0.0131786 0 0)
(0.0131485 0 0)
(0.0131184 0 0)
(0.0130882 0 0)
(0.013058 0 0)
(0.0130278 0 0)
(0.0129975 0 0)
(0.0129672 0 0)
(0.0129368 0 0)
(0.0129064 0 0)
(0.0128759 0 0)
(0.0128454 0 0)
(0.0128149 0 0)
(0.0127843 0 0)
(0.0127536 0 0)
(0.0127229 0 0)
(0.0126921 0 0)
(0.0126613 0 0)
(0.0126303 0 0)
(0.0125994 0 0)
(0.0125683 0 0)
(0.0125371 0 0)
(0.0125059 0 0)
(0.0124746 0 0)
(0.0124432 0 0)
(0.0124117 0 0)
(0.0123801 0 0)
(0.0123484 0 0)
(0.0123166 0 0)
(0.0122847 0 0)
(0.0122527 0 0)
(0.0122205 0 0)
(0.0121882 0 0)
(0.0121558 0 0)
(0.0121233 0 0)
(0.0120906 0 0)
(0.0120577 0 0)
(0.0120247 0 0)
(0.0119915 0 0)
(0.0119581 0 0)
(0.0119245 0 0)
(0.0118907 0 0)
(0.0118567 0 0)
(0.0118225 0 0)
(0.011788 0 0)
(0.0117532 0 0)
(0.0117181 0 0)
(0.0116827 0 0)
(0.011647 0 0)
(0.0116109 0 0)
(0.0115743 0 0)
(0.0115374 0 0)
(0.0114999 0 0)
(0.0114618 0 0)
(0.0114232 0 0)
(0.0113838 0 0)
(0.0113436 0 0)
(0.0113026 0 0)
(0.0112605 0 0)
(0.0112172 0 0)
(0.0111724 0 0)
(0.011126 0 0)
(0.0110777 0 0)
(0.0110268 0 0)
)
;

boundaryField
{
    inlet
    {
        type            fixedValue;
        value           uniform (0 0 0);
    }
    outlet
    {
        type            zeroGradient;
    }
    yzfaces
    {
        type            empty;
    }
}


// ************************************************************************* //
