/*--------------------------------*- C++ -*----------------------------------*\
  =========                 |
  \\      /  F ield         | OpenFOAM: The Open Source CFD Toolbox
   \\    /   O peration     | Website:  https://openfoam.org
    \\  /    A nd           | Version:  10
     \\/     M anipulation  |
\*---------------------------------------------------------------------------*/
FoamFile
{
    format      ascii;
    class       volVectorField;
    location    "1.405";
    object      Ub;
}
// * * * * * * * * * * * * * * * * * * * * * * * * * * * * * * * * * * * * * //

dimensions      [0 1 -1 0 0 0 0];

internalField   nonuniform List<vector> 
100
(
(1.39444e-05 0 0)
(4.26932e-05 0 0)
(7.26079e-05 0 0)
(0.000102955 0 0)
(0.000133479 0 0)
(0.000164066 0 0)
(0.00019466 0 0)
(0.000225232 0 0)
(0.000255766 0 0)
(0.000286254 0 0)
(0.000316693 0 0)
(0.000347083 0 0)
(0.000377424 0 0)
(0.00040772 0 0)
(0.000437971 0 0)
(0.000468183 0 0)
(0.000498357 0 0)
(0.000528498 0 0)
(0.000558609 0 0)
(0.000588693 0 0)
(0.000618753 0 0)
(0.000648794 0 0)
(0.000678818 0 0)
(0.000708828 0 0)
(0.000738828 0 0)
(0.00076882 0 0)
(0.000798808 0 0)
(0.000828794 0 0)
(0.000858782 0 0)
(0.000888773 0 0)
(0.000918771 0 0)
(0.000948779 0 0)
(0.000978799 0 0)
(0.00100883 0 0)
(0.00103888 0 0)
(0.00106896 0 0)
(0.00109905 0 0)
(0.00112917 0 0)
(0.00115931 0 0)
(0.00118949 0 0)
(0.00121969 0 0)
(0.00124993 0 0)
(0.00128021 0 0)
(0.00131053 0 0)
(0.00134089 0 0)
(0.00137129 0 0)
(0.00140174 0 0)
(0.00143224 0 0)
(0.00146279 0 0)
(0.0014934 0 0)
(0.00152406 0 0)
(0.00155478 0 0)
(0.00158557 0 0)
(0.00161642 0 0)
(0.00164734 0 0)
(0.00167834 0 0)
(0.00170941 0 0)
(0.00174055 0 0)
(0.00177178 0 0)
(0.00180309 0 0)
(0.0018345 0 0)
(0.00186599 0 0)
(0.00189759 0 0)
(0.00192928 0 0)
(0.00196109 0 0)
(0.001993 0 0)
(0.00202503 0 0)
(0.00205718 0 0)
(0.00208946 0 0)
(0.00212187 0 0)
(0.00215443 0 0)
(0.00218713 0 0)
(0.00221999 0 0)
(0.00225302 0 0)
(0.00228622 0 0)
(0.0023196 0 0)
(0.00235318 0 0)
(0.00238697 0 0)
(0.00242098 0 0)
(0.00245523 0 0)
(0.00248973 0 0)
(0.00252451 0 0)
(0.00255958 0 0)
(0.00259497 0 0)
(0.0026307 0 0)
(0.00266682 0 0)
(0.00270334 0 0)
(0.00274033 0 0)
(0.00277781 0 0)
(0.00281585 0 0)
(0.00285452 0 0)
(0.00289388 0 0)
(0.00293404 0 0)
(0.00297511 0 0)
(0.00301721 0 0)
(0.00306053 0 0)
(0.00310525 0 0)
(0.00315164 0 0)
(0.00320004 0 0)
(0.00325086 0 0)
)
;

boundaryField
{
    inlet
    {
        type            fixedValue;
        value           uniform (0 0 0);
    }
    outlet
    {
        type            zeroGradient;
    }
    yzfaces
    {
        type            empty;
    }
}


// ************************************************************************* //
