/*--------------------------------*- C++ -*----------------------------------*\
  =========                 |
  \\      /  F ield         | OpenFOAM: The Open Source CFD Toolbox
   \\    /   O peration     | Website:  https://openfoam.org
    \\  /    A nd           | Version:  10
     \\/     M anipulation  |
\*---------------------------------------------------------------------------*/
FoamFile
{
    format      ascii;
    class       volVectorField;
    location    "0.495";
    object      Ua;
}
// * * * * * * * * * * * * * * * * * * * * * * * * * * * * * * * * * * * * * //

dimensions      [0 1 -1 0 0 0 0];

internalField   nonuniform List<vector> 
100
(
(0.00709938 0 0)
(0.0141556 0 0)
(0.0140693 0 0)
(0.0139828 0 0)
(0.0138965 0 0)
(0.0138104 0 0)
(0.0137243 0 0)
(0.0136384 0 0)
(0.0135524 0 0)
(0.0134664 0 0)
(0.0133802 0 0)
(0.0132938 0 0)
(0.0132071 0 0)
(0.0131201 0 0)
(0.0130327 0 0)
(0.0129447 0 0)
(0.0128563 0 0)
(0.0127671 0 0)
(0.0126773 0 0)
(0.0125865 0 0)
(0.0124949 0 0)
(0.0124021 0 0)
(0.0123081 0 0)
(0.0122126 0 0)
(0.0121155 0 0)
(0.0120164 0 0)
(0.011915 0 0)
(0.0118109 0 0)
(0.0117035 0 0)
(0.0115919 0 0)
(0.0114752 0 0)
(0.0113518 0 0)
(0.0112194 0 0)
(0.0110748 0 0)
(0.0109124 0 0)
(0.0107228 0 0)
(0.0104887 0 0)
(0.010173 0 0)
(0.00968324 0 0)
(0.0087111 0 0)
(0.00585859 0 0)
(0.00184223 0 0)
(5.73468e-06 0 0)
(1.0339e-15 0 0)
(0 0 0)
(0 0 0)
(0 0 0)
(0 0 0)
(0 0 0)
(0 0 0)
(0 0 0)
(0 0 0)
(0 0 0)
(0 0 0)
(0 0 0)
(0 0 0)
(0 0 0)
(0 0 0)
(0 0 0)
(0 0 0)
(0 0 0)
(0 0 0)
(0 0 0)
(0 0 0)
(0 0 0)
(0 0 0)
(0 0 0)
(0 0 0)
(0 0 0)
(0 0 0)
(0 0 0)
(0 0 0)
(0 0 0)
(0 0 0)
(0 0 0)
(0 0 0)
(0 0 0)
(0 0 0)
(0 0 0)
(0 0 0)
(0 0 0)
(0 0 0)
(0 0 0)
(0 0 0)
(0 0 0)
(0 0 0)
(0 0 0)
(0 0 0)
(0 0 0)
(0 0 0)
(0 0 0)
(0 0 0)
(0 0 0)
(0 0 0)
(0 0 0)
(0 0 0)
(0 0 0)
(0 0 0)
(0 0 0)
(0 0 0)
)
;

boundaryField
{
    inlet
    {
        type            fixedValue;
        value           uniform (0 0 0);
    }
    outlet
    {
        type            zeroGradient;
    }
    yzfaces
    {
        type            empty;
    }
}


// ************************************************************************* //
