/*--------------------------------*- C++ -*----------------------------------*\
  =========                 |
  \\      /  F ield         | OpenFOAM: The Open Source CFD Toolbox
   \\    /   O peration     | Website:  https://openfoam.org
    \\  /    A nd           | Version:  10
     \\/     M anipulation  |
\*---------------------------------------------------------------------------*/
FoamFile
{
    format      ascii;
    class       volVectorField;
    location    "0.495";
    object      Ub;
}
// * * * * * * * * * * * * * * * * * * * * * * * * * * * * * * * * * * * * * //

dimensions      [0 1 -1 0 0 0 0];

internalField   nonuniform List<vector> 
100
(
(4.20652e-05 0 0)
(0.000127244 0 0)
(0.000213607 0 0)
(0.000300054 0 0)
(0.000386362 0 0)
(0.000472511 0 0)
(0.00055854 0 0)
(0.000644509 0 0)
(0.000730484 0 0)
(0.000816533 0 0)
(0.000902722 0 0)
(0.000989119 0 0)
(0.00107579 0 0)
(0.00116281 0 0)
(0.00125024 0 0)
(0.00133815 0 0)
(0.00142663 0 0)
(0.00151576 0 0)
(0.00160563 0 0)
(0.00169635 0 0)
(0.00178802 0 0)
(0.00188079 0 0)
(0.00197481 0 0)
(0.00207028 0 0)
(0.00216741 0 0)
(0.00226648 0 0)
(0.00236785 0 0)
(0.00247197 0 0)
(0.00257941 0 0)
(0.00269096 0 0)
(0.00280769 0 0)
(0.00293111 0 0)
(0.00306346 0 0)
(0.00320811 0 0)
(0.00337052 0 0)
(0.00356006 0 0)
(0.00379422 0 0)
(0.00410989 0 0)
(0.00459965 0 0)
(0.00557179 0 0)
(0.0084243 0 0)
(0.0124407 0 0)
(0.0142772 0 0)
(0.0142829 0 0)
(0.0142829 0 0)
(0.0142829 0 0)
(0.0142829 0 0)
(0.0142829 0 0)
(0.0142829 0 0)
(0.0142829 0 0)
(0.0142829 0 0)
(0.0142829 0 0)
(0.0142829 0 0)
(0.0142829 0 0)
(0.0142829 0 0)
(0.0142829 0 0)
(0.0142829 0 0)
(0.0142829 0 0)
(0.0142829 0 0)
(0.0142829 0 0)
(0.0142829 0 0)
(0.0142829 0 0)
(0.0142829 0 0)
(0.0142829 0 0)
(0.0142829 0 0)
(0.0142829 0 0)
(0.0142829 0 0)
(0.0142829 0 0)
(0.0142829 0 0)
(0.0142829 0 0)
(0.0142829 0 0)
(0.0142829 0 0)
(0.0142829 0 0)
(0.0142829 0 0)
(0.0142829 0 0)
(0.0142829 0 0)
(0.0142829 0 0)
(0.0142829 0 0)
(0.0142829 0 0)
(0.0142829 0 0)
(0.0142829 0 0)
(0.0142829 0 0)
(0.0142829 0 0)
(0.0142829 0 0)
(0.0142829 0 0)
(0.0142829 0 0)
(0.0142829 0 0)
(0.0142829 0 0)
(0.0142829 0 0)
(0.0142829 0 0)
(0.0142829 0 0)
(0.0142829 0 0)
(0.0142829 0 0)
(0.0142829 0 0)
(0.0142829 0 0)
(0.0142829 0 0)
(0.0142829 0 0)
(0.0142829 0 0)
(0.0142829 0 0)
(0.0142829 0 0)
)
;

boundaryField
{
    inlet
    {
        type            fixedValue;
        value           uniform (0 0 0);
    }
    outlet
    {
        type            zeroGradient;
    }
    yzfaces
    {
        type            empty;
    }
}


// ************************************************************************* //
