/*--------------------------------*- C++ -*----------------------------------*\
  =========                 |
  \\      /  F ield         | OpenFOAM: The Open Source CFD Toolbox
   \\    /   O peration     | Website:  https://openfoam.org
    \\  /    A nd           | Version:  10
     \\/     M anipulation  |
\*---------------------------------------------------------------------------*/
FoamFile
{
    format      ascii;
    class       volVectorField;
    location    "0.615";
    object      Ua;
}
// * * * * * * * * * * * * * * * * * * * * * * * * * * * * * * * * * * * * * //

dimensions      [0 1 -1 0 0 0 0];

internalField   nonuniform List<vector> 
100
(
(0.00710754 0 0)
(0.0141805 0 0)
(0.014111 0 0)
(0.0140414 0 0)
(0.0139718 0 0)
(0.0139024 0 0)
(0.0138331 0 0)
(0.0137639 0 0)
(0.0136948 0 0)
(0.0136258 0 0)
(0.0135568 0 0)
(0.0134877 0 0)
(0.0134186 0 0)
(0.0133495 0 0)
(0.0132802 0 0)
(0.0132107 0 0)
(0.013141 0 0)
(0.0130711 0 0)
(0.013001 0 0)
(0.0129306 0 0)
(0.0128598 0 0)
(0.0127886 0 0)
(0.0127171 0 0)
(0.012645 0 0)
(0.0125725 0 0)
(0.0124993 0 0)
(0.0124256 0 0)
(0.0123511 0 0)
(0.0122758 0 0)
(0.0121996 0 0)
(0.0121225 0 0)
(0.0120442 0 0)
(0.0119646 0 0)
(0.0118835 0 0)
(0.0118008 0 0)
(0.0117159 0 0)
(0.0116287 0 0)
(0.0115386 0 0)
(0.0114449 0 0)
(0.0113468 0 0)
(0.011243 0 0)
(0.0111316 0 0)
(0.0110101 0 0)
(0.0108742 0 0)
(0.0107171 0 0)
(0.0105263 0 0)
(0.0102777 0 0)
(0.00991649 0 0)
(0.00928913 0 0)
(0.00778609 0 0)
(0.00373438 0 0)
(0.000388355 0 0)
(5.36962e-09 0 0)
(0 0 0)
(0 0 0)
(0 0 0)
(0 0 0)
(0 0 0)
(0 0 0)
(0 0 0)
(0 0 0)
(0 0 0)
(0 0 0)
(0 0 0)
(0 0 0)
(0 0 0)
(0 0 0)
(0 0 0)
(0 0 0)
(0 0 0)
(0 0 0)
(0 0 0)
(0 0 0)
(0 0 0)
(0 0 0)
(0 0 0)
(0 0 0)
(0 0 0)
(0 0 0)
(0 0 0)
(0 0 0)
(0 0 0)
(0 0 0)
(0 0 0)
(0 0 0)
(0 0 0)
(0 0 0)
(0 0 0)
(0 0 0)
(0 0 0)
(0 0 0)
(0 0 0)
(0 0 0)
(0 0 0)
(0 0 0)
(0 0 0)
(0 0 0)
(0 0 0)
(0 0 0)
(0 0 0)
)
;

boundaryField
{
    inlet
    {
        type            fixedValue;
        value           uniform (0 0 0);
    }
    outlet
    {
        type            zeroGradient;
    }
    yzfaces
    {
        type            empty;
    }
}


// ************************************************************************* //
