/*--------------------------------*- C++ -*----------------------------------*\
  =========                 |
  \\      /  F ield         | OpenFOAM: The Open Source CFD Toolbox
   \\    /   O peration     | Website:  https://openfoam.org
    \\  /    A nd           | Version:  10
     \\/     M anipulation  |
\*---------------------------------------------------------------------------*/
FoamFile
{
    format      ascii;
    class       volVectorField;
    location    "0.615";
    object      Ub;
}
// * * * * * * * * * * * * * * * * * * * * * * * * * * * * * * * * * * * * * //

dimensions      [0 1 -1 0 0 0 0];

internalField   nonuniform List<vector> 
100
(
(3.35581e-05 0 0)
(0.000101734 0 0)
(0.000171172 0 0)
(0.000240808 0 0)
(0.000310376 0 0)
(0.000379808 0 0)
(0.0004491 0 0)
(0.000518274 0 0)
(0.000587362 0 0)
(0.000656398 0 0)
(0.000725419 0 0)
(0.00079446 0 0)
(0.000863555 0 0)
(0.00093274 0 0)
(0.00100205 0 0)
(0.00107151 0 0)
(0.00114117 0 0)
(0.00121106 0 0)
(0.0012812 0 0)
(0.00135164 0 0)
(0.00142242 0 0)
(0.00149357 0 0)
(0.00156515 0 0)
(0.00163719 0 0)
(0.00170974 0 0)
(0.00178288 0 0)
(0.00185665 0 0)
(0.00193113 0 0)
(0.0020064 0 0)
(0.00208256 0 0)
(0.00215972 0 0)
(0.00223801 0 0)
(0.0023176 0 0)
(0.00239866 0 0)
(0.00248145 0 0)
(0.00256626 0 0)
(0.00265347 0 0)
(0.00274359 0 0)
(0.00283727 0 0)
(0.0029354 0 0)
(0.00303923 0 0)
(0.00315057 0 0)
(0.00327208 0 0)
(0.00340796 0 0)
(0.00356514 0 0)
(0.00375593 0 0)
(0.00400455 0 0)
(0.00436572 0 0)
(0.00499308 0 0)
(0.00649611 0 0)
(0.0105478 0 0)
(0.0138938 0 0)
(0.0142822 0 0)
(0.0142822 0 0)
(0.0142822 0 0)
(0.0142822 0 0)
(0.0142822 0 0)
(0.0142822 0 0)
(0.0142822 0 0)
(0.0142822 0 0)
(0.0142822 0 0)
(0.0142822 0 0)
(0.0142822 0 0)
(0.0142822 0 0)
(0.0142822 0 0)
(0.0142822 0 0)
(0.0142822 0 0)
(0.0142822 0 0)
(0.0142822 0 0)
(0.0142822 0 0)
(0.0142822 0 0)
(0.0142822 0 0)
(0.0142822 0 0)
(0.0142822 0 0)
(0.0142822 0 0)
(0.0142822 0 0)
(0.0142822 0 0)
(0.0142822 0 0)
(0.0142822 0 0)
(0.0142822 0 0)
(0.0142822 0 0)
(0.0142822 0 0)
(0.0142822 0 0)
(0.0142822 0 0)
(0.0142822 0 0)
(0.0142822 0 0)
(0.0142822 0 0)
(0.0142822 0 0)
(0.0142822 0 0)
(0.0142822 0 0)
(0.0142822 0 0)
(0.0142822 0 0)
(0.0142822 0 0)
(0.0142822 0 0)
(0.0142822 0 0)
(0.0142822 0 0)
(0.0142822 0 0)
(0.0142822 0 0)
(0.0142822 0 0)
(0.0142822 0 0)
)
;

boundaryField
{
    inlet
    {
        type            fixedValue;
        value           uniform (0 0 0);
    }
    outlet
    {
        type            zeroGradient;
    }
    yzfaces
    {
        type            empty;
    }
}


// ************************************************************************* //
