/*--------------------------------*- C++ -*----------------------------------*\
  =========                 |
  \\      /  F ield         | OpenFOAM: The Open Source CFD Toolbox
   \\    /   O peration     | Website:  https://openfoam.org
    \\  /    A nd           | Version:  10
     \\/     M anipulation  |
\*---------------------------------------------------------------------------*/
FoamFile
{
    format      ascii;
    class       volVectorField;
    location    "0.34";
    object      Ub;
}
// * * * * * * * * * * * * * * * * * * * * * * * * * * * * * * * * * * * * * //

dimensions      [0 1 -1 0 0 0 0];

internalField   nonuniform List<vector> 
100
(
(6.1962e-05 0 0)
(0.000186832 0 0)
(0.000312673 0 0)
(0.000438466 0 0)
(0.000564176 0 0)
(0.000689952 0 0)
(0.000815992 0 0)
(0.000942505 0 0)
(0.00106971 0 0)
(0.00119783 0 0)
(0.00132711 0 0)
(0.00145782 0 0)
(0.00159026 0 0)
(0.00172479 0 0)
(0.00186184 0 0)
(0.00200195 0 0)
(0.00214581 0 0)
(0.00229432 0 0)
(0.00244873 0 0)
(0.0026108 0 0)
(0.00278312 0 0)
(0.00296973 0 0)
(0.0031772 0 0)
(0.00341718 0 0)
(0.00371228 0 0)
(0.00411291 0 0)
(0.0047574 0 0)
(0.0061761 0 0)
(0.010136 0 0)
(0.0136849 0 0)
(0.0142837 0 0)
(0.0142838 0 0)
(0.0142838 0 0)
(0.0142838 0 0)
(0.0142838 0 0)
(0.0142838 0 0)
(0.0142838 0 0)
(0.0142838 0 0)
(0.0142838 0 0)
(0.0142838 0 0)
(0.0142838 0 0)
(0.0142838 0 0)
(0.0142838 0 0)
(0.0142838 0 0)
(0.0142838 0 0)
(0.0142838 0 0)
(0.0142838 0 0)
(0.0142838 0 0)
(0.0142838 0 0)
(0.0142838 0 0)
(0.0142838 0 0)
(0.0142838 0 0)
(0.0142838 0 0)
(0.0142838 0 0)
(0.0142838 0 0)
(0.0142838 0 0)
(0.0142838 0 0)
(0.0142838 0 0)
(0.0142838 0 0)
(0.0142838 0 0)
(0.0142838 0 0)
(0.0142838 0 0)
(0.0142838 0 0)
(0.0142838 0 0)
(0.0142838 0 0)
(0.0142838 0 0)
(0.0142838 0 0)
(0.0142838 0 0)
(0.0142838 0 0)
(0.0142838 0 0)
(0.0142838 0 0)
(0.0142838 0 0)
(0.0142838 0 0)
(0.0142838 0 0)
(0.0142838 0 0)
(0.0142838 0 0)
(0.0142838 0 0)
(0.0142838 0 0)
(0.0142838 0 0)
(0.0142838 0 0)
(0.0142838 0 0)
(0.0142838 0 0)
(0.0142838 0 0)
(0.0142838 0 0)
(0.0142838 0 0)
(0.0142838 0 0)
(0.0142838 0 0)
(0.0142838 0 0)
(0.0142838 0 0)
(0.0142838 0 0)
(0.0142838 0 0)
(0.0142838 0 0)
(0.0142838 0 0)
(0.0142838 0 0)
(0.0142838 0 0)
(0.0142838 0 0)
(0.0142838 0 0)
(0.0142838 0 0)
(0.0142838 0 0)
(0.0142838 0 0)
)
;

boundaryField
{
    inlet
    {
        type            fixedValue;
        value           uniform (0 0 0);
    }
    outlet
    {
        type            zeroGradient;
    }
    yzfaces
    {
        type            empty;
    }
}


// ************************************************************************* //
