/*--------------------------------*- C++ -*----------------------------------*\
  =========                 |
  \\      /  F ield         | OpenFOAM: The Open Source CFD Toolbox
   \\    /   O peration     | Website:  https://openfoam.org
    \\  /    A nd           | Version:  10
     \\/     M anipulation  |
\*---------------------------------------------------------------------------*/
FoamFile
{
    format      ascii;
    class       volVectorField;
    location    "0.225";
    object      Ub;
}
// * * * * * * * * * * * * * * * * * * * * * * * * * * * * * * * * * * * * * //

dimensions      [0 1 -1 0 0 0 0];

internalField   nonuniform List<vector> 
100
(
(9.44677e-05 0 0)
(0.000284218 0 0)
(0.000474932 0 0)
(0.000666158 0 0)
(0.000858457 0 0)
(0.00105257 0 0)
(0.00124934 0 0)
(0.00144972 0 0)
(0.0016549 0 0)
(0.00186638 0 0)
(0.00208623 0 0)
(0.00231742 0 0)
(0.00256454 0 0)
(0.00283513 0 0)
(0.00314266 0 0)
(0.003514 0 0)
(0.00401148 0 0)
(0.00481766 0 0)
(0.00670119 0 0)
(0.0110038 0 0)
(0.0141111 0 0)
(0.0142844 0 0)
(0.0142844 0 0)
(0.0142844 0 0)
(0.0142844 0 0)
(0.0142844 0 0)
(0.0142844 0 0)
(0.0142844 0 0)
(0.0142844 0 0)
(0.0142844 0 0)
(0.0142844 0 0)
(0.0142844 0 0)
(0.0142844 0 0)
(0.0142844 0 0)
(0.0142844 0 0)
(0.0142844 0 0)
(0.0142844 0 0)
(0.0142844 0 0)
(0.0142844 0 0)
(0.0142844 0 0)
(0.0142844 0 0)
(0.0142844 0 0)
(0.0142844 0 0)
(0.0142844 0 0)
(0.0142844 0 0)
(0.0142844 0 0)
(0.0142844 0 0)
(0.0142844 0 0)
(0.0142844 0 0)
(0.0142844 0 0)
(0.0142844 0 0)
(0.0142844 0 0)
(0.0142844 0 0)
(0.0142844 0 0)
(0.0142844 0 0)
(0.0142844 0 0)
(0.0142844 0 0)
(0.0142844 0 0)
(0.0142844 0 0)
(0.0142844 0 0)
(0.0142844 0 0)
(0.0142844 0 0)
(0.0142844 0 0)
(0.0142844 0 0)
(0.0142844 0 0)
(0.0142844 0 0)
(0.0142844 0 0)
(0.0142844 0 0)
(0.0142844 0 0)
(0.0142844 0 0)
(0.0142844 0 0)
(0.0142844 0 0)
(0.0142844 0 0)
(0.0142844 0 0)
(0.0142844 0 0)
(0.0142844 0 0)
(0.0142844 0 0)
(0.0142844 0 0)
(0.0142844 0 0)
(0.0142844 0 0)
(0.0142844 0 0)
(0.0142844 0 0)
(0.0142844 0 0)
(0.0142844 0 0)
(0.0142844 0 0)
(0.0142844 0 0)
(0.0142844 0 0)
(0.0142844 0 0)
(0.0142844 0 0)
(0.0142844 0 0)
(0.0142844 0 0)
(0.0142844 0 0)
(0.0142844 0 0)
(0.0142844 0 0)
(0.0142844 0 0)
(0.0142844 0 0)
(0.0142844 0 0)
(0.0142844 0 0)
(0.0142844 0 0)
(0.0142844 0 0)
)
;

boundaryField
{
    inlet
    {
        type            fixedValue;
        value           uniform (0 0 0);
    }
    outlet
    {
        type            zeroGradient;
    }
    yzfaces
    {
        type            empty;
    }
}


// ************************************************************************* //
