/*--------------------------------*- C++ -*----------------------------------*\
  =========                 |
  \\      /  F ield         | OpenFOAM: The Open Source CFD Toolbox
   \\    /   O peration     | Website:  https://openfoam.org
    \\  /    A nd           | Version:  10
     \\/     M anipulation  |
\*---------------------------------------------------------------------------*/
FoamFile
{
    format      ascii;
    class       volVectorField;
    location    "0.635";
    object      Ua;
}
// * * * * * * * * * * * * * * * * * * * * * * * * * * * * * * * * * * * * * //

dimensions      [0 1 -1 0 0 0 0];

internalField   nonuniform List<vector> 
100
(
(0.00710859 0 0)
(0.0141837 0 0)
(0.0141164 0 0)
(0.014049 0 0)
(0.0139816 0 0)
(0.0139143 0 0)
(0.0138472 0 0)
(0.0137802 0 0)
(0.0137133 0 0)
(0.0136464 0 0)
(0.0135796 0 0)
(0.0135128 0 0)
(0.0134459 0 0)
(0.013379 0 0)
(0.0133119 0 0)
(0.0132448 0 0)
(0.0131774 0 0)
(0.0131099 0 0)
(0.0130422 0 0)
(0.0129742 0 0)
(0.0129059 0 0)
(0.0128373 0 0)
(0.0127684 0 0)
(0.012699 0 0)
(0.0126292 0 0)
(0.0125589 0 0)
(0.0124881 0 0)
(0.0124166 0 0)
(0.0123445 0 0)
(0.0122717 0 0)
(0.012198 0 0)
(0.0121234 0 0)
(0.0120478 0 0)
(0.011971 0 0)
(0.0118928 0 0)
(0.011813 0 0)
(0.0117315 0 0)
(0.0116477 0 0)
(0.0115614 0 0)
(0.011472 0 0)
(0.0113787 0 0)
(0.0112804 0 0)
(0.0111758 0 0)
(0.0110628 0 0)
(0.0109381 0 0)
(0.0107966 0 0)
(0.0106297 0 0)
(0.0104213 0 0)
(0.0101381 0 0)
(0.0096993 0 0)
(0.00884708 0 0)
(0.00641687 0 0)
(0.00230456 0 0)
(2.15821e-05 0 0)
(1.1785e-13 0 0)
(0 0 0)
(0 0 0)
(0 0 0)
(0 0 0)
(0 0 0)
(0 0 0)
(0 0 0)
(0 0 0)
(0 0 0)
(0 0 0)
(0 0 0)
(0 0 0)
(0 0 0)
(0 0 0)
(0 0 0)
(0 0 0)
(0 0 0)
(0 0 0)
(0 0 0)
(0 0 0)
(0 0 0)
(0 0 0)
(0 0 0)
(0 0 0)
(0 0 0)
(0 0 0)
(0 0 0)
(0 0 0)
(0 0 0)
(0 0 0)
(0 0 0)
(0 0 0)
(0 0 0)
(0 0 0)
(0 0 0)
(0 0 0)
(0 0 0)
(0 0 0)
(0 0 0)
(0 0 0)
(0 0 0)
(0 0 0)
(0 0 0)
(0 0 0)
(0 0 0)
)
;

boundaryField
{
    inlet
    {
        type            fixedValue;
        value           uniform (0 0 0);
    }
    outlet
    {
        type            zeroGradient;
    }
    yzfaces
    {
        type            empty;
    }
}


// ************************************************************************* //
