/*--------------------------------*- C++ -*----------------------------------*\
  =========                 |
  \\      /  F ield         | OpenFOAM: The Open Source CFD Toolbox
   \\    /   O peration     | Website:  https://openfoam.org
    \\  /    A nd           | Version:  10
     \\/     M anipulation  |
\*---------------------------------------------------------------------------*/
FoamFile
{
    format      ascii;
    class       volVectorField;
    location    "1.09";
    object      Ua;
}
// * * * * * * * * * * * * * * * * * * * * * * * * * * * * * * * * * * * * * //

dimensions      [0 1 -1 0 0 0 0];

internalField   nonuniform List<vector> 
100
(
(0.00712142 0 0)
(0.0142236 0 0)
(0.0141847 0 0)
(0.0141455 0 0)
(0.0141061 0 0)
(0.0140667 0 0)
(0.0140274 0 0)
(0.0139881 0 0)
(0.0139489 0 0)
(0.0139097 0 0)
(0.0138707 0 0)
(0.0138316 0 0)
(0.0137927 0 0)
(0.0137538 0 0)
(0.0137149 0 0)
(0.0136761 0 0)
(0.0136373 0 0)
(0.0135986 0 0)
(0.0135598 0 0)
(0.0135211 0 0)
(0.0134824 0 0)
(0.0134437 0 0)
(0.0134049 0 0)
(0.0133662 0 0)
(0.0133274 0 0)
(0.0132886 0 0)
(0.0132498 0 0)
(0.0132109 0 0)
(0.013172 0 0)
(0.013133 0 0)
(0.013094 0 0)
(0.0130549 0 0)
(0.0130158 0 0)
(0.0129766 0 0)
(0.0129373 0 0)
(0.012898 0 0)
(0.0128585 0 0)
(0.012819 0 0)
(0.0127793 0 0)
(0.0127396 0 0)
(0.0126997 0 0)
(0.0126598 0 0)
(0.0126197 0 0)
(0.0125794 0 0)
(0.012539 0 0)
(0.0124985 0 0)
(0.0124578 0 0)
(0.012417 0 0)
(0.0123759 0 0)
(0.0123347 0 0)
(0.0122933 0 0)
(0.0122517 0 0)
(0.0122098 0 0)
(0.0121677 0 0)
(0.0121253 0 0)
(0.0120827 0 0)
(0.0120398 0 0)
(0.0119965 0 0)
(0.0119529 0 0)
(0.011909 0 0)
(0.0118646 0 0)
(0.0118198 0 0)
(0.0117745 0 0)
(0.0117287 0 0)
(0.0116823 0 0)
(0.0116353 0 0)
(0.0115875 0 0)
(0.0115389 0 0)
(0.0114894 0 0)
(0.0114388 0 0)
(0.011387 0 0)
(0.0113337 0 0)
(0.0112788 0 0)
(0.0112219 0 0)
(0.0111626 0 0)
(0.0111003 0 0)
(0.0110343 0 0)
(0.0109637 0 0)
(0.0108869 0 0)
(0.0108019 0 0)
(0.0107056 0 0)
(0.010593 0 0)
(0.0104556 0 0)
(0.0102779 0 0)
(0.0100281 0 0)
(0.00962935 0 0)
(0.00884168 0 0)
(0.00659225 0 0)
(0.00247469 0 0)
(3.46551e-05 0 0)
(6.6336e-13 0 0)
(0 0 0)
(0 0 0)
(0 0 0)
(0 0 0)
(0 0 0)
(0 0 0)
(0 0 0)
(0 0 0)
(0 0 0)
)
;

boundaryField
{
    inlet
    {
        type            fixedValue;
        value           uniform (0 0 0);
    }
    outlet
    {
        type            zeroGradient;
    }
    yzfaces
    {
        type            empty;
    }
}


// ************************************************************************* //
