/*--------------------------------*- C++ -*----------------------------------*\
  =========                 |
  \\      /  F ield         | OpenFOAM: The Open Source CFD Toolbox
   \\    /   O peration     | Website:  https://openfoam.org
    \\  /    A nd           | Version:  10
     \\/     M anipulation  |
\*---------------------------------------------------------------------------*/
FoamFile
{
    format      ascii;
    class       volVectorField;
    location    "1.09";
    object      Ub;
}
// * * * * * * * * * * * * * * * * * * * * * * * * * * * * * * * * * * * * * //

dimensions      [0 1 -1 0 0 0 0];

internalField   nonuniform List<vector> 
100
(
(1.83258e-05 0 0)
(5.59269e-05 0 0)
(9.47763e-05 0 0)
(0.000134026 0 0)
(0.0001734 0 0)
(0.000212785 0 0)
(0.000252131 0 0)
(0.000291414 0 0)
(0.000330626 0 0)
(0.000369767 0 0)
(0.000408838 0 0)
(0.000447844 0 0)
(0.000486793 0 0)
(0.000525689 0 0)
(0.000564541 0 0)
(0.000603356 0 0)
(0.00064214 0 0)
(0.0006809 0 0)
(0.000719643 0 0)
(0.000758375 0 0)
(0.000797104 0 0)
(0.000835834 0 0)
(0.000874573 0 0)
(0.000913326 0 0)
(0.000952099 0 0)
(0.000990897 0 0)
(0.00102973 0 0)
(0.00106859 0 0)
(0.0011075 0 0)
(0.00114646 0 0)
(0.00118547 0 0)
(0.00122454 0 0)
(0.00126367 0 0)
(0.00130288 0 0)
(0.00134216 0 0)
(0.00138152 0 0)
(0.00142097 0 0)
(0.00146051 0 0)
(0.00150015 0 0)
(0.0015399 0 0)
(0.00157975 0 0)
(0.00161973 0 0)
(0.00165984 0 0)
(0.00170007 0 0)
(0.00174045 0 0)
(0.00178098 0 0)
(0.00182167 0 0)
(0.00186253 0 0)
(0.00190356 0 0)
(0.00194478 0 0)
(0.0019862 0 0)
(0.00202784 0 0)
(0.0020697 0 0)
(0.0021118 0 0)
(0.00215416 0 0)
(0.0021968 0 0)
(0.00223973 0 0)
(0.00228298 0 0)
(0.00232657 0 0)
(0.00237053 0 0)
(0.00241489 0 0)
(0.0024597 0 0)
(0.00250498 0 0)
(0.00255079 0 0)
(0.00259719 0 0)
(0.00264424 0 0)
(0.00269201 0 0)
(0.0027406 0 0)
(0.00279012 0 0)
(0.0028407 0 0)
(0.00289251 0 0)
(0.00294574 0 0)
(0.00300065 0 0)
(0.00305756 0 0)
(0.00311688 0 0)
(0.00317917 0 0)
(0.00324515 0 0)
(0.00331582 0 0)
(0.00339262 0 0)
(0.0034776 0 0)
(0.0035739 0 0)
(0.00368652 0 0)
(0.00382391 0 0)
(0.00400159 0 0)
(0.00425138 0 0)
(0.00465013 0 0)
(0.0054378 0 0)
(0.00768724 0 0)
(0.0118048 0 0)
(0.0142448 0 0)
(0.0142795 0 0)
(0.0142795 0 0)
(0.0142795 0 0)
(0.0142795 0 0)
(0.0142795 0 0)
(0.0142795 0 0)
(0.0142795 0 0)
(0.0142795 0 0)
(0.0142795 0 0)
(0.0142795 0 0)
)
;

boundaryField
{
    inlet
    {
        type            fixedValue;
        value           uniform (0 0 0);
    }
    outlet
    {
        type            zeroGradient;
    }
    yzfaces
    {
        type            empty;
    }
}


// ************************************************************************* //
