/*--------------------------------*- C++ -*----------------------------------*\
  =========                 |
  \\      /  F ield         | OpenFOAM: The Open Source CFD Toolbox
   \\    /   O peration     | Website:  https://openfoam.org
    \\  /    A nd           | Version:  10
     \\/     M anipulation  |
\*---------------------------------------------------------------------------*/
FoamFile
{
    format      ascii;
    class       volVectorField;
    location    "0.475";
    object      Ua;
}
// * * * * * * * * * * * * * * * * * * * * * * * * * * * * * * * * * * * * * //

dimensions      [0 1 -1 0 0 0 0];

internalField   nonuniform List<vector> 
100
(
(0.0070976 0 0)
(0.0141503 0 0)
(0.0140602 0 0)
(0.0139702 0 0)
(0.0138802 0 0)
(0.0137905 0 0)
(0.0137008 0 0)
(0.0136112 0 0)
(0.0135215 0 0)
(0.0134317 0 0)
(0.0133418 0 0)
(0.0132515 0 0)
(0.013161 0 0)
(0.0130699 0 0)
(0.0129784 0 0)
(0.0128863 0 0)
(0.0127935 0 0)
(0.0127 0 0)
(0.0126055 0 0)
(0.01251 0 0)
(0.0124132 0 0)
(0.0123152 0 0)
(0.0122155 0 0)
(0.012114 0 0)
(0.0120104 0 0)
(0.0119042 0 0)
(0.0117949 0 0)
(0.0116818 0 0)
(0.0115641 0 0)
(0.0114402 0 0)
(0.0113085 0 0)
(0.011166 0 0)
(0.0110082 0 0)
(0.0108278 0 0)
(0.0106113 0 0)
(0.010332 0 0)
(0.00992788 0 0)
(0.00921817 0 0)
(0.0074465 0 0)
(0.00325053 0 0)
(0.000180377 0 0)
(2.76857e-10 0 0)
(0 0 0)
(0 0 0)
(0 0 0)
(0 0 0)
(0 0 0)
(0 0 0)
(0 0 0)
(0 0 0)
(0 0 0)
(0 0 0)
(0 0 0)
(0 0 0)
(0 0 0)
(0 0 0)
(0 0 0)
(0 0 0)
(0 0 0)
(0 0 0)
(0 0 0)
(0 0 0)
(0 0 0)
(0 0 0)
(0 0 0)
(0 0 0)
(0 0 0)
(0 0 0)
(0 0 0)
(0 0 0)
(0 0 0)
(0 0 0)
(0 0 0)
(0 0 0)
(0 0 0)
(0 0 0)
(0 0 0)
(0 0 0)
(0 0 0)
(0 0 0)
(0 0 0)
(0 0 0)
(0 0 0)
(0 0 0)
(0 0 0)
(0 0 0)
(0 0 0)
(0 0 0)
(0 0 0)
(0 0 0)
(0 0 0)
(0 0 0)
(0 0 0)
(0 0 0)
(0 0 0)
(0 0 0)
(0 0 0)
(0 0 0)
(0 0 0)
(0 0 0)
)
;

boundaryField
{
    inlet
    {
        type            fixedValue;
        value           uniform (0 0 0);
    }
    outlet
    {
        type            zeroGradient;
    }
    yzfaces
    {
        type            empty;
    }
}


// ************************************************************************* //
