/*--------------------------------*- C++ -*----------------------------------*\
  =========                 |
  \\      /  F ield         | OpenFOAM: The Open Source CFD Toolbox
   \\    /   O peration     | Website:  https://openfoam.org
    \\  /    A nd           | Version:  10
     \\/     M anipulation  |
\*---------------------------------------------------------------------------*/
FoamFile
{
    format      ascii;
    class       volVectorField;
    location    "0.475";
    object      Ub;
}
// * * * * * * * * * * * * * * * * * * * * * * * * * * * * * * * * * * * * * //

dimensions      [0 1 -1 0 0 0 0];

internalField   nonuniform List<vector> 
100
(
(4.39021e-05 0 0)
(0.000132748 0 0)
(0.000222758 0 0)
(0.000312831 0 0)
(0.000402757 0 0)
(0.000492525 0 0)
(0.000582188 0 0)
(0.000671814 0 0)
(0.000761478 0 0)
(0.000851258 0 0)
(0.000941229 0 0)
(0.00103147 0 0)
(0.00112205 0 0)
(0.00121306 0 0)
(0.00130457 0 0)
(0.00139667 0 0)
(0.00148946 0 0)
(0.00158304 0 0)
(0.00167753 0 0)
(0.00177305 0 0)
(0.00186976 0 0)
(0.00196783 0 0)
(0.00206748 0 0)
(0.00216896 0 0)
(0.0022726 0 0)
(0.0023788 0 0)
(0.00248809 0 0)
(0.00260116 0 0)
(0.00271895 0 0)
(0.00284278 0 0)
(0.00297453 0 0)
(0.00311705 0 0)
(0.0032748 0 0)
(0.00345522 0 0)
(0.00367171 0 0)
(0.00395103 0 0)
(0.00435513 0 0)
(0.00506483 0 0)
(0.0068365 0 0)
(0.0110325 0 0)
(0.0141026 0 0)
(0.014283 0 0)
(0.014283 0 0)
(0.014283 0 0)
(0.014283 0 0)
(0.014283 0 0)
(0.014283 0 0)
(0.014283 0 0)
(0.014283 0 0)
(0.014283 0 0)
(0.014283 0 0)
(0.014283 0 0)
(0.014283 0 0)
(0.014283 0 0)
(0.014283 0 0)
(0.014283 0 0)
(0.014283 0 0)
(0.014283 0 0)
(0.014283 0 0)
(0.014283 0 0)
(0.014283 0 0)
(0.014283 0 0)
(0.014283 0 0)
(0.014283 0 0)
(0.014283 0 0)
(0.014283 0 0)
(0.014283 0 0)
(0.014283 0 0)
(0.014283 0 0)
(0.014283 0 0)
(0.014283 0 0)
(0.014283 0 0)
(0.014283 0 0)
(0.014283 0 0)
(0.014283 0 0)
(0.014283 0 0)
(0.014283 0 0)
(0.014283 0 0)
(0.014283 0 0)
(0.014283 0 0)
(0.014283 0 0)
(0.014283 0 0)
(0.014283 0 0)
(0.014283 0 0)
(0.014283 0 0)
(0.014283 0 0)
(0.014283 0 0)
(0.014283 0 0)
(0.014283 0 0)
(0.014283 0 0)
(0.014283 0 0)
(0.014283 0 0)
(0.014283 0 0)
(0.014283 0 0)
(0.014283 0 0)
(0.014283 0 0)
(0.014283 0 0)
(0.014283 0 0)
(0.014283 0 0)
(0.014283 0 0)
)
;

boundaryField
{
    inlet
    {
        type            fixedValue;
        value           uniform (0 0 0);
    }
    outlet
    {
        type            zeroGradient;
    }
    yzfaces
    {
        type            empty;
    }
}


// ************************************************************************* //
