/*--------------------------------*- C++ -*----------------------------------*\
  =========                 |
  \\      /  F ield         | OpenFOAM: The Open Source CFD Toolbox
   \\    /   O peration     | Website:  https://openfoam.org
    \\  /    A nd           | Version:  10
     \\/     M anipulation  |
\*---------------------------------------------------------------------------*/
FoamFile
{
    format      ascii;
    class       volVectorField;
    location    "1.05";
    object      Ua;
}
// * * * * * * * * * * * * * * * * * * * * * * * * * * * * * * * * * * * * * //

dimensions      [0 1 -1 0 0 0 0];

internalField   nonuniform List<vector> 
100
(
(0.00712079 0 0)
(0.0142215 0 0)
(0.0141812 0 0)
(0.0141404 0 0)
(0.0140995 0 0)
(0.0140587 0 0)
(0.0140178 0 0)
(0.0139771 0 0)
(0.0139364 0 0)
(0.0138958 0 0)
(0.0138553 0 0)
(0.0138148 0 0)
(0.0137744 0 0)
(0.013734 0 0)
(0.0136937 0 0)
(0.0136534 0 0)
(0.0136132 0 0)
(0.0135729 0 0)
(0.0135327 0 0)
(0.0134925 0 0)
(0.0134523 0 0)
(0.013412 0 0)
(0.0133718 0 0)
(0.0133315 0 0)
(0.0132912 0 0)
(0.0132509 0 0)
(0.0132105 0 0)
(0.0131701 0 0)
(0.0131297 0 0)
(0.0130891 0 0)
(0.0130486 0 0)
(0.0130079 0 0)
(0.0129672 0 0)
(0.0129263 0 0)
(0.0128854 0 0)
(0.0128444 0 0)
(0.0128033 0 0)
(0.0127621 0 0)
(0.0127207 0 0)
(0.0126792 0 0)
(0.0126376 0 0)
(0.0125959 0 0)
(0.012554 0 0)
(0.0125119 0 0)
(0.0124697 0 0)
(0.0124273 0 0)
(0.0123847 0 0)
(0.0123418 0 0)
(0.0122988 0 0)
(0.0122556 0 0)
(0.0122121 0 0)
(0.0121683 0 0)
(0.0121242 0 0)
(0.0120799 0 0)
(0.0120352 0 0)
(0.0119902 0 0)
(0.0119448 0 0)
(0.011899 0 0)
(0.0118527 0 0)
(0.0118059 0 0)
(0.0117586 0 0)
(0.0117107 0 0)
(0.0116621 0 0)
(0.0116128 0 0)
(0.0115627 0 0)
(0.0115115 0 0)
(0.0114593 0 0)
(0.0114059 0 0)
(0.0113509 0 0)
(0.0112943 0 0)
(0.0112355 0 0)
(0.0111743 0 0)
(0.01111 0 0)
(0.0110418 0 0)
(0.0109687 0 0)
(0.0108893 0 0)
(0.0108012 0 0)
(0.0107011 0 0)
(0.0105836 0 0)
(0.0104394 0 0)
(0.0102512 0 0)
(0.00998264 0 0)
(0.00954299 0 0)
(0.00863252 0 0)
(0.00589257 0 0)
(0.00189913 0 0)
(7.11042e-06 0 0)
(2.2933e-15 0 0)
(0 0 0)
(0 0 0)
(0 0 0)
(0 0 0)
(0 0 0)
(0 0 0)
(0 0 0)
(0 0 0)
(0 0 0)
(0 0 0)
(0 0 0)
(0 0 0)
)
;

boundaryField
{
    inlet
    {
        type            fixedValue;
        value           uniform (0 0 0);
    }
    outlet
    {
        type            zeroGradient;
    }
    yzfaces
    {
        type            empty;
    }
}


// ************************************************************************* //
