/*--------------------------------*- C++ -*----------------------------------*\
  =========                 |
  \\      /  F ield         | OpenFOAM: The Open Source CFD Toolbox
   \\    /   O peration     | Website:  https://openfoam.org
    \\  /    A nd           | Version:  10
     \\/     M anipulation  |
\*---------------------------------------------------------------------------*/
FoamFile
{
    format      ascii;
    class       volVectorField;
    location    "1.05";
    object      Ub;
}
// * * * * * * * * * * * * * * * * * * * * * * * * * * * * * * * * * * * * * //

dimensions      [0 1 -1 0 0 0 0];

internalField   nonuniform List<vector> 
100
(
(1.90732e-05 0 0)
(5.81807e-05 0 0)
(9.85457e-05 0 0)
(0.000139303 0 0)
(0.000180176 0 0)
(0.00022105 0 0)
(0.000261878 0 0)
(0.000302637 0 0)
(0.00034332 0 0)
(0.000383928 0 0)
(0.000424464 0 0)
(0.000464935 0 0)
(0.000505347 0 0)
(0.000545708 0 0)
(0.000586026 0 0)
(0.000626309 0 0)
(0.000666564 0 0)
(0.000706799 0 0)
(0.000747021 0 0)
(0.000787238 0 0)
(0.000827456 0 0)
(0.000867682 0 0)
(0.000907924 0 0)
(0.000948187 0 0)
(0.000988478 0 0)
(0.0010288 0 0)
(0.00106917 0 0)
(0.00110958 0 0)
(0.00115005 0 0)
(0.00119057 0 0)
(0.00123116 0 0)
(0.00127183 0 0)
(0.00131257 0 0)
(0.00135339 0 0)
(0.00139431 0 0)
(0.00143532 0 0)
(0.00147644 0 0)
(0.00151766 0 0)
(0.00155901 0 0)
(0.00160049 0 0)
(0.00164209 0 0)
(0.00168384 0 0)
(0.00172575 0 0)
(0.00176781 0 0)
(0.00181004 0 0)
(0.00185245 0 0)
(0.00189506 0 0)
(0.00193787 0 0)
(0.00198089 0 0)
(0.00202415 0 0)
(0.00206765 0 0)
(0.00211142 0 0)
(0.00215547 0 0)
(0.00219982 0 0)
(0.0022445 0 0)
(0.00228952 0 0)
(0.00233493 0 0)
(0.00238075 0 0)
(0.00242702 0 0)
(0.00247379 0 0)
(0.00252109 0 0)
(0.002569 0 0)
(0.00261757 0 0)
(0.0026669 0 0)
(0.00271706 0 0)
(0.00276817 0 0)
(0.00282038 0 0)
(0.00287385 0 0)
(0.00292879 0 0)
(0.00298546 0 0)
(0.0030442 0 0)
(0.00310544 0 0)
(0.00316975 0 0)
(0.00323791 0 0)
(0.00331097 0 0)
(0.00339045 0 0)
(0.00347854 0 0)
(0.00357863 0 0)
(0.00369613 0 0)
(0.00384033 0 0)
(0.00402853 0 0)
(0.00429708 0 0)
(0.00473673 0 0)
(0.0056472 0 0)
(0.00838714 0 0)
(0.0123806 0 0)
(0.0142726 0 0)
(0.0142797 0 0)
(0.0142797 0 0)
(0.0142797 0 0)
(0.0142797 0 0)
(0.0142797 0 0)
(0.0142797 0 0)
(0.0142797 0 0)
(0.0142797 0 0)
(0.0142797 0 0)
(0.0142797 0 0)
(0.0142797 0 0)
(0.0142797 0 0)
(0.0142797 0 0)
)
;

boundaryField
{
    inlet
    {
        type            fixedValue;
        value           uniform (0 0 0);
    }
    outlet
    {
        type            zeroGradient;
    }
    yzfaces
    {
        type            empty;
    }
}


// ************************************************************************* //
