/*--------------------------------*- C++ -*----------------------------------*\
  =========                 |
  \\      /  F ield         | OpenFOAM: The Open Source CFD Toolbox
   \\    /   O peration     | Website:  https://openfoam.org
    \\  /    A nd           | Version:  10
     \\/     M anipulation  |
\*---------------------------------------------------------------------------*/
FoamFile
{
    format      ascii;
    class       volVectorField;
    location    "0.115";
    object      Ub;
}
// * * * * * * * * * * * * * * * * * * * * * * * * * * * * * * * * * * * * * //

dimensions      [0 1 -1 0 0 0 0];

internalField   nonuniform List<vector> 
100
(
(0.000187003 0 0)
(0.000563725 0 0)
(0.000947998 0 0)
(0.00134548 0 0)
(0.00176495 0 0)
(0.00222056 0 0)
(0.00273885 0 0)
(0.00337945 0 0)
(0.0043133 0 0)
(0.00624733 0 0)
(0.0106987 0 0)
(0.0140368 0 0)
(0.0142851 0 0)
(0.0142851 0 0)
(0.0142851 0 0)
(0.0142851 0 0)
(0.0142851 0 0)
(0.0142851 0 0)
(0.0142851 0 0)
(0.0142851 0 0)
(0.0142851 0 0)
(0.0142851 0 0)
(0.0142851 0 0)
(0.0142851 0 0)
(0.0142851 0 0)
(0.0142851 0 0)
(0.0142851 0 0)
(0.0142851 0 0)
(0.0142851 0 0)
(0.0142851 0 0)
(0.0142851 0 0)
(0.0142851 0 0)
(0.0142851 0 0)
(0.0142851 0 0)
(0.0142851 0 0)
(0.0142851 0 0)
(0.0142851 0 0)
(0.0142851 0 0)
(0.0142851 0 0)
(0.0142851 0 0)
(0.0142851 0 0)
(0.0142851 0 0)
(0.0142851 0 0)
(0.0142851 0 0)
(0.0142851 0 0)
(0.0142851 0 0)
(0.0142851 0 0)
(0.0142851 0 0)
(0.0142851 0 0)
(0.0142851 0 0)
(0.0142851 0 0)
(0.0142851 0 0)
(0.0142851 0 0)
(0.0142851 0 0)
(0.0142851 0 0)
(0.0142851 0 0)
(0.0142851 0 0)
(0.0142851 0 0)
(0.0142851 0 0)
(0.0142851 0 0)
(0.0142851 0 0)
(0.0142851 0 0)
(0.0142851 0 0)
(0.0142851 0 0)
(0.0142851 0 0)
(0.0142851 0 0)
(0.0142851 0 0)
(0.0142851 0 0)
(0.0142851 0 0)
(0.0142851 0 0)
(0.0142851 0 0)
(0.0142851 0 0)
(0.0142851 0 0)
(0.0142851 0 0)
(0.0142851 0 0)
(0.0142851 0 0)
(0.0142851 0 0)
(0.0142851 0 0)
(0.0142851 0 0)
(0.0142851 0 0)
(0.0142851 0 0)
(0.0142851 0 0)
(0.0142851 0 0)
(0.0142851 0 0)
(0.0142851 0 0)
(0.0142851 0 0)
(0.0142851 0 0)
(0.0142851 0 0)
(0.0142851 0 0)
(0.0142851 0 0)
(0.0142851 0 0)
(0.0142851 0 0)
(0.0142851 0 0)
(0.0142851 0 0)
(0.0142851 0 0)
(0.0142851 0 0)
(0.0142851 0 0)
(0.0142851 0 0)
(0.0142851 0 0)
(0.0142851 0 0)
)
;

boundaryField
{
    inlet
    {
        type            fixedValue;
        value           uniform (0 0 0);
    }
    outlet
    {
        type            zeroGradient;
    }
    yzfaces
    {
        type            empty;
    }
}


// ************************************************************************* //
