/*--------------------------------*- C++ -*----------------------------------*\
  =========                 |
  \\      /  F ield         | OpenFOAM: The Open Source CFD Toolbox
   \\    /   O peration     | Website:  https://openfoam.org
    \\  /    A nd           | Version:  10
     \\/     M anipulation  |
\*---------------------------------------------------------------------------*/
FoamFile
{
    format      ascii;
    class       volVectorField;
    location    "0.57";
    object      Ua;
}
// * * * * * * * * * * * * * * * * * * * * * * * * * * * * * * * * * * * * * //

dimensions      [0 1 -1 0 0 0 0];

internalField   nonuniform List<vector> 
100
(
(0.0071049 0 0)
(0.0141724 0 0)
(0.0140975 0 0)
(0.0140224 0 0)
(0.0139473 0 0)
(0.0138725 0 0)
(0.0137977 0 0)
(0.0137231 0 0)
(0.0136486 0 0)
(0.013574 0 0)
(0.0134995 0 0)
(0.0134249 0 0)
(0.0133501 0 0)
(0.0132752 0 0)
(0.0132002 0 0)
(0.0131248 0 0)
(0.0130492 0 0)
(0.0129733 0 0)
(0.012897 0 0)
(0.0128202 0 0)
(0.012743 0 0)
(0.0126652 0 0)
(0.0125869 0 0)
(0.0125078 0 0)
(0.012428 0 0)
(0.0123473 0 0)
(0.0122657 0 0)
(0.012183 0 0)
(0.012099 0 0)
(0.0120137 0 0)
(0.0119267 0 0)
(0.0118377 0 0)
(0.0117466 0 0)
(0.0116527 0 0)
(0.0115555 0 0)
(0.0114543 0 0)
(0.0113479 0 0)
(0.0112348 0 0)
(0.0111128 0 0)
(0.0109784 0 0)
(0.0108261 0 0)
(0.0106463 0 0)
(0.0104211 0 0)
(0.0101126 0 0)
(0.00962482 0 0)
(0.00863481 0 0)
(0.00568696 0 0)
(0.00171542 0 0)
(3.92669e-06 0 0)
(2.77556e-16 0 0)
(0 0 0)
(0 0 0)
(0 0 0)
(0 0 0)
(0 0 0)
(0 0 0)
(0 0 0)
(0 0 0)
(0 0 0)
(0 0 0)
(0 0 0)
(0 0 0)
(0 0 0)
(0 0 0)
(0 0 0)
(0 0 0)
(0 0 0)
(0 0 0)
(0 0 0)
(0 0 0)
(0 0 0)
(0 0 0)
(0 0 0)
(0 0 0)
(0 0 0)
(0 0 0)
(0 0 0)
(0 0 0)
(0 0 0)
(0 0 0)
(0 0 0)
(0 0 0)
(0 0 0)
(0 0 0)
(0 0 0)
(0 0 0)
(0 0 0)
(0 0 0)
(0 0 0)
(0 0 0)
(0 0 0)
(0 0 0)
(0 0 0)
(0 0 0)
(0 0 0)
(0 0 0)
(0 0 0)
(0 0 0)
(0 0 0)
(0 0 0)
)
;

boundaryField
{
    inlet
    {
        type            fixedValue;
        value           uniform (0 0 0);
    }
    outlet
    {
        type            zeroGradient;
    }
    yzfaces
    {
        type            empty;
    }
}


// ************************************************************************* //
