/*--------------------------------*- C++ -*----------------------------------*\
  =========                 |
  \\      /  F ield         | OpenFOAM: The Open Source CFD Toolbox
   \\    /   O peration     | Website:  https://openfoam.org
    \\  /    A nd           | Version:  10
     \\/     M anipulation  |
\*---------------------------------------------------------------------------*/
FoamFile
{
    format      ascii;
    class       volVectorField;
    location    "0.57";
    object      Ub;
}
// * * * * * * * * * * * * * * * * * * * * * * * * * * * * * * * * * * * * * //

dimensions      [0 1 -1 0 0 0 0];

internalField   nonuniform List<vector> 
100
(
(3.63273e-05 0 0)
(0.000110042 0 0)
(0.000184996 0 0)
(0.00026011 0 0)
(0.000335128 0 0)
(0.000409996 0 0)
(0.000484724 0 0)
(0.000559344 0 0)
(0.000633898 0 0)
(0.00070843 0 0)
(0.000782985 0 0)
(0.000857607 0 0)
(0.00093234 0 0)
(0.00100723 0 0)
(0.00108231 0 0)
(0.00115763 0 0)
(0.00123324 0 0)
(0.00130918 0 0)
(0.00138549 0 0)
(0.00146224 0 0)
(0.00153946 0 0)
(0.00161723 0 0)
(0.00169561 0 0)
(0.00177466 0 0)
(0.00185448 0 0)
(0.00193514 0 0)
(0.00201677 0 0)
(0.00209948 0 0)
(0.00218343 0 0)
(0.0022688 0 0)
(0.0023558 0 0)
(0.00244471 0 0)
(0.00253588 0 0)
(0.00262976 0 0)
(0.00272692 0 0)
(0.00282816 0 0)
(0.00293455 0 0)
(0.00304763 0 0)
(0.00316964 0 0)
(0.00330403 0 0)
(0.00345636 0 0)
(0.00363616 0 0)
(0.00386137 0 0)
(0.00416989 0 0)
(0.00465764 0 0)
(0.00564765 0 0)
(0.0085955 0 0)
(0.012567 0 0)
(0.0142785 0 0)
(0.0142825 0 0)
(0.0142825 0 0)
(0.0142825 0 0)
(0.0142825 0 0)
(0.0142825 0 0)
(0.0142825 0 0)
(0.0142825 0 0)
(0.0142825 0 0)
(0.0142825 0 0)
(0.0142825 0 0)
(0.0142825 0 0)
(0.0142825 0 0)
(0.0142825 0 0)
(0.0142825 0 0)
(0.0142825 0 0)
(0.0142825 0 0)
(0.0142825 0 0)
(0.0142825 0 0)
(0.0142825 0 0)
(0.0142825 0 0)
(0.0142825 0 0)
(0.0142825 0 0)
(0.0142825 0 0)
(0.0142825 0 0)
(0.0142825 0 0)
(0.0142825 0 0)
(0.0142825 0 0)
(0.0142825 0 0)
(0.0142825 0 0)
(0.0142825 0 0)
(0.0142825 0 0)
(0.0142825 0 0)
(0.0142825 0 0)
(0.0142825 0 0)
(0.0142825 0 0)
(0.0142825 0 0)
(0.0142825 0 0)
(0.0142825 0 0)
(0.0142825 0 0)
(0.0142825 0 0)
(0.0142825 0 0)
(0.0142825 0 0)
(0.0142825 0 0)
(0.0142825 0 0)
(0.0142825 0 0)
(0.0142825 0 0)
(0.0142825 0 0)
(0.0142825 0 0)
(0.0142825 0 0)
(0.0142825 0 0)
(0.0142825 0 0)
)
;

boundaryField
{
    inlet
    {
        type            fixedValue;
        value           uniform (0 0 0);
    }
    outlet
    {
        type            zeroGradient;
    }
    yzfaces
    {
        type            empty;
    }
}


// ************************************************************************* //
