/*--------------------------------*- C++ -*----------------------------------*\
  =========                 |
  \\      /  F ield         | OpenFOAM: The Open Source CFD Toolbox
   \\    /   O peration     | Website:  https://openfoam.org
    \\  /    A nd           | Version:  10
     \\/     M anipulation  |
\*---------------------------------------------------------------------------*/
FoamFile
{
    format      ascii;
    class       volVectorField;
    location    "0.145";
    object      Ub;
}
// * * * * * * * * * * * * * * * * * * * * * * * * * * * * * * * * * * * * * //

dimensions      [0 1 -1 0 0 0 0];

internalField   nonuniform List<vector> 
100
(
(0.000147682 0 0)
(0.000444389 0 0)
(0.000744261 0 0)
(0.0010492 0 0)
(0.00136248 0 0)
(0.00168845 0 0)
(0.00203346 0 0)
(0.00240782 0 0)
(0.00283038 0 0)
(0.00334082 0 0)
(0.00404049 0 0)
(0.00527853 0 0)
(0.00862057 0 0)
(0.0127105 0 0)
(0.0142828 0 0)
(0.0142849 0 0)
(0.0142849 0 0)
(0.0142849 0 0)
(0.0142849 0 0)
(0.0142849 0 0)
(0.0142849 0 0)
(0.0142849 0 0)
(0.0142849 0 0)
(0.0142849 0 0)
(0.0142849 0 0)
(0.0142849 0 0)
(0.0142849 0 0)
(0.0142849 0 0)
(0.0142849 0 0)
(0.0142849 0 0)
(0.0142849 0 0)
(0.0142849 0 0)
(0.0142849 0 0)
(0.0142849 0 0)
(0.0142849 0 0)
(0.0142849 0 0)
(0.0142849 0 0)
(0.0142849 0 0)
(0.0142849 0 0)
(0.0142849 0 0)
(0.0142849 0 0)
(0.0142849 0 0)
(0.0142849 0 0)
(0.0142849 0 0)
(0.0142849 0 0)
(0.0142849 0 0)
(0.0142849 0 0)
(0.0142849 0 0)
(0.0142849 0 0)
(0.0142849 0 0)
(0.0142849 0 0)
(0.0142849 0 0)
(0.0142849 0 0)
(0.0142849 0 0)
(0.0142849 0 0)
(0.0142849 0 0)
(0.0142849 0 0)
(0.0142849 0 0)
(0.0142849 0 0)
(0.0142849 0 0)
(0.0142849 0 0)
(0.0142849 0 0)
(0.0142849 0 0)
(0.0142849 0 0)
(0.0142849 0 0)
(0.0142849 0 0)
(0.0142849 0 0)
(0.0142849 0 0)
(0.0142849 0 0)
(0.0142849 0 0)
(0.0142849 0 0)
(0.0142849 0 0)
(0.0142849 0 0)
(0.0142849 0 0)
(0.0142849 0 0)
(0.0142849 0 0)
(0.0142849 0 0)
(0.0142849 0 0)
(0.0142849 0 0)
(0.0142849 0 0)
(0.0142849 0 0)
(0.0142849 0 0)
(0.0142849 0 0)
(0.0142849 0 0)
(0.0142849 0 0)
(0.0142849 0 0)
(0.0142849 0 0)
(0.0142849 0 0)
(0.0142849 0 0)
(0.0142849 0 0)
(0.0142849 0 0)
(0.0142849 0 0)
(0.0142849 0 0)
(0.0142849 0 0)
(0.0142849 0 0)
(0.0142849 0 0)
(0.0142849 0 0)
(0.0142849 0 0)
(0.0142849 0 0)
(0.0142849 0 0)
)
;

boundaryField
{
    inlet
    {
        type            fixedValue;
        value           uniform (0 0 0);
    }
    outlet
    {
        type            zeroGradient;
    }
    yzfaces
    {
        type            empty;
    }
}


// ************************************************************************* //
