/*--------------------------------*- C++ -*----------------------------------*\
  =========                 |
  \\      /  F ield         | OpenFOAM: The Open Source CFD Toolbox
   \\    /   O peration     | Website:  https://openfoam.org
    \\  /    A nd           | Version:  10
     \\/     M anipulation  |
\*---------------------------------------------------------------------------*/
FoamFile
{
    format      ascii;
    class       volVectorField;
    location    "0.94";
    object      Ua;
}
// * * * * * * * * * * * * * * * * * * * * * * * * * * * * * * * * * * * * * //

dimensions      [0 1 -1 0 0 0 0];

internalField   nonuniform List<vector> 
100
(
(0.00711871 0 0)
(0.014215 0 0)
(0.0141698 0 0)
(0.0141242 0 0)
(0.0140786 0 0)
(0.014033 0 0)
(0.0139874 0 0)
(0.013942 0 0)
(0.0138966 0 0)
(0.0138513 0 0)
(0.0138061 0 0)
(0.0137609 0 0)
(0.0137159 0 0)
(0.0136708 0 0)
(0.0136258 0 0)
(0.0135808 0 0)
(0.0135359 0 0)
(0.0134909 0 0)
(0.0134459 0 0)
(0.0134009 0 0)
(0.0133559 0 0)
(0.0133109 0 0)
(0.0132658 0 0)
(0.0132206 0 0)
(0.0131754 0 0)
(0.0131302 0 0)
(0.0130848 0 0)
(0.0130394 0 0)
(0.0129939 0 0)
(0.0129482 0 0)
(0.0129025 0 0)
(0.0128566 0 0)
(0.0128106 0 0)
(0.0127644 0 0)
(0.0127181 0 0)
(0.0126716 0 0)
(0.012625 0 0)
(0.0125782 0 0)
(0.0125311 0 0)
(0.0124839 0 0)
(0.0124364 0 0)
(0.0123886 0 0)
(0.0123406 0 0)
(0.0122923 0 0)
(0.0122437 0 0)
(0.0121948 0 0)
(0.0121455 0 0)
(0.0120959 0 0)
(0.0120458 0 0)
(0.0119953 0 0)
(0.0119443 0 0)
(0.0118927 0 0)
(0.0118405 0 0)
(0.0117877 0 0)
(0.0117341 0 0)
(0.0116797 0 0)
(0.0116244 0 0)
(0.011568 0 0)
(0.0115103 0 0)
(0.0114513 0 0)
(0.0113905 0 0)
(0.0113278 0 0)
(0.0112627 0 0)
(0.0111947 0 0)
(0.0111231 0 0)
(0.0110469 0 0)
(0.0109647 0 0)
(0.0108747 0 0)
(0.0107738 0 0)
(0.0106574 0 0)
(0.0105175 0 0)
(0.01034 0 0)
(0.010096 0 0)
(0.00971766 0 0)
(0.00900169 0 0)
(0.00707019 0 0)
(0.00290503 0 0)
(9.50994e-05 0 0)
(2.63033e-11 0 0)
(0 0 0)
(0 0 0)
(0 0 0)
(0 0 0)
(0 0 0)
(0 0 0)
(0 0 0)
(0 0 0)
(0 0 0)
(0 0 0)
(0 0 0)
(0 0 0)
(0 0 0)
(0 0 0)
(0 0 0)
(0 0 0)
(0 0 0)
(0 0 0)
(0 0 0)
(0 0 0)
(0 0 0)
)
;

boundaryField
{
    inlet
    {
        type            fixedValue;
        value           uniform (0 0 0);
    }
    outlet
    {
        type            zeroGradient;
    }
    yzfaces
    {
        type            empty;
    }
}


// ************************************************************************* //
