/*--------------------------------*- C++ -*----------------------------------*\
  =========                 |
  \\      /  F ield         | OpenFOAM: The Open Source CFD Toolbox
   \\    /   O peration     | Website:  https://openfoam.org
    \\  /    A nd           | Version:  10
     \\/     M anipulation  |
\*---------------------------------------------------------------------------*/
FoamFile
{
    format      ascii;
    class       volVectorField;
    location    "0.94";
    object      Ub;
}
// * * * * * * * * * * * * * * * * * * * * * * * * * * * * * * * * * * * * * //

dimensions      [0 1 -1 0 0 0 0];

internalField   nonuniform List<vector> 
100
(
(2.14605e-05 0 0)
(6.53745e-05 0 0)
(0.000110567 0 0)
(0.000156126 0 0)
(0.000201767 0 0)
(0.000247383 0 0)
(0.000292928 0 0)
(0.000338387 0 0)
(0.000383758 0 0)
(0.000429045 0 0)
(0.000474256 0 0)
(0.0005194 0 0)
(0.000564488 0 0)
(0.000609532 0 0)
(0.00065454 0 0)
(0.000699524 0 0)
(0.000744494 0 0)
(0.00078946 0 0)
(0.000834432 0 0)
(0.00087942 0 0)
(0.000924432 0 0)
(0.000969478 0 0)
(0.00101457 0 0)
(0.00105971 0 0)
(0.00110491 0 0)
(0.00115018 0 0)
(0.00119553 0 0)
(0.00124096 0 0)
(0.0012865 0 0)
(0.00133213 0 0)
(0.00137788 0 0)
(0.00142376 0 0)
(0.00146977 0 0)
(0.00151592 0 0)
(0.00156223 0 0)
(0.0016087 0 0)
(0.00165535 0 0)
(0.00170219 0 0)
(0.00174923 0 0)
(0.00179649 0 0)
(0.00184398 0 0)
(0.00189172 0 0)
(0.00193972 0 0)
(0.00198801 0 0)
(0.0020366 0 0)
(0.00208552 0 0)
(0.0021348 0 0)
(0.00218446 0 0)
(0.00223454 0 0)
(0.00228507 0 0)
(0.00233609 0 0)
(0.00238766 0 0)
(0.00243983 0 0)
(0.00249266 0 0)
(0.00254623 0 0)
(0.00260063 0 0)
(0.00265597 0 0)
(0.00271238 0 0)
(0.00277002 0 0)
(0.00282909 0 0)
(0.00288982 0 0)
(0.00295254 0 0)
(0.00301765 0 0)
(0.00308566 0 0)
(0.00315729 0 0)
(0.00323349 0 0)
(0.00331562 0 0)
(0.00340566 0 0)
(0.00350655 0 0)
(0.00362299 0 0)
(0.00376284 0 0)
(0.00394037 0 0)
(0.00418438 0 0)
(0.00456269 0 0)
(0.00527866 0 0)
(0.00721016 0 0)
(0.0113753 0 0)
(0.0141852 0 0)
(0.0142803 0 0)
(0.0142803 0 0)
(0.0142803 0 0)
(0.0142803 0 0)
(0.0142803 0 0)
(0.0142803 0 0)
(0.0142803 0 0)
(0.0142803 0 0)
(0.0142803 0 0)
(0.0142803 0 0)
(0.0142803 0 0)
(0.0142803 0 0)
(0.0142803 0 0)
(0.0142803 0 0)
(0.0142803 0 0)
(0.0142803 0 0)
(0.0142803 0 0)
(0.0142803 0 0)
(0.0142803 0 0)
(0.0142803 0 0)
(0.0142803 0 0)
(0.0142803 0 0)
)
;

boundaryField
{
    inlet
    {
        type            fixedValue;
        value           uniform (0 0 0);
    }
    outlet
    {
        type            zeroGradient;
    }
    yzfaces
    {
        type            empty;
    }
}


// ************************************************************************* //
