/*--------------------------------*- C++ -*----------------------------------*\
  =========                 |
  \\      /  F ield         | OpenFOAM: The Open Source CFD Toolbox
   \\    /   O peration     | Website:  https://openfoam.org
    \\  /    A nd           | Version:  10
     \\/     M anipulation  |
\*---------------------------------------------------------------------------*/
FoamFile
{
    format      ascii;
    class       volVectorField;
    location    "1.32";
    object      Ua;
}
// * * * * * * * * * * * * * * * * * * * * * * * * * * * * * * * * * * * * * //

dimensions      [0 1 -1 0 0 0 0];

internalField   nonuniform List<vector> 
100
(
(0.00712417 0 0)
(0.0142325 0 0)
(0.0142006 0 0)
(0.0141683 0 0)
(0.0141358 0 0)
(0.0141032 0 0)
(0.0140707 0 0)
(0.0140382 0 0)
(0.0140057 0 0)
(0.0139733 0 0)
(0.0139409 0 0)
(0.0139086 0 0)
(0.0138763 0 0)
(0.0138441 0 0)
(0.013812 0 0)
(0.0137798 0 0)
(0.0137478 0 0)
(0.0137157 0 0)
(0.0136837 0 0)
(0.0136517 0 0)
(0.0136197 0 0)
(0.0135877 0 0)
(0.0135558 0 0)
(0.0135238 0 0)
(0.0134919 0 0)
(0.01346 0 0)
(0.013428 0 0)
(0.0133961 0 0)
(0.0133642 0 0)
(0.0133322 0 0)
(0.0133002 0 0)
(0.0132682 0 0)
(0.0132362 0 0)
(0.0132042 0 0)
(0.0131722 0 0)
(0.0131401 0 0)
(0.0131079 0 0)
(0.0130758 0 0)
(0.0130436 0 0)
(0.0130114 0 0)
(0.0129791 0 0)
(0.0129468 0 0)
(0.0129144 0 0)
(0.0128819 0 0)
(0.0128495 0 0)
(0.0128169 0 0)
(0.0127843 0 0)
(0.0127516 0 0)
(0.0127189 0 0)
(0.0126861 0 0)
(0.0126532 0 0)
(0.0126202 0 0)
(0.0125871 0 0)
(0.012554 0 0)
(0.0125207 0 0)
(0.0124874 0 0)
(0.0124539 0 0)
(0.0124204 0 0)
(0.0123867 0 0)
(0.012353 0 0)
(0.0123191 0 0)
(0.012285 0 0)
(0.0122509 0 0)
(0.0122166 0 0)
(0.0121821 0 0)
(0.0121475 0 0)
(0.0121127 0 0)
(0.0120777 0 0)
(0.0120426 0 0)
(0.0120073 0 0)
(0.0119717 0 0)
(0.0119359 0 0)
(0.0118999 0 0)
(0.0118637 0 0)
(0.0118271 0 0)
(0.0117903 0 0)
(0.0117531 0 0)
(0.0117156 0 0)
(0.0116778 0 0)
(0.0116395 0 0)
(0.0116008 0 0)
(0.0115615 0 0)
(0.0115218 0 0)
(0.0114814 0 0)
(0.0114403 0 0)
(0.0113985 0 0)
(0.0113557 0 0)
(0.011312 0 0)
(0.0112671 0 0)
(0.0112209 0 0)
(0.011173 0 0)
(0.0111233 0 0)
(0.0110712 0 0)
(0.0110164 0 0)
(0.010958 0 0)
(0.0108951 0 0)
(0.0108265 0 0)
(0.0107501 0 0)
(0.0106632 0 0)
(0.0105611 0 0)
)
;

boundaryField
{
    inlet
    {
        type            fixedValue;
        value           uniform (0 0 0);
    }
    outlet
    {
        type            zeroGradient;
    }
    yzfaces
    {
        type            empty;
    }
}


// ************************************************************************* //
