/*--------------------------------*- C++ -*----------------------------------*\
  =========                 |
  \\      /  F ield         | OpenFOAM: The Open Source CFD Toolbox
   \\    /   O peration     | Website:  https://openfoam.org
    \\  /    A nd           | Version:  10
     \\/     M anipulation  |
\*---------------------------------------------------------------------------*/
FoamFile
{
    format      ascii;
    class       volVectorField;
    location    "1.32";
    object      Ub;
}
// * * * * * * * * * * * * * * * * * * * * * * * * * * * * * * * * * * * * * //

dimensions      [0 1 -1 0 0 0 0];

internalField   nonuniform List<vector> 
100
(
(1.49176e-05 0 0)
(4.56362e-05 0 0)
(7.75439e-05 0 0)
(0.000109879 0 0)
(0.00014238 0 0)
(0.000174933 0 0)
(0.000207483 0 0)
(0.000240001 0 0)
(0.000272473 0 0)
(0.000304892 0 0)
(0.000337257 0 0)
(0.000369568 0 0)
(0.000401828 0 0)
(0.000434039 0 0)
(0.000466205 0 0)
(0.000498329 0 0)
(0.000530417 0 0)
(0.000562471 0 0)
(0.000594497 0 0)
(0.000626498 0 0)
(0.000658478 0 0)
(0.000690441 0 0)
(0.00072239 0 0)
(0.000754331 0 0)
(0.000786265 0 0)
(0.000818197 0 0)
(0.00085013 0 0)
(0.000882067 0 0)
(0.000914012 0 0)
(0.000945968 0 0)
(0.000977938 0 0)
(0.00100993 0 0)
(0.00104193 0 0)
(0.00107397 0 0)
(0.00110602 0 0)
(0.00113811 0 0)
(0.00117023 0 0)
(0.00120238 0 0)
(0.00123458 0 0)
(0.00126681 0 0)
(0.00129909 0 0)
(0.00133142 0 0)
(0.0013638 0 0)
(0.00139623 0 0)
(0.00142871 0 0)
(0.00146126 0 0)
(0.00149387 0 0)
(0.00152655 0 0)
(0.0015593 0 0)
(0.00159212 0 0)
(0.00162501 0 0)
(0.00165799 0 0)
(0.00169105 0 0)
(0.0017242 0 0)
(0.00175745 0 0)
(0.00179079 0 0)
(0.00182423 0 0)
(0.00185778 0 0)
(0.00189144 0 0)
(0.00192522 0 0)
(0.00195912 0 0)
(0.00199315 0 0)
(0.00202732 0 0)
(0.00206162 0 0)
(0.00209608 0 0)
(0.0021307 0 0)
(0.00216548 0 0)
(0.00220043 0 0)
(0.00223558 0 0)
(0.00227092 0 0)
(0.00230647 0 0)
(0.00234224 0 0)
(0.00237825 0 0)
(0.00241452 0 0)
(0.00245106 0 0)
(0.00248789 0 0)
(0.00252504 0 0)
(0.00256254 0 0)
(0.00260041 0 0)
(0.00263869 0 0)
(0.00267742 0 0)
(0.00271664 0 0)
(0.00275641 0 0)
(0.0027968 0 0)
(0.00283787 0 0)
(0.00287971 0 0)
(0.00292243 0 0)
(0.00296616 0 0)
(0.00301105 0 0)
(0.00305729 0 0)
(0.00310514 0 0)
(0.00315489 0 0)
(0.00320694 0 0)
(0.00326181 0 0)
(0.0033202 0 0)
(0.00338304 0 0)
(0.00345168 0 0)
(0.00352803 0 0)
(0.00361499 0 0)
(0.00371711 0 0)
)
;

boundaryField
{
    inlet
    {
        type            fixedValue;
        value           uniform (0 0 0);
    }
    outlet
    {
        type            zeroGradient;
    }
    yzfaces
    {
        type            empty;
    }
}


// ************************************************************************* //
