/*--------------------------------*- C++ -*----------------------------------*\
  =========                 |
  \\      /  F ield         | OpenFOAM: The Open Source CFD Toolbox
   \\    /   O peration     | Website:  https://openfoam.org
    \\  /    A nd           | Version:  10
     \\/     M anipulation  |
\*---------------------------------------------------------------------------*/
FoamFile
{
    format      ascii;
    class       volVectorField;
    location    "0.13";
    object      Ub;
}
// * * * * * * * * * * * * * * * * * * * * * * * * * * * * * * * * * * * * * //

dimensions      [0 1 -1 0 0 0 0];

internalField   nonuniform List<vector> 
100
(
(0.000165038 0 0)
(0.000496943 0 0)
(0.0008336 0 0)
(0.00117828 0 0)
(0.00153612 0 0)
(0.00191451 0 0)
(0.00232541 0 0)
(0.00279106 0 0)
(0.00335972 0 0)
(0.00416146 0 0)
(0.00568593 0 0)
(0.00973365 0 0)
(0.0135125 0 0)
(0.0142849 0 0)
(0.014285 0 0)
(0.014285 0 0)
(0.014285 0 0)
(0.014285 0 0)
(0.014285 0 0)
(0.014285 0 0)
(0.014285 0 0)
(0.014285 0 0)
(0.014285 0 0)
(0.014285 0 0)
(0.014285 0 0)
(0.014285 0 0)
(0.014285 0 0)
(0.014285 0 0)
(0.014285 0 0)
(0.014285 0 0)
(0.014285 0 0)
(0.014285 0 0)
(0.014285 0 0)
(0.014285 0 0)
(0.014285 0 0)
(0.014285 0 0)
(0.014285 0 0)
(0.014285 0 0)
(0.014285 0 0)
(0.014285 0 0)
(0.014285 0 0)
(0.014285 0 0)
(0.014285 0 0)
(0.014285 0 0)
(0.014285 0 0)
(0.014285 0 0)
(0.014285 0 0)
(0.014285 0 0)
(0.014285 0 0)
(0.014285 0 0)
(0.014285 0 0)
(0.014285 0 0)
(0.014285 0 0)
(0.014285 0 0)
(0.014285 0 0)
(0.014285 0 0)
(0.014285 0 0)
(0.014285 0 0)
(0.014285 0 0)
(0.014285 0 0)
(0.014285 0 0)
(0.014285 0 0)
(0.014285 0 0)
(0.014285 0 0)
(0.014285 0 0)
(0.014285 0 0)
(0.014285 0 0)
(0.014285 0 0)
(0.014285 0 0)
(0.014285 0 0)
(0.014285 0 0)
(0.014285 0 0)
(0.014285 0 0)
(0.014285 0 0)
(0.014285 0 0)
(0.014285 0 0)
(0.014285 0 0)
(0.014285 0 0)
(0.014285 0 0)
(0.014285 0 0)
(0.014285 0 0)
(0.014285 0 0)
(0.014285 0 0)
(0.014285 0 0)
(0.014285 0 0)
(0.014285 0 0)
(0.014285 0 0)
(0.014285 0 0)
(0.014285 0 0)
(0.014285 0 0)
(0.014285 0 0)
(0.014285 0 0)
(0.014285 0 0)
(0.014285 0 0)
(0.014285 0 0)
(0.014285 0 0)
(0.014285 0 0)
(0.014285 0 0)
(0.014285 0 0)
(0.014285 0 0)
)
;

boundaryField
{
    inlet
    {
        type            fixedValue;
        value           uniform (0 0 0);
    }
    outlet
    {
        type            zeroGradient;
    }
    yzfaces
    {
        type            empty;
    }
}


// ************************************************************************* //
