/*--------------------------------*- C++ -*----------------------------------*\
  =========                 |
  \\      /  F ield         | OpenFOAM: The Open Source CFD Toolbox
   \\    /   O peration     | Website:  https://openfoam.org
    \\  /    A nd           | Version:  10
     \\/     M anipulation  |
\*---------------------------------------------------------------------------*/
FoamFile
{
    format      ascii;
    class       volVectorField;
    location    "0.64";
    object      Ua;
}
// * * * * * * * * * * * * * * * * * * * * * * * * * * * * * * * * * * * * * //

dimensions      [0 1 -1 0 0 0 0];

internalField   nonuniform List<vector> 
100
(
(0.00710884 0 0)
(0.0141844 0 0)
(0.0141177 0 0)
(0.0140508 0 0)
(0.0139839 0 0)
(0.0139172 0 0)
(0.0138506 0 0)
(0.0137841 0 0)
(0.0137177 0 0)
(0.0136514 0 0)
(0.0135851 0 0)
(0.0135188 0 0)
(0.0134524 0 0)
(0.013386 0 0)
(0.0133196 0 0)
(0.0132529 0 0)
(0.0131862 0 0)
(0.0131192 0 0)
(0.0130521 0 0)
(0.0129847 0 0)
(0.012917 0 0)
(0.012849 0 0)
(0.0127806 0 0)
(0.0127119 0 0)
(0.0126428 0 0)
(0.0125731 0 0)
(0.012503 0 0)
(0.0124323 0 0)
(0.0123609 0 0)
(0.0122888 0 0)
(0.012216 0 0)
(0.0121422 0 0)
(0.0120675 0 0)
(0.0119917 0 0)
(0.0119145 0 0)
(0.0118359 0 0)
(0.0117556 0 0)
(0.0116732 0 0)
(0.0115885 0 0)
(0.0115008 0 0)
(0.0114097 0 0)
(0.011314 0 0)
(0.0112127 0 0)
(0.0111038 0 0)
(0.0109847 0 0)
(0.0108512 0 0)
(0.0106963 0 0)
(0.0105075 0 0)
(0.0102604 0 0)
(0.00989958 0 0)
(0.0092687 0 0)
(0.00774437 0 0)
(0.00367661 0 0)
(0.000360467 0 0)
(4.01263e-09 0 0)
(0 0 0)
(0 0 0)
(0 0 0)
(0 0 0)
(0 0 0)
(0 0 0)
(0 0 0)
(0 0 0)
(0 0 0)
(0 0 0)
(0 0 0)
(0 0 0)
(0 0 0)
(0 0 0)
(0 0 0)
(0 0 0)
(0 0 0)
(0 0 0)
(0 0 0)
(0 0 0)
(0 0 0)
(0 0 0)
(0 0 0)
(0 0 0)
(0 0 0)
(0 0 0)
(0 0 0)
(0 0 0)
(0 0 0)
(0 0 0)
(0 0 0)
(0 0 0)
(0 0 0)
(0 0 0)
(0 0 0)
(0 0 0)
(0 0 0)
(0 0 0)
(0 0 0)
(0 0 0)
(0 0 0)
(0 0 0)
(0 0 0)
(0 0 0)
(0 0 0)
)
;

boundaryField
{
    inlet
    {
        type            fixedValue;
        value           uniform (0 0 0);
    }
    outlet
    {
        type            zeroGradient;
    }
    yzfaces
    {
        type            empty;
    }
}


// ************************************************************************* //
