/*--------------------------------*- C++ -*----------------------------------*\
  =========                 |
  \\      /  F ield         | OpenFOAM: The Open Source CFD Toolbox
   \\    /   O peration     | Website:  https://openfoam.org
    \\  /    A nd           | Version:  10
     \\/     M anipulation  |
\*---------------------------------------------------------------------------*/
FoamFile
{
    format      ascii;
    class       volVectorField;
    location    "0.64";
    object      Ub;
}
// * * * * * * * * * * * * * * * * * * * * * * * * * * * * * * * * * * * * * //

dimensions      [0 1 -1 0 0 0 0];

internalField   nonuniform List<vector> 
100
(
(3.21885e-05 0 0)
(9.76237e-05 0 0)
(0.00016433 0 0)
(0.000231254 0 0)
(0.000298125 0 0)
(0.000364868 0 0)
(0.000431474 0 0)
(0.00049796 0 0)
(0.000564353 0 0)
(0.000630683 0 0)
(0.000696983 0 0)
(0.000763283 0 0)
(0.000829616 0 0)
(0.000896012 0 0)
(0.000962501 0 0)
(0.00102911 0 0)
(0.00109588 0 0)
(0.00116283 0 0)
(0.00122999 0 0)
(0.0012974 0 0)
(0.00136508 0 0)
(0.00143308 0 0)
(0.00150142 0 0)
(0.00157015 0 0)
(0.00163931 0 0)
(0.00170893 0 0)
(0.00177908 0 0)
(0.0018498 0 0)
(0.00192116 0 0)
(0.00199323 0 0)
(0.00206608 0 0)
(0.00213982 0 0)
(0.00221455 0 0)
(0.00229041 0 0)
(0.00236755 0 0)
(0.00244616 0 0)
(0.00252649 0 0)
(0.00260884 0 0)
(0.00269358 0 0)
(0.00278121 0 0)
(0.0028724 0 0)
(0.00296805 0 0)
(0.0030694 0 0)
(0.00317827 0 0)
(0.00329735 0 0)
(0.00343086 0 0)
(0.00358578 0 0)
(0.00377455 0 0)
(0.00402163 0 0)
(0.00438248 0 0)
(0.00501336 0 0)
(0.00653769 0 0)
(0.0106054 0 0)
(0.0139216 0 0)
(0.0142821 0 0)
(0.0142821 0 0)
(0.0142821 0 0)
(0.0142821 0 0)
(0.0142821 0 0)
(0.0142821 0 0)
(0.0142821 0 0)
(0.0142821 0 0)
(0.0142821 0 0)
(0.0142821 0 0)
(0.0142821 0 0)
(0.0142821 0 0)
(0.0142821 0 0)
(0.0142821 0 0)
(0.0142821 0 0)
(0.0142821 0 0)
(0.0142821 0 0)
(0.0142821 0 0)
(0.0142821 0 0)
(0.0142821 0 0)
(0.0142821 0 0)
(0.0142821 0 0)
(0.0142821 0 0)
(0.0142821 0 0)
(0.0142821 0 0)
(0.0142821 0 0)
(0.0142821 0 0)
(0.0142821 0 0)
(0.0142821 0 0)
(0.0142821 0 0)
(0.0142821 0 0)
(0.0142821 0 0)
(0.0142821 0 0)
(0.0142821 0 0)
(0.0142821 0 0)
(0.0142821 0 0)
(0.0142821 0 0)
(0.0142821 0 0)
(0.0142821 0 0)
(0.0142821 0 0)
(0.0142821 0 0)
(0.0142821 0 0)
(0.0142821 0 0)
(0.0142821 0 0)
(0.0142821 0 0)
(0.0142821 0 0)
)
;

boundaryField
{
    inlet
    {
        type            fixedValue;
        value           uniform (0 0 0);
    }
    outlet
    {
        type            zeroGradient;
    }
    yzfaces
    {
        type            empty;
    }
}


// ************************************************************************* //
