/*--------------------------------*- C++ -*----------------------------------*\
  =========                 |
  \\      /  F ield         | OpenFOAM: The Open Source CFD Toolbox
   \\    /   O peration     | Website:  https://openfoam.org
    \\  /    A nd           | Version:  10
     \\/     M anipulation  |
\*---------------------------------------------------------------------------*/
FoamFile
{
    format      ascii;
    class       volVectorField;
    location    "0.91";
    object      Ua;
}
// * * * * * * * * * * * * * * * * * * * * * * * * * * * * * * * * * * * * * //

dimensions      [0 1 -1 0 0 0 0];

internalField   nonuniform List<vector> 
100
(
(0.00711805 0 0)
(0.0142129 0 0)
(0.0141662 0 0)
(0.0141191 0 0)
(0.014072 0 0)
(0.0140249 0 0)
(0.0139778 0 0)
(0.0139309 0 0)
(0.013884 0 0)
(0.0138373 0 0)
(0.0137906 0 0)
(0.013744 0 0)
(0.0136974 0 0)
(0.0136509 0 0)
(0.0136044 0 0)
(0.0135579 0 0)
(0.0135115 0 0)
(0.013465 0 0)
(0.0134185 0 0)
(0.013372 0 0)
(0.0133255 0 0)
(0.0132789 0 0)
(0.0132323 0 0)
(0.0131856 0 0)
(0.0131388 0 0)
(0.013092 0 0)
(0.013045 0 0)
(0.012998 0 0)
(0.0129508 0 0)
(0.0129035 0 0)
(0.0128561 0 0)
(0.0128085 0 0)
(0.0127608 0 0)
(0.0127129 0 0)
(0.0126649 0 0)
(0.0126166 0 0)
(0.0125681 0 0)
(0.0125194 0 0)
(0.0124705 0 0)
(0.0124213 0 0)
(0.0123719 0 0)
(0.0123221 0 0)
(0.012272 0 0)
(0.0122216 0 0)
(0.0121708 0 0)
(0.0121197 0 0)
(0.012068 0 0)
(0.012016 0 0)
(0.0119634 0 0)
(0.0119102 0 0)
(0.0118564 0 0)
(0.0118019 0 0)
(0.0117466 0 0)
(0.0116905 0 0)
(0.0116333 0 0)
(0.0115751 0 0)
(0.0115155 0 0)
(0.0114544 0 0)
(0.0113915 0 0)
(0.0113265 0 0)
(0.0112589 0 0)
(0.0111882 0 0)
(0.0111135 0 0)
(0.0110338 0 0)
(0.0109475 0 0)
(0.0108523 0 0)
(0.0107447 0 0)
(0.0106192 0 0)
(0.0104659 0 0)
(0.0102665 0 0)
(0.00998218 0 0)
(0.009514 0 0)
(0.00852541 0 0)
(0.00551406 0 0)
(0.00159938 0 0)
(2.77997e-06 0 0)
(8.50015e-17 0 0)
(0 0 0)
(0 0 0)
(0 0 0)
(0 0 0)
(0 0 0)
(0 0 0)
(0 0 0)
(0 0 0)
(0 0 0)
(0 0 0)
(0 0 0)
(0 0 0)
(0 0 0)
(0 0 0)
(0 0 0)
(0 0 0)
(0 0 0)
(0 0 0)
(0 0 0)
(0 0 0)
(0 0 0)
(0 0 0)
(0 0 0)
)
;

boundaryField
{
    inlet
    {
        type            fixedValue;
        value           uniform (0 0 0);
    }
    outlet
    {
        type            zeroGradient;
    }
    yzfaces
    {
        type            empty;
    }
}


// ************************************************************************* //
