/*--------------------------------*- C++ -*----------------------------------*\
  =========                 |
  \\      /  F ield         | OpenFOAM: The Open Source CFD Toolbox
   \\    /   O peration     | Website:  https://openfoam.org
    \\  /    A nd           | Version:  10
     \\/     M anipulation  |
\*---------------------------------------------------------------------------*/
FoamFile
{
    format      ascii;
    class       volVectorField;
    location    "0.91";
    object      Ub;
}
// * * * * * * * * * * * * * * * * * * * * * * * * * * * * * * * * * * * * * //

dimensions      [0 1 -1 0 0 0 0];

internalField   nonuniform List<vector> 
100
(
(2.22128e-05 0 0)
(6.764e-05 0 0)
(0.00011435 0 0)
(0.000161417 0 0)
(0.000208557 0 0)
(0.000255662 0 0)
(0.00030269 0 0)
(0.000349627 0 0)
(0.000396472 0 0)
(0.000443232 0 0)
(0.000489915 0 0)
(0.000536533 0 0)
(0.000583096 0 0)
(0.000629617 0 0)
(0.000676108 0 0)
(0.000722578 0 0)
(0.000769041 0 0)
(0.000815506 0 0)
(0.000861985 0 0)
(0.000908487 0 0)
(0.000955023 0 0)
(0.0010016 0 0)
(0.00104824 0 0)
(0.00109493 0 0)
(0.00114171 0 0)
(0.00118856 0 0)
(0.00123551 0 0)
(0.00128256 0 0)
(0.00132972 0 0)
(0.001377 0 0)
(0.00142442 0 0)
(0.00147199 0 0)
(0.00151971 0 0)
(0.0015676 0 0)
(0.00161567 0 0)
(0.00166393 0 0)
(0.0017124 0 0)
(0.00176109 0 0)
(0.00181002 0 0)
(0.0018592 0 0)
(0.00190866 0 0)
(0.00195842 0 0)
(0.00200849 0 0)
(0.0020589 0 0)
(0.00210968 0 0)
(0.00216086 0 0)
(0.00221247 0 0)
(0.00226455 0 0)
(0.00231715 0 0)
(0.00237032 0 0)
(0.00242412 0 0)
(0.00247862 0 0)
(0.00253389 0 0)
(0.00259004 0 0)
(0.00264718 0 0)
(0.00270545 0 0)
(0.00276502 0 0)
(0.00282612 0 0)
(0.002889 0 0)
(0.002954 0 0)
(0.00302158 0 0)
(0.00309232 0 0)
(0.00316701 0 0)
(0.00324673 0 0)
(0.00333304 0 0)
(0.00342822 0 0)
(0.00353577 0 0)
(0.00366134 0 0)
(0.00381465 0 0)
(0.00401402 0 0)
(0.00429833 0 0)
(0.00476651 0 0)
(0.0057551 0 0)
(0.00876646 0 0)
(0.0126811 0 0)
(0.0142777 0 0)
(0.0142805 0 0)
(0.0142805 0 0)
(0.0142805 0 0)
(0.0142805 0 0)
(0.0142805 0 0)
(0.0142805 0 0)
(0.0142805 0 0)
(0.0142805 0 0)
(0.0142805 0 0)
(0.0142805 0 0)
(0.0142805 0 0)
(0.0142805 0 0)
(0.0142805 0 0)
(0.0142805 0 0)
(0.0142805 0 0)
(0.0142805 0 0)
(0.0142805 0 0)
(0.0142805 0 0)
(0.0142805 0 0)
(0.0142805 0 0)
(0.0142805 0 0)
(0.0142805 0 0)
(0.0142805 0 0)
(0.0142805 0 0)
)
;

boundaryField
{
    inlet
    {
        type            fixedValue;
        value           uniform (0 0 0);
    }
    outlet
    {
        type            zeroGradient;
    }
    yzfaces
    {
        type            empty;
    }
}


// ************************************************************************* //
