/*--------------------------------*- C++ -*----------------------------------*\
  =========                 |
  \\      /  F ield         | OpenFOAM: The Open Source CFD Toolbox
   \\    /   O peration     | Website:  https://openfoam.org
    \\  /    A nd           | Version:  10
     \\/     M anipulation  |
\*---------------------------------------------------------------------------*/
FoamFile
{
    format      ascii;
    class       volVectorField;
    location    "0.445";
    object      Ua;
}
// * * * * * * * * * * * * * * * * * * * * * * * * * * * * * * * * * * * * * //

dimensions      [0 1 -1 0 0 0 0];

internalField   nonuniform List<vector> 
100
(
(0.00709462 0 0)
(0.0141412 0 0)
(0.0140451 0 0)
(0.013949 0 0)
(0.0138531 0 0)
(0.0137572 0 0)
(0.0136615 0 0)
(0.0135657 0 0)
(0.0134699 0 0)
(0.0133738 0 0)
(0.0132774 0 0)
(0.0131807 0 0)
(0.0130835 0 0)
(0.0129857 0 0)
(0.0128872 0 0)
(0.0127879 0 0)
(0.0126876 0 0)
(0.0125863 0 0)
(0.0124838 0 0)
(0.0123797 0 0)
(0.012274 0 0)
(0.0121664 0 0)
(0.0120564 0 0)
(0.0119436 0 0)
(0.0118275 0 0)
(0.0117072 0 0)
(0.0115817 0 0)
(0.0114495 0 0)
(0.0113084 0 0)
(0.0111549 0 0)
(0.0109837 0 0)
(0.0107856 0 0)
(0.0105432 0 0)
(0.0102201 0 0)
(0.00972548 0 0)
(0.00875805 0 0)
(0.00594893 0 0)
(0.00190715 0 0)
(6.89439e-06 0 0)
(1.97238e-15 0 0)
(0 0 0)
(0 0 0)
(0 0 0)
(0 0 0)
(0 0 0)
(0 0 0)
(0 0 0)
(0 0 0)
(0 0 0)
(0 0 0)
(0 0 0)
(0 0 0)
(0 0 0)
(0 0 0)
(0 0 0)
(0 0 0)
(0 0 0)
(0 0 0)
(0 0 0)
(0 0 0)
(0 0 0)
(0 0 0)
(0 0 0)
(0 0 0)
(0 0 0)
(0 0 0)
(0 0 0)
(0 0 0)
(0 0 0)
(0 0 0)
(0 0 0)
(0 0 0)
(0 0 0)
(0 0 0)
(0 0 0)
(0 0 0)
(0 0 0)
(0 0 0)
(0 0 0)
(0 0 0)
(0 0 0)
(0 0 0)
(0 0 0)
(0 0 0)
(0 0 0)
(0 0 0)
(0 0 0)
(0 0 0)
(0 0 0)
(0 0 0)
(0 0 0)
(0 0 0)
(0 0 0)
(0 0 0)
(0 0 0)
(0 0 0)
(0 0 0)
(0 0 0)
(0 0 0)
(0 0 0)
)
;

boundaryField
{
    inlet
    {
        type            fixedValue;
        value           uniform (0 0 0);
    }
    outlet
    {
        type            zeroGradient;
    }
    yzfaces
    {
        type            empty;
    }
}


// ************************************************************************* //
