/*--------------------------------*- C++ -*----------------------------------*\
  =========                 |
  \\      /  F ield         | OpenFOAM: The Open Source CFD Toolbox
   \\    /   O peration     | Website:  https://openfoam.org
    \\  /    A nd           | Version:  10
     \\/     M anipulation  |
\*---------------------------------------------------------------------------*/
FoamFile
{
    format      ascii;
    class       volVectorField;
    location    "0.445";
    object      Ub;
}
// * * * * * * * * * * * * * * * * * * * * * * * * * * * * * * * * * * * * * //

dimensions      [0 1 -1 0 0 0 0];

internalField   nonuniform List<vector> 
100
(
(4.69675e-05 0 0)
(0.000141932 0 0)
(0.000238026 0 0)
(0.00033415 0 0)
(0.000430117 0 0)
(0.000525939 0 0)
(0.000621687 0 0)
(0.000717447 0 0)
(0.000813312 0 0)
(0.000909375 0 0)
(0.00100573 0 0)
(0.00110247 0 0)
(0.00119969 0 0)
(0.00129749 0 0)
(0.00139599 0 0)
(0.00149529 0 0)
(0.00159553 0 0)
(0.00169685 0 0)
(0.00179941 0 0)
(0.00190343 0 0)
(0.00200913 0 0)
(0.00211679 0 0)
(0.00222678 0 0)
(0.00233955 0 0)
(0.00245567 0 0)
(0.00257595 0 0)
(0.00270144 0 0)
(0.00283367 0 0)
(0.00297482 0 0)
(0.00312828 0 0)
(0.00329945 0 0)
(0.00349759 0 0)
(0.00374 0 0)
(0.00406304 0 0)
(0.00455769 0 0)
(0.00552512 0 0)
(0.00833424 0 0)
(0.012376 0 0)
(0.0142763 0 0)
(0.0142832 0 0)
(0.0142832 0 0)
(0.0142832 0 0)
(0.0142832 0 0)
(0.0142832 0 0)
(0.0142832 0 0)
(0.0142832 0 0)
(0.0142832 0 0)
(0.0142832 0 0)
(0.0142832 0 0)
(0.0142832 0 0)
(0.0142832 0 0)
(0.0142832 0 0)
(0.0142832 0 0)
(0.0142832 0 0)
(0.0142832 0 0)
(0.0142832 0 0)
(0.0142832 0 0)
(0.0142832 0 0)
(0.0142832 0 0)
(0.0142832 0 0)
(0.0142832 0 0)
(0.0142832 0 0)
(0.0142832 0 0)
(0.0142832 0 0)
(0.0142832 0 0)
(0.0142832 0 0)
(0.0142832 0 0)
(0.0142832 0 0)
(0.0142832 0 0)
(0.0142832 0 0)
(0.0142832 0 0)
(0.0142832 0 0)
(0.0142832 0 0)
(0.0142832 0 0)
(0.0142832 0 0)
(0.0142832 0 0)
(0.0142832 0 0)
(0.0142832 0 0)
(0.0142832 0 0)
(0.0142832 0 0)
(0.0142832 0 0)
(0.0142832 0 0)
(0.0142832 0 0)
(0.0142832 0 0)
(0.0142832 0 0)
(0.0142832 0 0)
(0.0142832 0 0)
(0.0142832 0 0)
(0.0142832 0 0)
(0.0142832 0 0)
(0.0142832 0 0)
(0.0142832 0 0)
(0.0142832 0 0)
(0.0142832 0 0)
(0.0142832 0 0)
(0.0142832 0 0)
(0.0142832 0 0)
(0.0142832 0 0)
(0.0142832 0 0)
(0.0142832 0 0)
)
;

boundaryField
{
    inlet
    {
        type            fixedValue;
        value           uniform (0 0 0);
    }
    outlet
    {
        type            zeroGradient;
    }
    yzfaces
    {
        type            empty;
    }
}


// ************************************************************************* //
