/*--------------------------------*- C++ -*----------------------------------*\
  =========                 |
  \\      /  F ield         | OpenFOAM: The Open Source CFD Toolbox
   \\    /   O peration     | Website:  https://openfoam.org
    \\  /    A nd           | Version:  10
     \\/     M anipulation  |
\*---------------------------------------------------------------------------*/
FoamFile
{
    format      ascii;
    class       volVectorField;
    location    "1.36";
    object      Ua;
}
// * * * * * * * * * * * * * * * * * * * * * * * * * * * * * * * * * * * * * //

dimensions      [0 1 -1 0 0 0 0];

internalField   nonuniform List<vector> 
100
(
(0.00712453 0 0)
(0.0142337 0 0)
(0.0142028 0 0)
(0.0141714 0 0)
(0.0141399 0 0)
(0.0141083 0 0)
(0.0140767 0 0)
(0.0140451 0 0)
(0.0140136 0 0)
(0.0139821 0 0)
(0.0139507 0 0)
(0.0139193 0 0)
(0.013888 0 0)
(0.0138567 0 0)
(0.0138255 0 0)
(0.0137943 0 0)
(0.0137631 0 0)
(0.013732 0 0)
(0.0137009 0 0)
(0.0136698 0 0)
(0.0136388 0 0)
(0.0136078 0 0)
(0.0135767 0 0)
(0.0135457 0 0)
(0.0135147 0 0)
(0.0134838 0 0)
(0.0134528 0 0)
(0.0134218 0 0)
(0.0133908 0 0)
(0.0133598 0 0)
(0.0133288 0 0)
(0.0132978 0 0)
(0.0132667 0 0)
(0.0132357 0 0)
(0.0132046 0 0)
(0.0131735 0 0)
(0.0131424 0 0)
(0.0131112 0 0)
(0.01308 0 0)
(0.0130488 0 0)
(0.0130175 0 0)
(0.0129862 0 0)
(0.0129548 0 0)
(0.0129234 0 0)
(0.012892 0 0)
(0.0128605 0 0)
(0.0128289 0 0)
(0.0127973 0 0)
(0.0127657 0 0)
(0.0127339 0 0)
(0.0127021 0 0)
(0.0126703 0 0)
(0.0126383 0 0)
(0.0126063 0 0)
(0.0125742 0 0)
(0.012542 0 0)
(0.0125097 0 0)
(0.0124774 0 0)
(0.0124449 0 0)
(0.0124123 0 0)
(0.0123797 0 0)
(0.0123469 0 0)
(0.012314 0 0)
(0.012281 0 0)
(0.0122478 0 0)
(0.0122146 0 0)
(0.0121811 0 0)
(0.0121476 0 0)
(0.0121139 0 0)
(0.01208 0 0)
(0.0120459 0 0)
(0.0120117 0 0)
(0.0119773 0 0)
(0.0119427 0 0)
(0.0119078 0 0)
(0.0118727 0 0)
(0.0118374 0 0)
(0.0118018 0 0)
(0.0117659 0 0)
(0.0117297 0 0)
(0.0116932 0 0)
(0.0116563 0 0)
(0.011619 0 0)
(0.0115812 0 0)
(0.011543 0 0)
(0.0115042 0 0)
(0.0114649 0 0)
(0.0114248 0 0)
(0.0113841 0 0)
(0.0113424 0 0)
(0.0112998 0 0)
(0.0112561 0 0)
(0.011211 0 0)
(0.0111644 0 0)
(0.0111159 0 0)
(0.0110652 0 0)
(0.0110118 0 0)
(0.010955 0 0)
(0.0108939 0 0)
(0.0108273 0 0)
)
;

boundaryField
{
    inlet
    {
        type            fixedValue;
        value           uniform (0 0 0);
    }
    outlet
    {
        type            zeroGradient;
    }
    yzfaces
    {
        type            empty;
    }
}


// ************************************************************************* //
