/*--------------------------------*- C++ -*----------------------------------*\
  =========                 |
  \\      /  F ield         | OpenFOAM: The Open Source CFD Toolbox
   \\    /   O peration     | Website:  https://openfoam.org
    \\  /    A nd           | Version:  10
     \\/     M anipulation  |
\*---------------------------------------------------------------------------*/
FoamFile
{
    format      ascii;
    class       volVectorField;
    location    "1.36";
    object      Ub;
}
// * * * * * * * * * * * * * * * * * * * * * * * * * * * * * * * * * * * * * //

dimensions      [0 1 -1 0 0 0 0];

internalField   nonuniform List<vector> 
100
(
(1.44442e-05 0 0)
(4.42049e-05 0 0)
(7.51438e-05 0 0)
(0.000106513 0 0)
(0.000138053 0 0)
(0.000169651 0 0)
(0.00020125 0 0)
(0.000232822 0 0)
(0.000264352 0 0)
(0.000295833 0 0)
(0.000327262 0 0)
(0.00035864 0 0)
(0.000389967 0 0)
(0.000421246 0 0)
(0.000452482 0 0)
(0.000483676 0 0)
(0.000514833 0 0)
(0.000545957 0 0)
(0.000577052 0 0)
(0.00060812 0 0)
(0.000639166 0 0)
(0.000670194 0 0)
(0.000701206 0 0)
(0.000732207 0 0)
(0.000763199 0 0)
(0.000794187 0 0)
(0.000825173 0 0)
(0.00085616 0 0)
(0.000887151 0 0)
(0.00091815 0 0)
(0.00094916 0 0)
(0.000980182 0 0)
(0.00101122 0 0)
(0.00104228 0 0)
(0.00107336 0 0)
(0.00110446 0 0)
(0.00113559 0 0)
(0.00116675 0 0)
(0.00119795 0 0)
(0.00122918 0 0)
(0.00126044 0 0)
(0.00129175 0 0)
(0.0013231 0 0)
(0.0013545 0 0)
(0.00138595 0 0)
(0.00141744 0 0)
(0.001449 0 0)
(0.00148061 0 0)
(0.00151228 0 0)
(0.00154402 0 0)
(0.00157582 0 0)
(0.00160769 0 0)
(0.00163964 0 0)
(0.00167166 0 0)
(0.00170376 0 0)
(0.00173595 0 0)
(0.00176822 0 0)
(0.00180059 0 0)
(0.00183305 0 0)
(0.00186562 0 0)
(0.00189828 0 0)
(0.00193106 0 0)
(0.00196396 0 0)
(0.00199697 0 0)
(0.00203011 0 0)
(0.00206339 0 0)
(0.0020968 0 0)
(0.00213036 0 0)
(0.00216408 0 0)
(0.00219795 0 0)
(0.002232 0 0)
(0.00226624 0 0)
(0.00230066 0 0)
(0.00233529 0 0)
(0.00237014 0 0)
(0.00240523 0 0)
(0.00244056 0 0)
(0.00247616 0 0)
(0.00251205 0 0)
(0.00254825 0 0)
(0.00258478 0 0)
(0.00262169 0 0)
(0.00265899 0 0)
(0.00269673 0 0)
(0.00273496 0 0)
(0.00277372 0 0)
(0.00281308 0 0)
(0.0028531 0 0)
(0.00289388 0 0)
(0.00293552 0 0)
(0.00297814 0 0)
(0.00302189 0 0)
(0.00306696 0 0)
(0.00311358 0 0)
(0.00316205 0 0)
(0.00321274 0 0)
(0.00326616 0 0)
(0.00332296 0 0)
(0.00338405 0 0)
(0.00345067 0 0)
)
;

boundaryField
{
    inlet
    {
        type            fixedValue;
        value           uniform (0 0 0);
    }
    outlet
    {
        type            zeroGradient;
    }
    yzfaces
    {
        type            empty;
    }
}


// ************************************************************************* //
