/*--------------------------------*- C++ -*----------------------------------*\
  =========                 |
  \\      /  F ield         | OpenFOAM: The Open Source CFD Toolbox
   \\    /   O peration     | Website:  https://openfoam.org
    \\  /    A nd           | Version:  10
     \\/     M anipulation  |
\*---------------------------------------------------------------------------*/
FoamFile
{
    format      ascii;
    class       volVectorField;
    location    "0.31";
    object      Ub;
}
// * * * * * * * * * * * * * * * * * * * * * * * * * * * * * * * * * * * * * //

dimensions      [0 1 -1 0 0 0 0];

internalField   nonuniform List<vector> 
100
(
(6.81136e-05 0 0)
(0.000205251 0 0)
(0.00034331 0 0)
(0.000481341 0 0)
(0.000619389 0 0)
(0.000757678 0 0)
(0.000896479 0 0)
(0.00103608 0 0)
(0.00117677 0 0)
(0.00131888 0 0)
(0.00146278 0 0)
(0.00160887 0 0)
(0.00175766 0 0)
(0.00190975 0 0)
(0.00206595 0 0)
(0.00222729 0 0)
(0.00239522 0 0)
(0.00257179 0 0)
(0.0027601 0 0)
(0.00296503 0 0)
(0.00319478 0 0)
(0.00346433 0 0)
(0.00380431 0 0)
(0.00428806 0 0)
(0.00514175 0 0)
(0.00736996 0 0)
(0.0116087 0 0)
(0.0142329 0 0)
(0.0142839 0 0)
(0.0142839 0 0)
(0.0142839 0 0)
(0.0142839 0 0)
(0.0142839 0 0)
(0.0142839 0 0)
(0.0142839 0 0)
(0.0142839 0 0)
(0.0142839 0 0)
(0.0142839 0 0)
(0.0142839 0 0)
(0.0142839 0 0)
(0.0142839 0 0)
(0.0142839 0 0)
(0.0142839 0 0)
(0.0142839 0 0)
(0.0142839 0 0)
(0.0142839 0 0)
(0.0142839 0 0)
(0.0142839 0 0)
(0.0142839 0 0)
(0.0142839 0 0)
(0.0142839 0 0)
(0.0142839 0 0)
(0.0142839 0 0)
(0.0142839 0 0)
(0.0142839 0 0)
(0.0142839 0 0)
(0.0142839 0 0)
(0.0142839 0 0)
(0.0142839 0 0)
(0.0142839 0 0)
(0.0142839 0 0)
(0.0142839 0 0)
(0.0142839 0 0)
(0.0142839 0 0)
(0.0142839 0 0)
(0.0142839 0 0)
(0.0142839 0 0)
(0.0142839 0 0)
(0.0142839 0 0)
(0.0142839 0 0)
(0.0142839 0 0)
(0.0142839 0 0)
(0.0142839 0 0)
(0.0142839 0 0)
(0.0142839 0 0)
(0.0142839 0 0)
(0.0142839 0 0)
(0.0142839 0 0)
(0.0142839 0 0)
(0.0142839 0 0)
(0.0142839 0 0)
(0.0142839 0 0)
(0.0142839 0 0)
(0.0142839 0 0)
(0.0142839 0 0)
(0.0142839 0 0)
(0.0142839 0 0)
(0.0142839 0 0)
(0.0142839 0 0)
(0.0142839 0 0)
(0.0142839 0 0)
(0.0142839 0 0)
(0.0142839 0 0)
(0.0142839 0 0)
(0.0142839 0 0)
(0.0142839 0 0)
(0.0142839 0 0)
(0.0142839 0 0)
(0.0142839 0 0)
(0.0142839 0 0)
)
;

boundaryField
{
    inlet
    {
        type            fixedValue;
        value           uniform (0 0 0);
    }
    outlet
    {
        type            zeroGradient;
    }
    yzfaces
    {
        type            empty;
    }
}


// ************************************************************************* //
