/*--------------------------------*- C++ -*----------------------------------*\
  =========                 |
  \\      /  F ield         | OpenFOAM: The Open Source CFD Toolbox
   \\    /   O peration     | Website:  https://openfoam.org
    \\  /    A nd           | Version:  10
     \\/     M anipulation  |
\*---------------------------------------------------------------------------*/
FoamFile
{
    format      ascii;
    class       volVectorField;
    location    "0.19";
    object      Ub;
}
// * * * * * * * * * * * * * * * * * * * * * * * * * * * * * * * * * * * * * //

dimensions      [0 1 -1 0 0 0 0];

internalField   nonuniform List<vector> 
100
(
(0.000112199 0 0)
(0.000337454 0 0)
(0.000564029 0 0)
(0.00079202 0 0)
(0.00102256 0 0)
(0.00125704 0 0)
(0.00149714 0 0)
(0.00174499 0 0)
(0.00200354 0 0)
(0.00227714 0 0)
(0.00257277 0 0)
(0.00290262 0 0)
(0.00329038 0 0)
(0.00378924 0 0)
(0.00454767 0 0)
(0.00615053 0 0)
(0.0103259 0 0)
(0.0138274 0 0)
(0.0142846 0 0)
(0.0142846 0 0)
(0.0142846 0 0)
(0.0142846 0 0)
(0.0142846 0 0)
(0.0142846 0 0)
(0.0142846 0 0)
(0.0142846 0 0)
(0.0142846 0 0)
(0.0142846 0 0)
(0.0142846 0 0)
(0.0142846 0 0)
(0.0142846 0 0)
(0.0142846 0 0)
(0.0142846 0 0)
(0.0142846 0 0)
(0.0142846 0 0)
(0.0142846 0 0)
(0.0142846 0 0)
(0.0142846 0 0)
(0.0142846 0 0)
(0.0142846 0 0)
(0.0142846 0 0)
(0.0142846 0 0)
(0.0142846 0 0)
(0.0142846 0 0)
(0.0142846 0 0)
(0.0142846 0 0)
(0.0142846 0 0)
(0.0142846 0 0)
(0.0142846 0 0)
(0.0142846 0 0)
(0.0142846 0 0)
(0.0142846 0 0)
(0.0142846 0 0)
(0.0142846 0 0)
(0.0142846 0 0)
(0.0142846 0 0)
(0.0142846 0 0)
(0.0142846 0 0)
(0.0142846 0 0)
(0.0142846 0 0)
(0.0142846 0 0)
(0.0142846 0 0)
(0.0142846 0 0)
(0.0142846 0 0)
(0.0142846 0 0)
(0.0142846 0 0)
(0.0142846 0 0)
(0.0142846 0 0)
(0.0142846 0 0)
(0.0142846 0 0)
(0.0142846 0 0)
(0.0142846 0 0)
(0.0142846 0 0)
(0.0142846 0 0)
(0.0142846 0 0)
(0.0142846 0 0)
(0.0142846 0 0)
(0.0142846 0 0)
(0.0142846 0 0)
(0.0142846 0 0)
(0.0142846 0 0)
(0.0142846 0 0)
(0.0142846 0 0)
(0.0142846 0 0)
(0.0142846 0 0)
(0.0142846 0 0)
(0.0142846 0 0)
(0.0142846 0 0)
(0.0142846 0 0)
(0.0142846 0 0)
(0.0142846 0 0)
(0.0142846 0 0)
(0.0142846 0 0)
(0.0142846 0 0)
(0.0142846 0 0)
(0.0142846 0 0)
(0.0142846 0 0)
(0.0142846 0 0)
(0.0142846 0 0)
(0.0142846 0 0)
)
;

boundaryField
{
    inlet
    {
        type            fixedValue;
        value           uniform (0 0 0);
    }
    outlet
    {
        type            zeroGradient;
    }
    yzfaces
    {
        type            empty;
    }
}


// ************************************************************************* //
