/*--------------------------------*- C++ -*----------------------------------*\
  =========                 |
  \\      /  F ield         | OpenFOAM: The Open Source CFD Toolbox
   \\    /   O peration     | Website:  https://openfoam.org
    \\  /    A nd           | Version:  10
     \\/     M anipulation  |
\*---------------------------------------------------------------------------*/
FoamFile
{
    format      ascii;
    class       volVectorField;
    location    "0.69";
    object      Ua;
}
// * * * * * * * * * * * * * * * * * * * * * * * * * * * * * * * * * * * * * //

dimensions      [0 1 -1 0 0 0 0];

internalField   nonuniform List<vector> 
100
(
(0.00711114 0 0)
(0.0141915 0 0)
(0.0141296 0 0)
(0.0140676 0 0)
(0.0140055 0 0)
(0.0139435 0 0)
(0.0138817 0 0)
(0.01382 0 0)
(0.0137584 0 0)
(0.0136969 0 0)
(0.0136354 0 0)
(0.013574 0 0)
(0.0135125 0 0)
(0.0134511 0 0)
(0.0133895 0 0)
(0.0133279 0 0)
(0.0132663 0 0)
(0.0132045 0 0)
(0.0131425 0 0)
(0.0130804 0 0)
(0.0130181 0 0)
(0.0129555 0 0)
(0.0128928 0 0)
(0.0128297 0 0)
(0.0127664 0 0)
(0.0127028 0 0)
(0.0126387 0 0)
(0.0125743 0 0)
(0.0125095 0 0)
(0.0124442 0 0)
(0.0123783 0 0)
(0.0123119 0 0)
(0.0122448 0 0)
(0.0121771 0 0)
(0.0121086 0 0)
(0.0120392 0 0)
(0.0119688 0 0)
(0.0118973 0 0)
(0.0118245 0 0)
(0.0117503 0 0)
(0.0116744 0 0)
(0.0115964 0 0)
(0.0115161 0 0)
(0.0114329 0 0)
(0.0113462 0 0)
(0.011255 0 0)
(0.011158 0 0)
(0.0110535 0 0)
(0.0109388 0 0)
(0.0108094 0 0)
(0.0106584 0 0)
(0.010473 0 0)
(0.0102283 0 0)
(0.00986709 0 0)
(0.00922739 0 0)
(0.00765475 0 0)
(0.00355658 0 0)
(0.000305556 0 0)
(2.11372e-09 0 0)
(0 0 0)
(0 0 0)
(0 0 0)
(0 0 0)
(0 0 0)
(0 0 0)
(0 0 0)
(0 0 0)
(0 0 0)
(0 0 0)
(0 0 0)
(0 0 0)
(0 0 0)
(0 0 0)
(0 0 0)
(0 0 0)
(0 0 0)
(0 0 0)
(0 0 0)
(0 0 0)
(0 0 0)
(0 0 0)
(0 0 0)
(0 0 0)
(0 0 0)
(0 0 0)
(0 0 0)
(0 0 0)
(0 0 0)
(0 0 0)
(0 0 0)
(0 0 0)
(0 0 0)
(0 0 0)
(0 0 0)
(0 0 0)
(0 0 0)
(0 0 0)
(0 0 0)
(0 0 0)
(0 0 0)
)
;

boundaryField
{
    inlet
    {
        type            fixedValue;
        value           uniform (0 0 0);
    }
    outlet
    {
        type            zeroGradient;
    }
    yzfaces
    {
        type            empty;
    }
}


// ************************************************************************* //
