/*--------------------------------*- C++ -*----------------------------------*\
  =========                 |
  \\      /  F ield         | OpenFOAM: The Open Source CFD Toolbox
   \\    /   O peration     | Website:  https://openfoam.org
    \\  /    A nd           | Version:  10
     \\/     M anipulation  |
\*---------------------------------------------------------------------------*/
FoamFile
{
    format      ascii;
    class       volVectorField;
    location    "0.69";
    object      Ub;
}
// * * * * * * * * * * * * * * * * * * * * * * * * * * * * * * * * * * * * * //

dimensions      [0 1 -1 0 0 0 0];

internalField   nonuniform List<vector> 
100
(
(2.97483e-05 0 0)
(9.02971e-05 0 0)
(0.00015213 0 0)
(0.000214215 0 0)
(0.000276276 0 0)
(0.000338227 0 0)
(0.00040005 0 0)
(0.000461753 0 0)
(0.000523355 0 0)
(0.00058488 0 0)
(0.000646353 0 0)
(0.000707799 0 0)
(0.000769245 0 0)
(0.000830715 0 0)
(0.000892233 0 0)
(0.000953825 0 0)
(0.00101551 0 0)
(0.00107732 0 0)
(0.00113927 0 0)
(0.00120139 0 0)
(0.0012637 0 0)
(0.00132622 0 0)
(0.00138899 0 0)
(0.00145203 0 0)
(0.00151536 0 0)
(0.00157902 0 0)
(0.00164304 0 0)
(0.00170746 0 0)
(0.0017723 0 0)
(0.00183762 0 0)
(0.00190346 0 0)
(0.00196988 0 0)
(0.00203693 0 0)
(0.00210468 0 0)
(0.00217321 0 0)
(0.00224261 0 0)
(0.00231299 0 0)
(0.00238449 0 0)
(0.00245725 0 0)
(0.00253148 0 0)
(0.0026074 0 0)
(0.00268533 0 0)
(0.00276564 0 0)
(0.00284884 0 0)
(0.00293559 0 0)
(0.0030268 0 0)
(0.00312374 0 0)
(0.00322823 0 0)
(0.00334301 0 0)
(0.00347236 0 0)
(0.00362338 0 0)
(0.00380875 0 0)
(0.00405351 0 0)
(0.00441468 0 0)
(0.00505439 0 0)
(0.00662703 0 0)
(0.0107252 0 0)
(0.0139762 0 0)
(0.0142818 0 0)
(0.0142818 0 0)
(0.0142818 0 0)
(0.0142818 0 0)
(0.0142818 0 0)
(0.0142818 0 0)
(0.0142818 0 0)
(0.0142818 0 0)
(0.0142818 0 0)
(0.0142818 0 0)
(0.0142818 0 0)
(0.0142818 0 0)
(0.0142818 0 0)
(0.0142818 0 0)
(0.0142818 0 0)
(0.0142818 0 0)
(0.0142818 0 0)
(0.0142818 0 0)
(0.0142818 0 0)
(0.0142818 0 0)
(0.0142818 0 0)
(0.0142818 0 0)
(0.0142818 0 0)
(0.0142818 0 0)
(0.0142818 0 0)
(0.0142818 0 0)
(0.0142818 0 0)
(0.0142818 0 0)
(0.0142818 0 0)
(0.0142818 0 0)
(0.0142818 0 0)
(0.0142818 0 0)
(0.0142818 0 0)
(0.0142818 0 0)
(0.0142818 0 0)
(0.0142818 0 0)
(0.0142818 0 0)
(0.0142818 0 0)
(0.0142818 0 0)
(0.0142818 0 0)
(0.0142818 0 0)
(0.0142818 0 0)
)
;

boundaryField
{
    inlet
    {
        type            fixedValue;
        value           uniform (0 0 0);
    }
    outlet
    {
        type            zeroGradient;
    }
    yzfaces
    {
        type            empty;
    }
}


// ************************************************************************* //
