/*--------------------------------*- C++ -*----------------------------------*\
  =========                 |
  \\      /  F ield         | OpenFOAM: The Open Source CFD Toolbox
   \\    /   O peration     | Website:  https://openfoam.org
    \\  /    A nd           | Version:  10
     \\/     M anipulation  |
\*---------------------------------------------------------------------------*/
FoamFile
{
    format      ascii;
    class       volVectorField;
    location    "0.47";
    object      Ua;
}
// * * * * * * * * * * * * * * * * * * * * * * * * * * * * * * * * * * * * * //

dimensions      [0 1 -1 0 0 0 0];

internalField   nonuniform List<vector> 
100
(
(0.00709713 0 0)
(0.0141488 0 0)
(0.0140579 0 0)
(0.0139668 0 0)
(0.013876 0 0)
(0.0137852 0 0)
(0.0136946 0 0)
(0.013604 0 0)
(0.0135134 0 0)
(0.0134226 0 0)
(0.0133316 0 0)
(0.0132404 0 0)
(0.0131488 0 0)
(0.0130567 0 0)
(0.0129641 0 0)
(0.0128709 0 0)
(0.0127769 0 0)
(0.0126822 0 0)
(0.0125864 0 0)
(0.0124896 0 0)
(0.0123915 0 0)
(0.012292 0 0)
(0.0121908 0 0)
(0.0120877 0 0)
(0.0119822 0 0)
(0.011874 0 0)
(0.0117624 0 0)
(0.0116467 0 0)
(0.0115259 0 0)
(0.0113983 0 0)
(0.0112617 0 0)
(0.0111129 0 0)
(0.0109464 0 0)
(0.0107528 0 0)
(0.0105148 0 0)
(0.0101957 0 0)
(0.00970393 0 0)
(0.00873495 0 0)
(0.00590641 0 0)
(0.00187689 0 0)
(6.33391e-06 0 0)
(1.46411e-15 0 0)
(0 0 0)
(0 0 0)
(0 0 0)
(0 0 0)
(0 0 0)
(0 0 0)
(0 0 0)
(0 0 0)
(0 0 0)
(0 0 0)
(0 0 0)
(0 0 0)
(0 0 0)
(0 0 0)
(0 0 0)
(0 0 0)
(0 0 0)
(0 0 0)
(0 0 0)
(0 0 0)
(0 0 0)
(0 0 0)
(0 0 0)
(0 0 0)
(0 0 0)
(0 0 0)
(0 0 0)
(0 0 0)
(0 0 0)
(0 0 0)
(0 0 0)
(0 0 0)
(0 0 0)
(0 0 0)
(0 0 0)
(0 0 0)
(0 0 0)
(0 0 0)
(0 0 0)
(0 0 0)
(0 0 0)
(0 0 0)
(0 0 0)
(0 0 0)
(0 0 0)
(0 0 0)
(0 0 0)
(0 0 0)
(0 0 0)
(0 0 0)
(0 0 0)
(0 0 0)
(0 0 0)
(0 0 0)
(0 0 0)
(0 0 0)
(0 0 0)
(0 0 0)
)
;

boundaryField
{
    inlet
    {
        type            fixedValue;
        value           uniform (0 0 0);
    }
    outlet
    {
        type            zeroGradient;
    }
    yzfaces
    {
        type            empty;
    }
}


// ************************************************************************* //
