/*--------------------------------*- C++ -*----------------------------------*\
  =========                 |
  \\      /  F ield         | OpenFOAM: The Open Source CFD Toolbox
   \\    /   O peration     | Website:  https://openfoam.org
    \\  /    A nd           | Version:  10
     \\/     M anipulation  |
\*---------------------------------------------------------------------------*/
FoamFile
{
    format      ascii;
    class       volVectorField;
    location    "0.47";
    object      Ub;
}
// * * * * * * * * * * * * * * * * * * * * * * * * * * * * * * * * * * * * * //

dimensions      [0 1 -1 0 0 0 0];

internalField   nonuniform List<vector> 
100
(
(4.43858e-05 0 0)
(0.000134197 0 0)
(0.000225168 0 0)
(0.000316196 0 0)
(0.000407074 0 0)
(0.000497796 0 0)
(0.000588417 0 0)
(0.000679008 0 0)
(0.000769648 0 0)
(0.000860414 0 0)
(0.000951385 0 0)
(0.00104264 0 0)
(0.00113426 0 0)
(0.00122633 0 0)
(0.00131893 0 0)
(0.00141215 0 0)
(0.00150609 0 0)
(0.00160087 0 0)
(0.0016966 0 0)
(0.00179342 0 0)
(0.00189149 0 0)
(0.00199101 0 0)
(0.0020922 0 0)
(0.00219535 0 0)
(0.00230081 0 0)
(0.00240903 0 0)
(0.00252059 0 0)
(0.00263628 0 0)
(0.00275717 0 0)
(0.00288477 0 0)
(0.00302129 0 0)
(0.0031701 0 0)
(0.00333665 0 0)
(0.00353024 0 0)
(0.00376826 0 0)
(0.0040873 0 0)
(0.0045791 0 0)
(0.00554809 0 0)
(0.00837662 0 0)
(0.0124061 0 0)
(0.0142767 0 0)
(0.014283 0 0)
(0.014283 0 0)
(0.014283 0 0)
(0.014283 0 0)
(0.014283 0 0)
(0.014283 0 0)
(0.014283 0 0)
(0.014283 0 0)
(0.014283 0 0)
(0.014283 0 0)
(0.014283 0 0)
(0.014283 0 0)
(0.014283 0 0)
(0.014283 0 0)
(0.014283 0 0)
(0.014283 0 0)
(0.014283 0 0)
(0.014283 0 0)
(0.014283 0 0)
(0.014283 0 0)
(0.014283 0 0)
(0.014283 0 0)
(0.014283 0 0)
(0.014283 0 0)
(0.014283 0 0)
(0.014283 0 0)
(0.014283 0 0)
(0.014283 0 0)
(0.014283 0 0)
(0.014283 0 0)
(0.014283 0 0)
(0.014283 0 0)
(0.014283 0 0)
(0.014283 0 0)
(0.014283 0 0)
(0.014283 0 0)
(0.014283 0 0)
(0.014283 0 0)
(0.014283 0 0)
(0.014283 0 0)
(0.014283 0 0)
(0.014283 0 0)
(0.014283 0 0)
(0.014283 0 0)
(0.014283 0 0)
(0.014283 0 0)
(0.014283 0 0)
(0.014283 0 0)
(0.014283 0 0)
(0.014283 0 0)
(0.014283 0 0)
(0.014283 0 0)
(0.014283 0 0)
(0.014283 0 0)
(0.014283 0 0)
(0.014283 0 0)
(0.014283 0 0)
(0.014283 0 0)
(0.014283 0 0)
)
;

boundaryField
{
    inlet
    {
        type            fixedValue;
        value           uniform (0 0 0);
    }
    outlet
    {
        type            zeroGradient;
    }
    yzfaces
    {
        type            empty;
    }
}


// ************************************************************************* //
