/*--------------------------------*- C++ -*----------------------------------*\
  =========                 |
  \\      /  F ield         | OpenFOAM: The Open Source CFD Toolbox
   \\    /   O peration     | Website:  https://openfoam.org
    \\  /    A nd           | Version:  10
     \\/     M anipulation  |
\*---------------------------------------------------------------------------*/
FoamFile
{
    format      ascii;
    class       volVectorField;
    location    "0.515";
    object      Ua;
}
// * * * * * * * * * * * * * * * * * * * * * * * * * * * * * * * * * * * * * //

dimensions      [0 1 -1 0 0 0 0];

internalField   nonuniform List<vector> 
100
(
(0.00710102 0 0)
(0.0141606 0 0)
(0.0140776 0 0)
(0.0139945 0 0)
(0.0139115 0 0)
(0.0138287 0 0)
(0.013746 0 0)
(0.0136634 0 0)
(0.0135808 0 0)
(0.0134982 0 0)
(0.0134155 0 0)
(0.0133326 0 0)
(0.0132495 0 0)
(0.0131661 0 0)
(0.0130824 0 0)
(0.0129983 0 0)
(0.0129137 0 0)
(0.0128285 0 0)
(0.0127428 0 0)
(0.0126563 0 0)
(0.0125691 0 0)
(0.012481 0 0)
(0.0123919 0 0)
(0.0123016 0 0)
(0.01221 0 0)
(0.0121168 0 0)
(0.0120219 0 0)
(0.011925 0 0)
(0.0118256 0 0)
(0.0117232 0 0)
(0.0116173 0 0)
(0.0115068 0 0)
(0.0113907 0 0)
(0.0112671 0 0)
(0.0111333 0 0)
(0.0109854 0 0)
(0.0108166 0 0)
(0.0106149 0 0)
(0.010357 0 0)
(0.00999051 0 0)
(0.00937053 0 0)
(0.00793277 0 0)
(0.0039432 0 0)
(0.000495487 0 0)
(1.40619e-08 0 0)
(0 0 0)
(0 0 0)
(0 0 0)
(0 0 0)
(0 0 0)
(0 0 0)
(0 0 0)
(0 0 0)
(0 0 0)
(0 0 0)
(0 0 0)
(0 0 0)
(0 0 0)
(0 0 0)
(0 0 0)
(0 0 0)
(0 0 0)
(0 0 0)
(0 0 0)
(0 0 0)
(0 0 0)
(0 0 0)
(0 0 0)
(0 0 0)
(0 0 0)
(0 0 0)
(0 0 0)
(0 0 0)
(0 0 0)
(0 0 0)
(0 0 0)
(0 0 0)
(0 0 0)
(0 0 0)
(0 0 0)
(0 0 0)
(0 0 0)
(0 0 0)
(0 0 0)
(0 0 0)
(0 0 0)
(0 0 0)
(0 0 0)
(0 0 0)
(0 0 0)
(0 0 0)
(0 0 0)
(0 0 0)
(0 0 0)
(0 0 0)
(0 0 0)
(0 0 0)
(0 0 0)
(0 0 0)
(0 0 0)
)
;

boundaryField
{
    inlet
    {
        type            fixedValue;
        value           uniform (0 0 0);
    }
    outlet
    {
        type            zeroGradient;
    }
    yzfaces
    {
        type            empty;
    }
}


// ************************************************************************* //
