/*--------------------------------*- C++ -*----------------------------------*\
  =========                 |
  \\      /  F ield         | OpenFOAM: The Open Source CFD Toolbox
   \\    /   O peration     | Website:  https://openfoam.org
    \\  /    A nd           | Version:  10
     \\/     M anipulation  |
\*---------------------------------------------------------------------------*/
FoamFile
{
    format      ascii;
    class       volVectorField;
    location    "0.515";
    object      Ub;
}
// * * * * * * * * * * * * * * * * * * * * * * * * * * * * * * * * * * * * * //

dimensions      [0 1 -1 0 0 0 0];

internalField   nonuniform List<vector> 
100
(
(4.03713e-05 0 0)
(0.000122167 0 0)
(0.000205164 0 0)
(0.000288267 0 0)
(0.000371242 0 0)
(0.000454057 0 0)
(0.000536742 0 0)
(0.00061935 0 0)
(0.000701938 0 0)
(0.000784566 0 0)
(0.000867295 0 0)
(0.000950182 0 0)
(0.00103329 0 0)
(0.00111667 0 0)
(0.0012004 0 0)
(0.00128452 0 0)
(0.00136912 0 0)
(0.00145425 0 0)
(0.00153999 0 0)
(0.00162643 0 0)
(0.00171366 0 0)
(0.00180178 0 0)
(0.00189092 0 0)
(0.00198121 0 0)
(0.00207282 0 0)
(0.00216594 0 0)
(0.00226083 0 0)
(0.00235779 0 0)
(0.0024572 0 0)
(0.00255955 0 0)
(0.0026655 0 0)
(0.00277593 0 0)
(0.00289208 0 0)
(0.0030157 0 0)
(0.00314942 0 0)
(0.00329734 0 0)
(0.00346618 0 0)
(0.0036679 0 0)
(0.00392582 0 0)
(0.00429227 0 0)
(0.00491224 0 0)
(0.00635001 0 0)
(0.0103396 0 0)
(0.0137873 0 0)
(0.0142828 0 0)
(0.0142828 0 0)
(0.0142828 0 0)
(0.0142828 0 0)
(0.0142828 0 0)
(0.0142828 0 0)
(0.0142828 0 0)
(0.0142828 0 0)
(0.0142828 0 0)
(0.0142828 0 0)
(0.0142828 0 0)
(0.0142828 0 0)
(0.0142828 0 0)
(0.0142828 0 0)
(0.0142828 0 0)
(0.0142828 0 0)
(0.0142828 0 0)
(0.0142828 0 0)
(0.0142828 0 0)
(0.0142828 0 0)
(0.0142828 0 0)
(0.0142828 0 0)
(0.0142828 0 0)
(0.0142828 0 0)
(0.0142828 0 0)
(0.0142828 0 0)
(0.0142828 0 0)
(0.0142828 0 0)
(0.0142828 0 0)
(0.0142828 0 0)
(0.0142828 0 0)
(0.0142828 0 0)
(0.0142828 0 0)
(0.0142828 0 0)
(0.0142828 0 0)
(0.0142828 0 0)
(0.0142828 0 0)
(0.0142828 0 0)
(0.0142828 0 0)
(0.0142828 0 0)
(0.0142828 0 0)
(0.0142828 0 0)
(0.0142828 0 0)
(0.0142828 0 0)
(0.0142828 0 0)
(0.0142828 0 0)
(0.0142828 0 0)
(0.0142828 0 0)
(0.0142828 0 0)
(0.0142828 0 0)
(0.0142828 0 0)
(0.0142828 0 0)
(0.0142828 0 0)
(0.0142828 0 0)
(0.0142828 0 0)
(0.0142828 0 0)
)
;

boundaryField
{
    inlet
    {
        type            fixedValue;
        value           uniform (0 0 0);
    }
    outlet
    {
        type            zeroGradient;
    }
    yzfaces
    {
        type            empty;
    }
}


// ************************************************************************* //
