/*--------------------------------*- C++ -*----------------------------------*\
  =========                 |
  \\      /  F ield         | OpenFOAM: The Open Source CFD Toolbox
   \\    /   O peration     | Website:  https://openfoam.org
    \\  /    A nd           | Version:  10
     \\/     M anipulation  |
\*---------------------------------------------------------------------------*/
FoamFile
{
    format      ascii;
    class       volVectorField;
    location    "1.245";
    object      Ua;
}
// * * * * * * * * * * * * * * * * * * * * * * * * * * * * * * * * * * * * * //

dimensions      [0 1 -1 0 0 0 0];

internalField   nonuniform List<vector> 
100
(
(0.00712341 0 0)
(0.01423 0 0)
(0.0141961 0 0)
(0.0141618 0 0)
(0.0141274 0 0)
(0.0140929 0 0)
(0.0140584 0 0)
(0.0140239 0 0)
(0.0139895 0 0)
(0.0139552 0 0)
(0.0139209 0 0)
(0.0138867 0 0)
(0.0138525 0 0)
(0.0138184 0 0)
(0.0137843 0 0)
(0.0137503 0 0)
(0.0137163 0 0)
(0.0136823 0 0)
(0.0136484 0 0)
(0.0136145 0 0)
(0.0135806 0 0)
(0.0135467 0 0)
(0.0135128 0 0)
(0.0134789 0 0)
(0.0134451 0 0)
(0.0134112 0 0)
(0.0133773 0 0)
(0.0133434 0 0)
(0.0133095 0 0)
(0.0132756 0 0)
(0.0132416 0 0)
(0.0132076 0 0)
(0.0131736 0 0)
(0.0131396 0 0)
(0.0131055 0 0)
(0.0130714 0 0)
(0.0130372 0 0)
(0.013003 0 0)
(0.0129687 0 0)
(0.0129344 0 0)
(0.0129 0 0)
(0.0128656 0 0)
(0.0128311 0 0)
(0.0127965 0 0)
(0.0127618 0 0)
(0.0127271 0 0)
(0.0126923 0 0)
(0.0126574 0 0)
(0.0126224 0 0)
(0.0125873 0 0)
(0.0125521 0 0)
(0.0125168 0 0)
(0.0124813 0 0)
(0.0124458 0 0)
(0.0124101 0 0)
(0.0123743 0 0)
(0.0123384 0 0)
(0.0123023 0 0)
(0.0122661 0 0)
(0.0122297 0 0)
(0.0121932 0 0)
(0.0121565 0 0)
(0.0121195 0 0)
(0.0120824 0 0)
(0.0120451 0 0)
(0.0120075 0 0)
(0.0119697 0 0)
(0.0119316 0 0)
(0.0118933 0 0)
(0.0118547 0 0)
(0.0118157 0 0)
(0.0117764 0 0)
(0.0117367 0 0)
(0.0116966 0 0)
(0.011656 0 0)
(0.011615 0 0)
(0.0115734 0 0)
(0.0115312 0 0)
(0.0114883 0 0)
(0.0114446 0 0)
(0.0114 0 0)
(0.0113545 0 0)
(0.0113077 0 0)
(0.0112597 0 0)
(0.01121 0 0)
(0.0111585 0 0)
(0.0111047 0 0)
(0.011048 0 0)
(0.010988 0 0)
(0.0109235 0 0)
(0.0108534 0 0)
(0.0107757 0 0)
(0.0106876 0 0)
(0.0105848 0 0)
(0.0104598 0 0)
(0.0102997 0 0)
(0.0100781 0 0)
(0.0097351 0 0)
(0.00909745 0 0)
(0.00745075 0 0)
)
;

boundaryField
{
    inlet
    {
        type            fixedValue;
        value           uniform (0 0 0);
    }
    outlet
    {
        type            zeroGradient;
    }
    yzfaces
    {
        type            empty;
    }
}


// ************************************************************************* //
