/*--------------------------------*- C++ -*----------------------------------*\
  =========                 |
  \\      /  F ield         | OpenFOAM: The Open Source CFD Toolbox
   \\    /   O peration     | Website:  https://openfoam.org
    \\  /    A nd           | Version:  10
     \\/     M anipulation  |
\*---------------------------------------------------------------------------*/
FoamFile
{
    format      ascii;
    class       volVectorField;
    location    "1.245";
    object      Ub;
}
// * * * * * * * * * * * * * * * * * * * * * * * * * * * * * * * * * * * * * //

dimensions      [0 1 -1 0 0 0 0];

internalField   nonuniform List<vector> 
100
(
(1.58886e-05 0 0)
(4.85705e-05 0 0)
(8.24615e-05 0 0)
(0.000116774 0 0)
(0.00015124 0 0)
(0.000185748 0 0)
(0.000220241 0 0)
(0.000254694 0 0)
(0.000289092 0 0)
(0.000323433 0 0)
(0.000357714 0 0)
(0.000391937 0 0)
(0.000426106 0 0)
(0.000460224 0 0)
(0.000494296 0 0)
(0.000528328 0 0)
(0.000562323 0 0)
(0.000596286 0 0)
(0.000630222 0 0)
(0.000664137 0 0)
(0.000698034 0 0)
(0.000731918 0 0)
(0.000765793 0 0)
(0.000799665 0 0)
(0.000833535 0 0)
(0.00086741 0 0)
(0.000901293 0 0)
(0.000935187 0 0)
(0.000969097 0 0)
(0.00100303 0 0)
(0.00103698 0 0)
(0.00107096 0 0)
(0.00110497 0 0)
(0.00113901 0 0)
(0.00117309 0 0)
(0.00120722 0 0)
(0.00124138 0 0)
(0.0012756 0 0)
(0.00130987 0 0)
(0.00134419 0 0)
(0.00137857 0 0)
(0.00141302 0 0)
(0.00144753 0 0)
(0.00148211 0 0)
(0.00151677 0 0)
(0.00155151 0 0)
(0.00158633 0 0)
(0.00162124 0 0)
(0.00165624 0 0)
(0.00169134 0 0)
(0.00172654 0 0)
(0.00176185 0 0)
(0.00179727 0 0)
(0.0018328 0 0)
(0.00186846 0 0)
(0.00190425 0 0)
(0.00194018 0 0)
(0.00197626 0 0)
(0.00201248 0 0)
(0.00204887 0 0)
(0.00208542 0 0)
(0.00212215 0 0)
(0.00215907 0 0)
(0.0021962 0 0)
(0.00223353 0 0)
(0.0022711 0 0)
(0.0023089 0 0)
(0.00234697 0 0)
(0.00238531 0 0)
(0.00242395 0 0)
(0.00246291 0 0)
(0.00250222 0 0)
(0.00254191 0 0)
(0.00258201 0 0)
(0.00262257 0 0)
(0.00266362 0 0)
(0.00270522 0 0)
(0.00274744 0 0)
(0.00279035 0 0)
(0.00283402 0 0)
(0.00287858 0 0)
(0.00292414 0 0)
(0.00297086 0 0)
(0.00301893 0 0)
(0.00306858 0 0)
(0.00312013 0 0)
(0.00317395 0 0)
(0.00323055 0 0)
(0.00329062 0 0)
(0.00335508 0 0)
(0.00342522 0 0)
(0.00350292 0 0)
(0.00359098 0 0)
(0.00369382 0 0)
(0.00381875 0 0)
(0.00397895 0 0)
(0.00420052 0 0)
(0.0045435 0 0)
(0.00518115 0 0)
(0.00682785 0 0)
)
;

boundaryField
{
    inlet
    {
        type            fixedValue;
        value           uniform (0 0 0);
    }
    outlet
    {
        type            zeroGradient;
    }
    yzfaces
    {
        type            empty;
    }
}


// ************************************************************************* //
