/*--------------------------------*- C++ -*----------------------------------*\
  =========                 |
  \\      /  F ield         | OpenFOAM: The Open Source CFD Toolbox
   \\    /   O peration     | Website:  https://openfoam.org
    \\  /    A nd           | Version:  10
     \\/     M anipulation  |
\*---------------------------------------------------------------------------*/
FoamFile
{
    format      ascii;
    class       volVectorField;
    location    "1.28";
    object      Ua;
}
// * * * * * * * * * * * * * * * * * * * * * * * * * * * * * * * * * * * * * //

dimensions      [0 1 -1 0 0 0 0];

internalField   nonuniform List<vector> 
100
(
(0.00712378 0 0)
(0.0142312 0 0)
(0.0141983 0 0)
(0.0141649 0 0)
(0.0141314 0 0)
(0.0140979 0 0)
(0.0140643 0 0)
(0.0140308 0 0)
(0.0139973 0 0)
(0.0139639 0 0)
(0.0139305 0 0)
(0.0138972 0 0)
(0.013864 0 0)
(0.0138308 0 0)
(0.0137976 0 0)
(0.0137645 0 0)
(0.0137314 0 0)
(0.0136984 0 0)
(0.0136654 0 0)
(0.0136324 0 0)
(0.0135994 0 0)
(0.0135664 0 0)
(0.0135335 0 0)
(0.0135006 0 0)
(0.0134676 0 0)
(0.0134347 0 0)
(0.0134017 0 0)
(0.0133688 0 0)
(0.0133358 0 0)
(0.0133029 0 0)
(0.0132699 0 0)
(0.0132368 0 0)
(0.0132038 0 0)
(0.0131707 0 0)
(0.0131376 0 0)
(0.0131045 0 0)
(0.0130713 0 0)
(0.0130381 0 0)
(0.0130048 0 0)
(0.0129715 0 0)
(0.0129381 0 0)
(0.0129047 0 0)
(0.0128712 0 0)
(0.0128377 0 0)
(0.0128041 0 0)
(0.0127704 0 0)
(0.0127367 0 0)
(0.0127028 0 0)
(0.0126689 0 0)
(0.0126349 0 0)
(0.0126009 0 0)
(0.0125667 0 0)
(0.0125324 0 0)
(0.012498 0 0)
(0.0124636 0 0)
(0.012429 0 0)
(0.0123942 0 0)
(0.0123594 0 0)
(0.0123244 0 0)
(0.0122893 0 0)
(0.0122541 0 0)
(0.0122187 0 0)
(0.0121831 0 0)
(0.0121474 0 0)
(0.0121114 0 0)
(0.0120753 0 0)
(0.012039 0 0)
(0.0120025 0 0)
(0.0119658 0 0)
(0.0119288 0 0)
(0.0118915 0 0)
(0.011854 0 0)
(0.0118161 0 0)
(0.011778 0 0)
(0.0117395 0 0)
(0.0117006 0 0)
(0.0116613 0 0)
(0.0116215 0 0)
(0.0115812 0 0)
(0.0115404 0 0)
(0.0114989 0 0)
(0.0114567 0 0)
(0.0114138 0 0)
(0.0113699 0 0)
(0.011325 0 0)
(0.0112789 0 0)
(0.0112314 0 0)
(0.0111823 0 0)
(0.0111312 0 0)
(0.0110777 0 0)
(0.0110213 0 0)
(0.0109613 0 0)
(0.0108966 0 0)
(0.0108258 0 0)
(0.0107469 0 0)
(0.0106568 0 0)
(0.0105506 0 0)
(0.0104199 0 0)
(0.0102494 0 0)
(0.0100081 0 0)
)
;

boundaryField
{
    inlet
    {
        type            fixedValue;
        value           uniform (0 0 0);
    }
    outlet
    {
        type            zeroGradient;
    }
    yzfaces
    {
        type            empty;
    }
}


// ************************************************************************* //
