/*--------------------------------*- C++ -*----------------------------------*\
  =========                 |
  \\      /  F ield         | OpenFOAM: The Open Source CFD Toolbox
   \\    /   O peration     | Website:  https://openfoam.org
    \\  /    A nd           | Version:  10
     \\/     M anipulation  |
\*---------------------------------------------------------------------------*/
FoamFile
{
    format      ascii;
    class       volVectorField;
    location    "1.28";
    object      Ub;
}
// * * * * * * * * * * * * * * * * * * * * * * * * * * * * * * * * * * * * * //

dimensions      [0 1 -1 0 0 0 0];

internalField   nonuniform List<vector> 
100
(
(1.54211e-05 0 0)
(4.71579e-05 0 0)
(8.00946e-05 0 0)
(0.000113456 0 0)
(0.000146977 0 0)
(0.000180544 0 0)
(0.000214102 0 0)
(0.000247624 0 0)
(0.000281096 0 0)
(0.000314512 0 0)
(0.000347871 0 0)
(0.000381175 0 0)
(0.000414425 0 0)
(0.000447625 0 0)
(0.00048078 0 0)
(0.000513893 0 0)
(0.00054697 0 0)
(0.000580014 0 0)
(0.00061303 0 0)
(0.000646023 0 0)
(0.000678997 0 0)
(0.000711955 0 0)
(0.000744903 0 0)
(0.000777844 0 0)
(0.000810781 0 0)
(0.000843719 0 0)
(0.000876662 0 0)
(0.000909613 0 0)
(0.000942575 0 0)
(0.000975552 0 0)
(0.00100855 0 0)
(0.00104157 0 0)
(0.00107461 0 0)
(0.00110768 0 0)
(0.00114079 0 0)
(0.00117393 0 0)
(0.0012071 0 0)
(0.00124032 0 0)
(0.00127359 0 0)
(0.0013069 0 0)
(0.00134027 0 0)
(0.00137369 0 0)
(0.00140717 0 0)
(0.00144071 0 0)
(0.00147431 0 0)
(0.00150799 0 0)
(0.00154174 0 0)
(0.00157557 0 0)
(0.00160947 0 0)
(0.00164346 0 0)
(0.00167755 0 0)
(0.00171172 0 0)
(0.00174599 0 0)
(0.00178037 0 0)
(0.00181485 0 0)
(0.00184945 0 0)
(0.00188416 0 0)
(0.001919 0 0)
(0.00195397 0 0)
(0.00198908 0 0)
(0.00202434 0 0)
(0.00205974 0 0)
(0.00209531 0 0)
(0.00213105 0 0)
(0.00216696 0 0)
(0.00220307 0 0)
(0.00223937 0 0)
(0.0022759 0 0)
(0.00231265 0 0)
(0.00234964 0 0)
(0.00238689 0 0)
(0.00242443 0 0)
(0.00246226 0 0)
(0.00250042 0 0)
(0.00253893 0 0)
(0.00257782 0 0)
(0.00261714 0 0)
(0.00265691 0 0)
(0.00269719 0 0)
(0.00273803 0 0)
(0.0027795 0 0)
(0.00282167 0 0)
(0.00286463 0 0)
(0.00290849 0 0)
(0.00295339 0 0)
(0.00299948 0 0)
(0.00304697 0 0)
(0.0030961 0 0)
(0.00314721 0 0)
(0.00320069 0 0)
(0.00325709 0 0)
(0.00331715 0 0)
(0.00338185 0 0)
(0.00345261 0 0)
(0.00353148 0 0)
(0.00362155 0 0)
(0.00372778 0 0)
(0.0038585 0 0)
(0.00402898 0 0)
(0.00427033 0 0)
)
;

boundaryField
{
    inlet
    {
        type            fixedValue;
        value           uniform (0 0 0);
    }
    outlet
    {
        type            zeroGradient;
    }
    yzfaces
    {
        type            empty;
    }
}


// ************************************************************************* //
