/*--------------------------------*- C++ -*----------------------------------*\
  =========                 |
  \\      /  F ield         | OpenFOAM: The Open Source CFD Toolbox
   \\    /   O peration     | Website:  https://openfoam.org
    \\  /    A nd           | Version:  10
     \\/     M anipulation  |
\*---------------------------------------------------------------------------*/
FoamFile
{
    format      ascii;
    class       volVectorField;
    location    "1.195";
    object      Ua;
}
// * * * * * * * * * * * * * * * * * * * * * * * * * * * * * * * * * * * * * //

dimensions      [0 1 -1 0 0 0 0];

internalField   nonuniform List<vector> 
100
(
(0.00712284 0 0)
(0.0142282 0 0)
(0.0141928 0 0)
(0.014157 0 0)
(0.0141211 0 0)
(0.0140852 0 0)
(0.0140493 0 0)
(0.0140134 0 0)
(0.0139776 0 0)
(0.0139418 0 0)
(0.0139061 0 0)
(0.0138705 0 0)
(0.0138349 0 0)
(0.0137994 0 0)
(0.0137639 0 0)
(0.0137285 0 0)
(0.0136931 0 0)
(0.0136577 0 0)
(0.0136224 0 0)
(0.013587 0 0)
(0.0135517 0 0)
(0.0135164 0 0)
(0.0134811 0 0)
(0.0134458 0 0)
(0.0134105 0 0)
(0.0133752 0 0)
(0.0133399 0 0)
(0.0133045 0 0)
(0.0132692 0 0)
(0.0132338 0 0)
(0.0131983 0 0)
(0.0131629 0 0)
(0.0131274 0 0)
(0.0130918 0 0)
(0.0130562 0 0)
(0.0130206 0 0)
(0.0129849 0 0)
(0.0129492 0 0)
(0.0129133 0 0)
(0.0128774 0 0)
(0.0128415 0 0)
(0.0128054 0 0)
(0.0127693 0 0)
(0.0127331 0 0)
(0.0126968 0 0)
(0.0126604 0 0)
(0.0126239 0 0)
(0.0125873 0 0)
(0.0125506 0 0)
(0.0125138 0 0)
(0.0124768 0 0)
(0.0124398 0 0)
(0.0124025 0 0)
(0.0123652 0 0)
(0.0123276 0 0)
(0.01229 0 0)
(0.0122521 0 0)
(0.0122141 0 0)
(0.0121758 0 0)
(0.0121374 0 0)
(0.0120988 0 0)
(0.0120599 0 0)
(0.0120208 0 0)
(0.0119814 0 0)
(0.0119417 0 0)
(0.0119018 0 0)
(0.0118615 0 0)
(0.0118208 0 0)
(0.0117798 0 0)
(0.0117384 0 0)
(0.0116965 0 0)
(0.0116541 0 0)
(0.0116111 0 0)
(0.0115676 0 0)
(0.0115233 0 0)
(0.0114783 0 0)
(0.0114324 0 0)
(0.0113855 0 0)
(0.0113374 0 0)
(0.011288 0 0)
(0.011237 0 0)
(0.0111841 0 0)
(0.011129 0 0)
(0.0110711 0 0)
(0.0110098 0 0)
(0.0109441 0 0)
(0.0108728 0 0)
(0.0107941 0 0)
(0.0107051 0 0)
(0.0106017 0 0)
(0.0104765 0 0)
(0.0103169 0 0)
(0.0100977 0 0)
(0.00976135 0 0)
(0.00914409 0 0)
(0.00758345 0 0)
(0.00350694 0 0)
(0.00029072 0 0)
(1.77784e-09 0 0)
(0 0 0)
)
;

boundaryField
{
    inlet
    {
        type            fixedValue;
        value           uniform (0 0 0);
    }
    outlet
    {
        type            zeroGradient;
    }
    yzfaces
    {
        type            empty;
    }
}


// ************************************************************************* //
