/*--------------------------------*- C++ -*----------------------------------*\
  =========                 |
  \\      /  F ield         | OpenFOAM: The Open Source CFD Toolbox
   \\    /   O peration     | Website:  https://openfoam.org
    \\  /    A nd           | Version:  10
     \\/     M anipulation  |
\*---------------------------------------------------------------------------*/
FoamFile
{
    format      ascii;
    class       volVectorField;
    location    "1.195";
    object      Ub;
}
// * * * * * * * * * * * * * * * * * * * * * * * * * * * * * * * * * * * * * //

dimensions      [0 1 -1 0 0 0 0];

internalField   nonuniform List<vector> 
100
(
(1.66048e-05 0 0)
(5.07333e-05 0 0)
(8.60841e-05 0 0)
(0.000121851 0 0)
(0.000157763 0 0)
(0.000193707 0 0)
(0.00022963 0 0)
(0.000265506 0 0)
(0.000301322 0 0)
(0.000337076 0 0)
(0.000372766 0 0)
(0.000408397 0 0)
(0.000443972 0 0)
(0.000479495 0 0)
(0.000514973 0 0)
(0.000550409 0 0)
(0.00058581 0 0)
(0.000621182 0 0)
(0.000656529 0 0)
(0.000691856 0 0)
(0.00072717 0 0)
(0.000762474 0 0)
(0.000797773 0 0)
(0.000833073 0 0)
(0.000868377 0 0)
(0.000903691 0 0)
(0.000939019 0 0)
(0.000974365 0 0)
(0.00100973 0 0)
(0.00104513 0 0)
(0.00108055 0 0)
(0.00111601 0 0)
(0.00115151 0 0)
(0.00118706 0 0)
(0.00122264 0 0)
(0.00125829 0 0)
(0.00129398 0 0)
(0.00132974 0 0)
(0.00136556 0 0)
(0.00140144 0 0)
(0.00143741 0 0)
(0.00147344 0 0)
(0.00150956 0 0)
(0.00154577 0 0)
(0.00158206 0 0)
(0.00161845 0 0)
(0.00165495 0 0)
(0.00169155 0 0)
(0.00172826 0 0)
(0.00176509 0 0)
(0.00180204 0 0)
(0.00183913 0 0)
(0.00187635 0 0)
(0.00191372 0 0)
(0.00195124 0 0)
(0.00198892 0 0)
(0.00202678 0 0)
(0.00206481 0 0)
(0.00210304 0 0)
(0.00214147 0 0)
(0.00218012 0 0)
(0.00221899 0 0)
(0.00225811 0 0)
(0.00229749 0 0)
(0.00233716 0 0)
(0.00237712 0 0)
(0.00241741 0 0)
(0.00245805 0 0)
(0.00249907 0 0)
(0.00254051 0 0)
(0.0025824 0 0)
(0.0026248 0 0)
(0.00266775 0 0)
(0.00271131 0 0)
(0.00275556 0 0)
(0.00280059 0 0)
(0.0028465 0 0)
(0.00289341 0 0)
(0.00294147 0 0)
(0.00299088 0 0)
(0.00304188 0 0)
(0.00309475 0 0)
(0.00314988 0 0)
(0.00320778 0 0)
(0.0032691 0 0)
(0.00333478 0 0)
(0.00340606 0 0)
(0.00348481 0 0)
(0.00357376 0 0)
(0.00367723 0 0)
(0.00380237 0 0)
(0.00396194 0 0)
(0.00418116 0 0)
(0.00451754 0 0)
(0.0051348 0 0)
(0.00669544 0 0)
(0.0107719 0 0)
(0.0139882 0 0)
(0.0142789 0 0)
(0.0142789 0 0)
)
;

boundaryField
{
    inlet
    {
        type            fixedValue;
        value           uniform (0 0 0);
    }
    outlet
    {
        type            zeroGradient;
    }
    yzfaces
    {
        type            empty;
    }
}


// ************************************************************************* //
