/*--------------------------------*- C++ -*----------------------------------*\
  =========                 |
  \\      /  F ield         | OpenFOAM: The Open Source CFD Toolbox
   \\    /   O peration     | Website:  https://openfoam.org
    \\  /    A nd           | Version:  10
     \\/     M anipulation  |
\*---------------------------------------------------------------------------*/
FoamFile
{
    format      ascii;
    class       volVectorField;
    location    "1.355";
    object      Ua;
}
// * * * * * * * * * * * * * * * * * * * * * * * * * * * * * * * * * * * * * //

dimensions      [0 1 -1 0 0 0 0];

internalField   nonuniform List<vector> 
100
(
(0.00712449 0 0)
(0.0142336 0 0)
(0.0142025 0 0)
(0.0141711 0 0)
(0.0141394 0 0)
(0.0141077 0 0)
(0.014076 0 0)
(0.0140443 0 0)
(0.0140126 0 0)
(0.013981 0 0)
(0.0139495 0 0)
(0.013918 0 0)
(0.0138866 0 0)
(0.0138552 0 0)
(0.0138238 0 0)
(0.0137925 0 0)
(0.0137612 0 0)
(0.01373 0 0)
(0.0136988 0 0)
(0.0136676 0 0)
(0.0136365 0 0)
(0.0136053 0 0)
(0.0135742 0 0)
(0.0135431 0 0)
(0.013512 0 0)
(0.0134809 0 0)
(0.0134498 0 0)
(0.0134187 0 0)
(0.0133876 0 0)
(0.0133564 0 0)
(0.0133253 0 0)
(0.0132942 0 0)
(0.013263 0 0)
(0.0132318 0 0)
(0.0132006 0 0)
(0.0131694 0 0)
(0.0131382 0 0)
(0.0131069 0 0)
(0.0130756 0 0)
(0.0130442 0 0)
(0.0130128 0 0)
(0.0129814 0 0)
(0.0129499 0 0)
(0.0129184 0 0)
(0.0128868 0 0)
(0.0128552 0 0)
(0.0128235 0 0)
(0.0127918 0 0)
(0.01276 0 0)
(0.0127281 0 0)
(0.0126962 0 0)
(0.0126642 0 0)
(0.0126321 0 0)
(0.0125999 0 0)
(0.0125677 0 0)
(0.0125354 0 0)
(0.012503 0 0)
(0.0124704 0 0)
(0.0124378 0 0)
(0.0124051 0 0)
(0.0123723 0 0)
(0.0123394 0 0)
(0.0123063 0 0)
(0.0122732 0 0)
(0.0122399 0 0)
(0.0122064 0 0)
(0.0121729 0 0)
(0.0121391 0 0)
(0.0121052 0 0)
(0.0120712 0 0)
(0.012037 0 0)
(0.0120025 0 0)
(0.0119679 0 0)
(0.0119331 0 0)
(0.0118981 0 0)
(0.0118628 0 0)
(0.0118272 0 0)
(0.0117914 0 0)
(0.0117553 0 0)
(0.0117188 0 0)
(0.0116821 0 0)
(0.0116449 0 0)
(0.0116073 0 0)
(0.0115693 0 0)
(0.0115307 0 0)
(0.0114916 0 0)
(0.0114519 0 0)
(0.0114115 0 0)
(0.0113703 0 0)
(0.0113281 0 0)
(0.011285 0 0)
(0.0112406 0 0)
(0.0111948 0 0)
(0.0111474 0 0)
(0.011098 0 0)
(0.0110462 0 0)
(0.0109914 0 0)
(0.0109329 0 0)
(0.0108697 0 0)
(0.0108003 0 0)
)
;

boundaryField
{
    inlet
    {
        type            fixedValue;
        value           uniform (0 0 0);
    }
    outlet
    {
        type            zeroGradient;
    }
    yzfaces
    {
        type            empty;
    }
}


// ************************************************************************* //
