/*--------------------------------*- C++ -*----------------------------------*\
  =========                 |
  \\      /  F ield         | OpenFOAM: The Open Source CFD Toolbox
   \\    /   O peration     | Website:  https://openfoam.org
    \\  /    A nd           | Version:  10
     \\/     M anipulation  |
\*---------------------------------------------------------------------------*/
FoamFile
{
    format      ascii;
    class       volVectorField;
    location    "1.355";
    object      Ub;
}
// * * * * * * * * * * * * * * * * * * * * * * * * * * * * * * * * * * * * * //

dimensions      [0 1 -1 0 0 0 0];

internalField   nonuniform List<vector> 
100
(
(1.45018e-05 0 0)
(4.43792e-05 0 0)
(7.54361e-05 0 0)
(0.000106923 0 0)
(0.00013858 0 0)
(0.000170294 0 0)
(0.000202009 0 0)
(0.000233697 0 0)
(0.000265341 0 0)
(0.000296937 0 0)
(0.00032848 0 0)
(0.000359971 0 0)
(0.000391411 0 0)
(0.000422805 0 0)
(0.000454153 0 0)
(0.000485461 0 0)
(0.000516731 0 0)
(0.000547968 0 0)
(0.000579176 0 0)
(0.000610358 0 0)
(0.000641518 0 0)
(0.000672659 0 0)
(0.000703785 0 0)
(0.000734901 0 0)
(0.000766008 0 0)
(0.00079711 0 0)
(0.000828211 0 0)
(0.000859314 0 0)
(0.000890421 0 0)
(0.000921536 0 0)
(0.000952663 0 0)
(0.000983802 0 0)
(0.00101496 0 0)
(0.00104613 0 0)
(0.00107733 0 0)
(0.00110856 0 0)
(0.00113981 0 0)
(0.00117109 0 0)
(0.0012024 0 0)
(0.00123375 0 0)
(0.00126514 0 0)
(0.00129658 0 0)
(0.00132805 0 0)
(0.00135957 0 0)
(0.00139115 0 0)
(0.00142277 0 0)
(0.00145445 0 0)
(0.00148619 0 0)
(0.00151799 0 0)
(0.00154986 0 0)
(0.0015818 0 0)
(0.0016138 0 0)
(0.00164588 0 0)
(0.00167804 0 0)
(0.00171028 0 0)
(0.00174261 0 0)
(0.00177502 0 0)
(0.00180753 0 0)
(0.00184014 0 0)
(0.00187285 0 0)
(0.00190567 0 0)
(0.00193859 0 0)
(0.00197164 0 0)
(0.00200481 0 0)
(0.00203811 0 0)
(0.00207154 0 0)
(0.00210512 0 0)
(0.00213885 0 0)
(0.00217273 0 0)
(0.00220678 0 0)
(0.00224101 0 0)
(0.00227543 0 0)
(0.00231004 0 0)
(0.00234487 0 0)
(0.00237991 0 0)
(0.0024152 0 0)
(0.00245075 0 0)
(0.00248657 0 0)
(0.00252269 0 0)
(0.00255912 0 0)
(0.00259591 0 0)
(0.00263308 0 0)
(0.00267066 0 0)
(0.0027087 0 0)
(0.00274724 0 0)
(0.00278634 0 0)
(0.00282607 0 0)
(0.0028665 0 0)
(0.00290772 0 0)
(0.00294984 0 0)
(0.002993 0 0)
(0.00303736 0 0)
(0.00308313 0 0)
(0.00313055 0 0)
(0.00317997 0 0)
(0.00323179 0 0)
(0.00328657 0 0)
(0.00334506 0 0)
(0.00340827 0 0)
(0.00347766 0 0)
)
;

boundaryField
{
    inlet
    {
        type            fixedValue;
        value           uniform (0 0 0);
    }
    outlet
    {
        type            zeroGradient;
    }
    yzfaces
    {
        type            empty;
    }
}


// ************************************************************************* //
