/*--------------------------------*- C++ -*----------------------------------*\
  =========                 |
  \\      /  F ield         | OpenFOAM: The Open Source CFD Toolbox
   \\    /   O peration     | Website:  https://openfoam.org
    \\  /    A nd           | Version:  10
     \\/     M anipulation  |
\*---------------------------------------------------------------------------*/
FoamFile
{
    format      ascii;
    class       volVectorField;
    location    "0.68";
    object      Ua;
}
// * * * * * * * * * * * * * * * * * * * * * * * * * * * * * * * * * * * * * //

dimensions      [0 1 -1 0 0 0 0];

internalField   nonuniform List<vector> 
100
(
(0.00711071 0 0)
(0.0141902 0 0)
(0.0141274 0 0)
(0.0140644 0 0)
(0.0140014 0 0)
(0.0139386 0 0)
(0.0138759 0 0)
(0.0138133 0 0)
(0.0137508 0 0)
(0.0136883 0 0)
(0.013626 0 0)
(0.0135636 0 0)
(0.0135012 0 0)
(0.0134388 0 0)
(0.0133764 0 0)
(0.0133139 0 0)
(0.0132512 0 0)
(0.0131885 0 0)
(0.0131255 0 0)
(0.0130624 0 0)
(0.0129991 0 0)
(0.0129356 0 0)
(0.0128718 0 0)
(0.0128077 0 0)
(0.0127433 0 0)
(0.0126785 0 0)
(0.0126134 0 0)
(0.0125478 0 0)
(0.0124818 0 0)
(0.0124152 0 0)
(0.0123481 0 0)
(0.0122804 0 0)
(0.012212 0 0)
(0.0121428 0 0)
(0.0120728 0 0)
(0.0120018 0 0)
(0.0119297 0 0)
(0.0118564 0 0)
(0.0117816 0 0)
(0.0117052 0 0)
(0.0116269 0 0)
(0.0115463 0 0)
(0.0114628 0 0)
(0.011376 0 0)
(0.011285 0 0)
(0.0111885 0 0)
(0.0110848 0 0)
(0.0109716 0 0)
(0.0108448 0 0)
(0.0106982 0 0)
(0.0105205 0 0)
(0.0102902 0 0)
(0.00995993 0 0)
(0.00940207 0 0)
(0.00814199 0 0)
(0.00441496 0 0)
(0.000794375 0 0)
(1.02007e-07 0 0)
(0 0 0)
(0 0 0)
(0 0 0)
(0 0 0)
(0 0 0)
(0 0 0)
(0 0 0)
(0 0 0)
(0 0 0)
(0 0 0)
(0 0 0)
(0 0 0)
(0 0 0)
(0 0 0)
(0 0 0)
(0 0 0)
(0 0 0)
(0 0 0)
(0 0 0)
(0 0 0)
(0 0 0)
(0 0 0)
(0 0 0)
(0 0 0)
(0 0 0)
(0 0 0)
(0 0 0)
(0 0 0)
(0 0 0)
(0 0 0)
(0 0 0)
(0 0 0)
(0 0 0)
(0 0 0)
(0 0 0)
(0 0 0)
(0 0 0)
(0 0 0)
(0 0 0)
(0 0 0)
(0 0 0)
(0 0 0)
)
;

boundaryField
{
    inlet
    {
        type            fixedValue;
        value           uniform (0 0 0);
    }
    outlet
    {
        type            zeroGradient;
    }
    yzfaces
    {
        type            empty;
    }
}


// ************************************************************************* //
