/*--------------------------------*- C++ -*----------------------------------*\
  =========                 |
  \\      /  F ield         | OpenFOAM: The Open Source CFD Toolbox
   \\    /   O peration     | Website:  https://openfoam.org
    \\  /    A nd           | Version:  10
     \\/     M anipulation  |
\*---------------------------------------------------------------------------*/
FoamFile
{
    format      ascii;
    class       volVectorField;
    location    "0.68";
    object      Ub;
}
// * * * * * * * * * * * * * * * * * * * * * * * * * * * * * * * * * * * * * //

dimensions      [0 1 -1 0 0 0 0];

internalField   nonuniform List<vector> 
100
(
(3.02075e-05 0 0)
(9.16762e-05 0 0)
(0.000154427 0 0)
(0.000217423 0 0)
(0.00028039 0 0)
(0.000343243 0 0)
(0.000405966 0 0)
(0.000468569 0 0)
(0.000531071 0 0)
(0.000593499 0 0)
(0.000655878 0 0)
(0.000718235 0 0)
(0.000780598 0 0)
(0.000842991 0 0)
(0.00090544 0 0)
(0.00096797 0 0)
(0.00103061 0 0)
(0.00109337 0 0)
(0.0011563 0 0)
(0.0012194 0 0)
(0.00128271 0 0)
(0.00134625 0 0)
(0.00141005 0 0)
(0.00147414 0 0)
(0.00153855 0 0)
(0.00160331 0 0)
(0.00166845 0 0)
(0.00173402 0 0)
(0.00180005 0 0)
(0.00186659 0 0)
(0.0019337 0 0)
(0.00200143 0 0)
(0.00206985 0 0)
(0.00213903 0 0)
(0.00220907 0 0)
(0.00228007 0 0)
(0.00235215 0 0)
(0.00242547 0 0)
(0.00250022 0 0)
(0.00257661 0 0)
(0.00265494 0 0)
(0.00273558 0 0)
(0.00281898 0 0)
(0.0029058 0 0)
(0.00299686 0 0)
(0.00309336 0 0)
(0.00319699 0 0)
(0.00331024 0 0)
(0.003437 0 0)
(0.00358365 0 0)
(0.00376134 0 0)
(0.00399162 0 0)
(0.0043219 0 0)
(0.00487977 0 0)
(0.00613984 0 0)
(0.00986687 0 0)
(0.0134875 0 0)
(0.0142817 0 0)
(0.0142818 0 0)
(0.0142818 0 0)
(0.0142818 0 0)
(0.0142818 0 0)
(0.0142818 0 0)
(0.0142818 0 0)
(0.0142818 0 0)
(0.0142818 0 0)
(0.0142818 0 0)
(0.0142818 0 0)
(0.0142818 0 0)
(0.0142818 0 0)
(0.0142818 0 0)
(0.0142818 0 0)
(0.0142818 0 0)
(0.0142818 0 0)
(0.0142818 0 0)
(0.0142818 0 0)
(0.0142818 0 0)
(0.0142818 0 0)
(0.0142818 0 0)
(0.0142818 0 0)
(0.0142818 0 0)
(0.0142818 0 0)
(0.0142818 0 0)
(0.0142818 0 0)
(0.0142818 0 0)
(0.0142818 0 0)
(0.0142818 0 0)
(0.0142818 0 0)
(0.0142818 0 0)
(0.0142818 0 0)
(0.0142818 0 0)
(0.0142818 0 0)
(0.0142818 0 0)
(0.0142818 0 0)
(0.0142818 0 0)
(0.0142818 0 0)
(0.0142818 0 0)
(0.0142818 0 0)
(0.0142818 0 0)
(0.0142818 0 0)
)
;

boundaryField
{
    inlet
    {
        type            fixedValue;
        value           uniform (0 0 0);
    }
    outlet
    {
        type            zeroGradient;
    }
    yzfaces
    {
        type            empty;
    }
}


// ************************************************************************* //
