/*--------------------------------*- C++ -*----------------------------------*\
  =========                 |
  \\      /  F ield         | OpenFOAM: The Open Source CFD Toolbox
   \\    /   O peration     | Website:  https://openfoam.org
    \\  /    A nd           | Version:  10
     \\/     M anipulation  |
\*---------------------------------------------------------------------------*/
FoamFile
{
    format      ascii;
    class       volVectorField;
    location    "0.685";
    object      Ua;
}
// * * * * * * * * * * * * * * * * * * * * * * * * * * * * * * * * * * * * * //

dimensions      [0 1 -1 0 0 0 0];

internalField   nonuniform List<vector> 
100
(
(0.00711093 0 0)
(0.0141908 0 0)
(0.0141285 0 0)
(0.014066 0 0)
(0.0140035 0 0)
(0.0139411 0 0)
(0.0138788 0 0)
(0.0138167 0 0)
(0.0137546 0 0)
(0.0136926 0 0)
(0.0136307 0 0)
(0.0135688 0 0)
(0.0135069 0 0)
(0.013445 0 0)
(0.013383 0 0)
(0.013321 0 0)
(0.0132588 0 0)
(0.0131965 0 0)
(0.0131341 0 0)
(0.0130715 0 0)
(0.0130087 0 0)
(0.0129456 0 0)
(0.0128824 0 0)
(0.0128188 0 0)
(0.0127549 0 0)
(0.0126907 0 0)
(0.0126262 0 0)
(0.0125612 0 0)
(0.0124957 0 0)
(0.0124298 0 0)
(0.0123634 0 0)
(0.0122963 0 0)
(0.0122286 0 0)
(0.0121601 0 0)
(0.0120908 0 0)
(0.0120206 0 0)
(0.0119494 0 0)
(0.011877 0 0)
(0.0118033 0 0)
(0.011728 0 0)
(0.0116509 0 0)
(0.0115717 0 0)
(0.0114899 0 0)
(0.0114049 0 0)
(0.0113161 0 0)
(0.0112224 0 0)
(0.0111222 0 0)
(0.0110136 0 0)
(0.0108933 0 0)
(0.0107559 0 0)
(0.0105928 0 0)
(0.0103876 0 0)
(0.0101061 0 0)
(0.00966488 0 0)
(0.00879551 0 0)
(0.00628069 0 0)
(0.002196 0 0)
(1.61889e-05 0 0)
(4.21902e-14 0 0)
(0 0 0)
(0 0 0)
(0 0 0)
(0 0 0)
(0 0 0)
(0 0 0)
(0 0 0)
(0 0 0)
(0 0 0)
(0 0 0)
(0 0 0)
(0 0 0)
(0 0 0)
(0 0 0)
(0 0 0)
(0 0 0)
(0 0 0)
(0 0 0)
(0 0 0)
(0 0 0)
(0 0 0)
(0 0 0)
(0 0 0)
(0 0 0)
(0 0 0)
(0 0 0)
(0 0 0)
(0 0 0)
(0 0 0)
(0 0 0)
(0 0 0)
(0 0 0)
(0 0 0)
(0 0 0)
(0 0 0)
(0 0 0)
(0 0 0)
(0 0 0)
(0 0 0)
(0 0 0)
(0 0 0)
)
;

boundaryField
{
    inlet
    {
        type            fixedValue;
        value           uniform (0 0 0);
    }
    outlet
    {
        type            zeroGradient;
    }
    yzfaces
    {
        type            empty;
    }
}


// ************************************************************************* //
