/*--------------------------------*- C++ -*----------------------------------*\
  =========                 |
  \\      /  F ield         | OpenFOAM: The Open Source CFD Toolbox
   \\    /   O peration     | Website:  https://openfoam.org
    \\  /    A nd           | Version:  10
     \\/     M anipulation  |
\*---------------------------------------------------------------------------*/
FoamFile
{
    format      ascii;
    class       volVectorField;
    location    "0.795";
    object      Ua;
}
// * * * * * * * * * * * * * * * * * * * * * * * * * * * * * * * * * * * * * //

dimensions      [0 1 -1 0 0 0 0];

internalField   nonuniform List<vector> 
100
(
(0.00711496 0 0)
(0.0142033 0 0)
(0.0141497 0 0)
(0.0140958 0 0)
(0.0140419 0 0)
(0.013988 0 0)
(0.0139343 0 0)
(0.0138806 0 0)
(0.0138271 0 0)
(0.0137737 0 0)
(0.0137203 0 0)
(0.013667 0 0)
(0.0136137 0 0)
(0.0135605 0 0)
(0.0135072 0 0)
(0.0134539 0 0)
(0.0134006 0 0)
(0.0133473 0 0)
(0.0132939 0 0)
(0.0132405 0 0)
(0.0131869 0 0)
(0.0131332 0 0)
(0.0130795 0 0)
(0.0130255 0 0)
(0.0129715 0 0)
(0.0129173 0 0)
(0.0128628 0 0)
(0.0128082 0 0)
(0.0127534 0 0)
(0.0126983 0 0)
(0.012643 0 0)
(0.0125874 0 0)
(0.0125315 0 0)
(0.0124753 0 0)
(0.0124188 0 0)
(0.0123618 0 0)
(0.0123044 0 0)
(0.0122466 0 0)
(0.0121883 0 0)
(0.0121294 0 0)
(0.01207 0 0)
(0.0120099 0 0)
(0.011949 0 0)
(0.0118874 0 0)
(0.0118248 0 0)
(0.0117612 0 0)
(0.0116964 0 0)
(0.0116303 0 0)
(0.0115626 0 0)
(0.011493 0 0)
(0.0114212 0 0)
(0.0113468 0 0)
(0.0112691 0 0)
(0.0111873 0 0)
(0.0111003 0 0)
(0.0110065 0 0)
(0.0109034 0 0)
(0.0107874 0 0)
(0.0106526 0 0)
(0.0104885 0 0)
(0.0102754 0 0)
(0.0099705 0 0)
(0.00946235 0 0)
(0.00835532 0 0)
(0.00498152 0 0)
(0.00119534 0 0)
(6.49287e-07 0 0)
(3.46945e-18 0 0)
(0 0 0)
(0 0 0)
(0 0 0)
(0 0 0)
(0 0 0)
(0 0 0)
(0 0 0)
(0 0 0)
(0 0 0)
(0 0 0)
(0 0 0)
(0 0 0)
(0 0 0)
(0 0 0)
(0 0 0)
(0 0 0)
(0 0 0)
(0 0 0)
(0 0 0)
(0 0 0)
(0 0 0)
(0 0 0)
(0 0 0)
(0 0 0)
(0 0 0)
(0 0 0)
(0 0 0)
(0 0 0)
(0 0 0)
(0 0 0)
(0 0 0)
(0 0 0)
)
;

boundaryField
{
    inlet
    {
        type            fixedValue;
        value           uniform (0 0 0);
    }
    outlet
    {
        type            zeroGradient;
    }
    yzfaces
    {
        type            empty;
    }
}


// ************************************************************************* //
