/*--------------------------------*- C++ -*----------------------------------*\
  =========                 |
  \\      /  F ield         | OpenFOAM: The Open Source CFD Toolbox
   \\    /   O peration     | Website:  https://openfoam.org
    \\  /    A nd           | Version:  10
     \\/     M anipulation  |
\*---------------------------------------------------------------------------*/
FoamFile
{
    format      ascii;
    class       volVectorField;
    location    "0.795";
    object      Ub;
}
// * * * * * * * * * * * * * * * * * * * * * * * * * * * * * * * * * * * * * //

dimensions      [0 1 -1 0 0 0 0];

internalField   nonuniform List<vector> 
100
(
(2.56279e-05 0 0)
(7.79151e-05 0 0)
(0.000131495 0 0)
(0.000185385 0 0)
(0.000239304 0 0)
(0.00029315 0 0)
(0.000346893 0 0)
(0.000400526 0 0)
(0.000454058 0 0)
(0.000507501 0 0)
(0.000560872 0 0)
(0.000614188 0 0)
(0.000667466 0 0)
(0.000720722 0 0)
(0.000773974 0 0)
(0.000827238 0 0)
(0.000880529 0 0)
(0.000933864 0 0)
(0.000987257 0 0)
(0.00104072 0 0)
(0.00109428 0 0)
(0.00114794 0 0)
(0.00120172 0 0)
(0.00125563 0 0)
(0.00130969 0 0)
(0.00136392 0 0)
(0.00141833 0 0)
(0.00147294 0 0)
(0.00152776 0 0)
(0.00158283 0 0)
(0.00163814 0 0)
(0.00169374 0 0)
(0.00174963 0 0)
(0.00180585 0 0)
(0.00186242 0 0)
(0.00191938 0 0)
(0.00197675 0 0)
(0.00203457 0 0)
(0.00209288 0 0)
(0.00215174 0 0)
(0.00221119 0 0)
(0.0022713 0 0)
(0.00233214 0 0)
(0.00239379 0 0)
(0.00245636 0 0)
(0.00251996 0 0)
(0.00258474 0 0)
(0.00265088 0 0)
(0.00271859 0 0)
(0.00278816 0 0)
(0.00285993 0 0)
(0.00293437 0 0)
(0.00301207 0 0)
(0.00309387 0 0)
(0.00318087 0 0)
(0.00327472 0 0)
(0.00337778 0 0)
(0.00349373 0 0)
(0.00362857 0 0)
(0.00379266 0 0)
(0.0040058 0 0)
(0.00431068 0 0)
(0.00481882 0 0)
(0.00592585 0 0)
(0.00929965 0 0)
(0.0130858 0 0)
(0.0142805 0 0)
(0.0142812 0 0)
(0.0142812 0 0)
(0.0142812 0 0)
(0.0142812 0 0)
(0.0142812 0 0)
(0.0142812 0 0)
(0.0142812 0 0)
(0.0142812 0 0)
(0.0142812 0 0)
(0.0142812 0 0)
(0.0142812 0 0)
(0.0142812 0 0)
(0.0142812 0 0)
(0.0142812 0 0)
(0.0142812 0 0)
(0.0142812 0 0)
(0.0142812 0 0)
(0.0142812 0 0)
(0.0142812 0 0)
(0.0142812 0 0)
(0.0142812 0 0)
(0.0142812 0 0)
(0.0142812 0 0)
(0.0142812 0 0)
(0.0142812 0 0)
(0.0142812 0 0)
(0.0142812 0 0)
(0.0142812 0 0)
(0.0142812 0 0)
(0.0142812 0 0)
(0.0142812 0 0)
(0.0142812 0 0)
(0.0142812 0 0)
)
;

boundaryField
{
    inlet
    {
        type            fixedValue;
        value           uniform (0 0 0);
    }
    outlet
    {
        type            zeroGradient;
    }
    yzfaces
    {
        type            empty;
    }
}


// ************************************************************************* //
