/*--------------------------------*- C++ -*----------------------------------*\
  =========                 |
  \\      /  F ield         | OpenFOAM: The Open Source CFD Toolbox
   \\    /   O peration     | Website:  https://openfoam.org
    \\  /    A nd           | Version:  10
     \\/     M anipulation  |
\*---------------------------------------------------------------------------*/
FoamFile
{
    format      ascii;
    class       volVectorField;
    location    "1.335";
    object      Ua;
}
// * * * * * * * * * * * * * * * * * * * * * * * * * * * * * * * * * * * * * //

dimensions      [0 1 -1 0 0 0 0];

internalField   nonuniform List<vector> 
100
(
(0.00712431 0 0)
(0.014233 0 0)
(0.0142015 0 0)
(0.0141695 0 0)
(0.0141374 0 0)
(0.0141052 0 0)
(0.014073 0 0)
(0.0140408 0 0)
(0.0140087 0 0)
(0.0139767 0 0)
(0.0139446 0 0)
(0.0139127 0 0)
(0.0138808 0 0)
(0.0138489 0 0)
(0.0138171 0 0)
(0.0137854 0 0)
(0.0137536 0 0)
(0.0137219 0 0)
(0.0136903 0 0)
(0.0136586 0 0)
(0.013627 0 0)
(0.0135954 0 0)
(0.0135638 0 0)
(0.0135322 0 0)
(0.0135006 0 0)
(0.0134691 0 0)
(0.0134375 0 0)
(0.0134059 0 0)
(0.0133743 0 0)
(0.0133428 0 0)
(0.0133111 0 0)
(0.0132795 0 0)
(0.0132479 0 0)
(0.0132162 0 0)
(0.0131846 0 0)
(0.0131528 0 0)
(0.0131211 0 0)
(0.0130893 0 0)
(0.0130575 0 0)
(0.0130257 0 0)
(0.0129938 0 0)
(0.0129618 0 0)
(0.0129299 0 0)
(0.0128978 0 0)
(0.0128657 0 0)
(0.0128336 0 0)
(0.0128014 0 0)
(0.0127691 0 0)
(0.0127368 0 0)
(0.0127044 0 0)
(0.0126719 0 0)
(0.0126393 0 0)
(0.0126067 0 0)
(0.012574 0 0)
(0.0125412 0 0)
(0.0125083 0 0)
(0.0124753 0 0)
(0.0124422 0 0)
(0.012409 0 0)
(0.0123757 0 0)
(0.0123423 0 0)
(0.0123087 0 0)
(0.012275 0 0)
(0.0122412 0 0)
(0.0122073 0 0)
(0.0121732 0 0)
(0.0121389 0 0)
(0.0121045 0 0)
(0.0120699 0 0)
(0.0120352 0 0)
(0.0120002 0 0)
(0.011965 0 0)
(0.0119296 0 0)
(0.011894 0 0)
(0.0118581 0 0)
(0.011822 0 0)
(0.0117855 0 0)
(0.0117488 0 0)
(0.0117117 0 0)
(0.0116743 0 0)
(0.0116364 0 0)
(0.0115981 0 0)
(0.0115593 0 0)
(0.01152 0 0)
(0.0114801 0 0)
(0.0114395 0 0)
(0.0113982 0 0)
(0.011356 0 0)
(0.0113128 0 0)
(0.0112685 0 0)
(0.0112229 0 0)
(0.0111757 0 0)
(0.0111267 0 0)
(0.0110755 0 0)
(0.0110216 0 0)
(0.0109643 0 0)
(0.0109027 0 0)
(0.0108356 0 0)
(0.0107613 0 0)
(0.0106769 0 0)
)
;

boundaryField
{
    inlet
    {
        type            fixedValue;
        value           uniform (0 0 0);
    }
    outlet
    {
        type            zeroGradient;
    }
    yzfaces
    {
        type            empty;
    }
}


// ************************************************************************* //
