/*--------------------------------*- C++ -*----------------------------------*\
  =========                 |
  \\      /  F ield         | OpenFOAM: The Open Source CFD Toolbox
   \\    /   O peration     | Website:  https://openfoam.org
    \\  /    A nd           | Version:  10
     \\/     M anipulation  |
\*---------------------------------------------------------------------------*/
FoamFile
{
    format      ascii;
    class       volVectorField;
    location    "1.335";
    object      Ub;
}
// * * * * * * * * * * * * * * * * * * * * * * * * * * * * * * * * * * * * * //

dimensions      [0 1 -1 0 0 0 0];

internalField   nonuniform List<vector> 
100
(
(1.47367e-05 0 0)
(4.50893e-05 0 0)
(7.66269e-05 0 0)
(0.000108593 0 0)
(0.000140727 0 0)
(0.000172915 0 0)
(0.000205102 0 0)
(0.000237259 0 0)
(0.000269371 0 0)
(0.000301432 0 0)
(0.000333439 0 0)
(0.000365394 0 0)
(0.000397297 0 0)
(0.000429152 0 0)
(0.000460963 0 0)
(0.000492732 0 0)
(0.000524464 0 0)
(0.000556163 0 0)
(0.000587833 0 0)
(0.000619477 0 0)
(0.0006511 0 0)
(0.000682706 0 0)
(0.000714297 0 0)
(0.000745878 0 0)
(0.000777452 0 0)
(0.000809023 0 0)
(0.000840594 0 0)
(0.000872168 0 0)
(0.000903748 0 0)
(0.000935338 0 0)
(0.000966941 0 0)
(0.000998559 0 0)
(0.0010302 0 0)
(0.00106185 0 0)
(0.00109354 0 0)
(0.00112525 0 0)
(0.00115699 0 0)
(0.00118876 0 0)
(0.00122057 0 0)
(0.00125242 0 0)
(0.00128432 0 0)
(0.00131625 0 0)
(0.00134824 0 0)
(0.00138027 0 0)
(0.00141236 0 0)
(0.0014445 0 0)
(0.00147671 0 0)
(0.00150898 0 0)
(0.00154131 0 0)
(0.00157372 0 0)
(0.00160619 0 0)
(0.00163875 0 0)
(0.00167138 0 0)
(0.0017041 0 0)
(0.0017369 0 0)
(0.0017698 0 0)
(0.00180279 0 0)
(0.00183589 0 0)
(0.00186909 0 0)
(0.0019024 0 0)
(0.00193582 0 0)
(0.00196937 0 0)
(0.00200304 0 0)
(0.00203685 0 0)
(0.0020708 0 0)
(0.00210489 0 0)
(0.00213915 0 0)
(0.00217356 0 0)
(0.00220815 0 0)
(0.00224292 0 0)
(0.00227789 0 0)
(0.00231306 0 0)
(0.00234845 0 0)
(0.00238408 0 0)
(0.00241996 0 0)
(0.0024561 0 0)
(0.00249254 0 0)
(0.00252929 0 0)
(0.00256637 0 0)
(0.00260383 0 0)
(0.00264168 0 0)
(0.00267998 0 0)
(0.00271875 0 0)
(0.00275807 0 0)
(0.00279798 0 0)
(0.00283857 0 0)
(0.0028799 0 0)
(0.00292209 0 0)
(0.00296527 0 0)
(0.00300957 0 0)
(0.00305518 0 0)
(0.00310235 0 0)
(0.00315136 0 0)
(0.00320258 0 0)
(0.00325652 0 0)
(0.00331383 0 0)
(0.00337539 0 0)
(0.00344246 0 0)
(0.00351683 0 0)
(0.00360115 0 0)
)
;

boundaryField
{
    inlet
    {
        type            fixedValue;
        value           uniform (0 0 0);
    }
    outlet
    {
        type            zeroGradient;
    }
    yzfaces
    {
        type            empty;
    }
}


// ************************************************************************* //
