/*--------------------------------*- C++ -*----------------------------------*\
  =========                 |
  \\      /  F ield         | OpenFOAM: The Open Source CFD Toolbox
   \\    /   O peration     | Website:  https://openfoam.org
    \\  /    A nd           | Version:  10
     \\/     M anipulation  |
\*---------------------------------------------------------------------------*/
FoamFile
{
    format      ascii;
    class       volVectorField;
    location    "1.1";
    object      Ua;
}
// * * * * * * * * * * * * * * * * * * * * * * * * * * * * * * * * * * * * * //

dimensions      [0 1 -1 0 0 0 0];

internalField   nonuniform List<vector> 
100
(
(0.00712157 0 0)
(0.014224 0 0)
(0.0141856 0 0)
(0.0141467 0 0)
(0.0141076 0 0)
(0.0140686 0 0)
(0.0140296 0 0)
(0.0139907 0 0)
(0.0139518 0 0)
(0.013913 0 0)
(0.0138743 0 0)
(0.0138357 0 0)
(0.0137971 0 0)
(0.0137585 0 0)
(0.01372 0 0)
(0.0136816 0 0)
(0.0136431 0 0)
(0.0136047 0 0)
(0.0135663 0 0)
(0.0135279 0 0)
(0.0134896 0 0)
(0.0134512 0 0)
(0.0134128 0 0)
(0.0133744 0 0)
(0.013336 0 0)
(0.0132976 0 0)
(0.0132591 0 0)
(0.0132206 0 0)
(0.0131821 0 0)
(0.0131435 0 0)
(0.0131048 0 0)
(0.0130662 0 0)
(0.0130274 0 0)
(0.0129886 0 0)
(0.0129497 0 0)
(0.0129107 0 0)
(0.0128717 0 0)
(0.0128325 0 0)
(0.0127933 0 0)
(0.0127539 0 0)
(0.0127145 0 0)
(0.0126749 0 0)
(0.0126353 0 0)
(0.0125954 0 0)
(0.0125555 0 0)
(0.0125154 0 0)
(0.0124752 0 0)
(0.0124348 0 0)
(0.0123942 0 0)
(0.0123534 0 0)
(0.0123125 0 0)
(0.0122714 0 0)
(0.01223 0 0)
(0.0121884 0 0)
(0.0121466 0 0)
(0.0121045 0 0)
(0.0120621 0 0)
(0.0120195 0 0)
(0.0119765 0 0)
(0.0119331 0 0)
(0.0118894 0 0)
(0.0118453 0 0)
(0.0118007 0 0)
(0.0117557 0 0)
(0.0117101 0 0)
(0.0116639 0 0)
(0.011617 0 0)
(0.0115694 0 0)
(0.011521 0 0)
(0.0114716 0 0)
(0.0114211 0 0)
(0.0113694 0 0)
(0.0113162 0 0)
(0.0112612 0 0)
(0.0112042 0 0)
(0.0111447 0 0)
(0.011082 0 0)
(0.0110155 0 0)
(0.0109441 0 0)
(0.0108661 0 0)
(0.0107794 0 0)
(0.0106806 0 0)
(0.010564 0 0)
(0.0104202 0 0)
(0.0102313 0 0)
(0.00995964 0 0)
(0.00951021 0 0)
(0.00856427 0 0)
(0.00568581 0 0)
(0.00173777 0 0)
(4.36068e-06 0 0)
(4.05925e-16 0 0)
(0 0 0)
(0 0 0)
(0 0 0)
(0 0 0)
(0 0 0)
(0 0 0)
(0 0 0)
(0 0 0)
)
;

boundaryField
{
    inlet
    {
        type            fixedValue;
        value           uniform (0 0 0);
    }
    outlet
    {
        type            zeroGradient;
    }
    yzfaces
    {
        type            empty;
    }
}


// ************************************************************************* //
