/*--------------------------------*- C++ -*----------------------------------*\
  =========                 |
  \\      /  F ield         | OpenFOAM: The Open Source CFD Toolbox
   \\    /   O peration     | Website:  https://openfoam.org
    \\  /    A nd           | Version:  10
     \\/     M anipulation  |
\*---------------------------------------------------------------------------*/
FoamFile
{
    format      ascii;
    class       volVectorField;
    location    "0.8";
    object      Ua;
}
// * * * * * * * * * * * * * * * * * * * * * * * * * * * * * * * * * * * * * //

dimensions      [0 1 -1 0 0 0 0];

internalField   nonuniform List<vector> 
100
(
(0.00711511 0 0)
(0.0142037 0 0)
(0.0141505 0 0)
(0.0140969 0 0)
(0.0140434 0 0)
(0.0139898 0 0)
(0.0139364 0 0)
(0.0138831 0 0)
(0.0138299 0 0)
(0.0137768 0 0)
(0.0137238 0 0)
(0.0136708 0 0)
(0.0136179 0 0)
(0.0135649 0 0)
(0.013512 0 0)
(0.0134591 0 0)
(0.0134061 0 0)
(0.0133531 0 0)
(0.0133001 0 0)
(0.013247 0 0)
(0.0131938 0 0)
(0.0131405 0 0)
(0.0130871 0 0)
(0.0130335 0 0)
(0.0129798 0 0)
(0.012926 0 0)
(0.0128719 0 0)
(0.0128177 0 0)
(0.0127633 0 0)
(0.0127086 0 0)
(0.0126537 0 0)
(0.0125985 0 0)
(0.012543 0 0)
(0.0124873 0 0)
(0.0124311 0 0)
(0.0123746 0 0)
(0.0123177 0 0)
(0.0122604 0 0)
(0.0122026 0 0)
(0.0121443 0 0)
(0.0120854 0 0)
(0.0120258 0 0)
(0.0119656 0 0)
(0.0119046 0 0)
(0.0118427 0 0)
(0.0117798 0 0)
(0.0117158 0 0)
(0.0116506 0 0)
(0.0115838 0 0)
(0.0115154 0 0)
(0.0114448 0 0)
(0.0113718 0 0)
(0.0112958 0 0)
(0.0112161 0 0)
(0.0111316 0 0)
(0.0110411 0 0)
(0.0109423 0 0)
(0.0108324 0 0)
(0.0107063 0 0)
(0.0105558 0 0)
(0.0103658 0 0)
(0.0101053 0 0)
(0.00970039 0 0)
(0.00892234 0 0)
(0.00675731 0 0)
(0.00260658 0 0)
(4.73435e-05 0 0)
(2.03404e-12 0 0)
(0 0 0)
(0 0 0)
(0 0 0)
(0 0 0)
(0 0 0)
(0 0 0)
(0 0 0)
(0 0 0)
(0 0 0)
(0 0 0)
(0 0 0)
(0 0 0)
(0 0 0)
(0 0 0)
(0 0 0)
(0 0 0)
(0 0 0)
(0 0 0)
(0 0 0)
(0 0 0)
(0 0 0)
(0 0 0)
(0 0 0)
(0 0 0)
(0 0 0)
(0 0 0)
(0 0 0)
(0 0 0)
(0 0 0)
(0 0 0)
(0 0 0)
(0 0 0)
)
;

boundaryField
{
    inlet
    {
        type            fixedValue;
        value           uniform (0 0 0);
    }
    outlet
    {
        type            zeroGradient;
    }
    yzfaces
    {
        type            empty;
    }
}


// ************************************************************************* //
