/*--------------------------------*- C++ -*----------------------------------*\
  =========                 |
  \\      /  F ield         | OpenFOAM: The Open Source CFD Toolbox
   \\    /   O peration     | Website:  https://openfoam.org
    \\  /    A nd           | Version:  10
     \\/     M anipulation  |
\*---------------------------------------------------------------------------*/
FoamFile
{
    format      ascii;
    class       volVectorField;
    location    "0.8";
    object      Ub;
}
// * * * * * * * * * * * * * * * * * * * * * * * * * * * * * * * * * * * * * //

dimensions      [0 1 -1 0 0 0 0];

internalField   nonuniform List<vector> 
100
(
(2.54588e-05 0 0)
(7.74067e-05 0 0)
(0.000130647 0 0)
(0.000184201 0 0)
(0.000237784 0 0)
(0.000291297 0 0)
(0.000344708 0 0)
(0.00039801 0 0)
(0.000451211 0 0)
(0.000504323 0 0)
(0.000557363 0 0)
(0.000610347 0 0)
(0.000663291 0 0)
(0.000716213 0 0)
(0.000769128 0 0)
(0.000822054 0 0)
(0.000875004 0 0)
(0.000927996 0 0)
(0.000981044 0 0)
(0.00103416 0 0)
(0.00108737 0 0)
(0.00114067 0 0)
(0.00119409 0 0)
(0.00124764 0 0)
(0.00130133 0 0)
(0.00135519 0 0)
(0.00140922 0 0)
(0.00146344 0 0)
(0.00151788 0 0)
(0.00157254 0 0)
(0.00162745 0 0)
(0.00168263 0 0)
(0.0017381 0 0)
(0.00179389 0 0)
(0.00185002 0 0)
(0.00190651 0 0)
(0.00196341 0 0)
(0.00202075 0 0)
(0.00207856 0 0)
(0.00213689 0 0)
(0.0021958 0 0)
(0.00225533 0 0)
(0.00231556 0 0)
(0.00237657 0 0)
(0.00243845 0 0)
(0.00250132 0 0)
(0.0025653 0 0)
(0.00263056 0 0)
(0.00269731 0 0)
(0.00276578 0 0)
(0.00283632 0 0)
(0.00290931 0 0)
(0.00298532 0 0)
(0.00306505 0 0)
(0.0031495 0 0)
(0.00324008 0 0)
(0.0033388 0 0)
(0.00344876 0 0)
(0.00357485 0 0)
(0.00372534 0 0)
(0.00391536 0 0)
(0.0041758 0 0)
(0.00458075 0 0)
(0.0053588 0 0)
(0.00752383 0 0)
(0.0116746 0 0)
(0.0142338 0 0)
(0.0142811 0 0)
(0.0142811 0 0)
(0.0142811 0 0)
(0.0142811 0 0)
(0.0142811 0 0)
(0.0142811 0 0)
(0.0142811 0 0)
(0.0142811 0 0)
(0.0142811 0 0)
(0.0142811 0 0)
(0.0142811 0 0)
(0.0142811 0 0)
(0.0142811 0 0)
(0.0142811 0 0)
(0.0142811 0 0)
(0.0142811 0 0)
(0.0142811 0 0)
(0.0142811 0 0)
(0.0142811 0 0)
(0.0142811 0 0)
(0.0142811 0 0)
(0.0142811 0 0)
(0.0142811 0 0)
(0.0142811 0 0)
(0.0142811 0 0)
(0.0142811 0 0)
(0.0142811 0 0)
(0.0142811 0 0)
(0.0142811 0 0)
(0.0142811 0 0)
(0.0142811 0 0)
(0.0142811 0 0)
(0.0142811 0 0)
)
;

boundaryField
{
    inlet
    {
        type            fixedValue;
        value           uniform (0 0 0);
    }
    outlet
    {
        type            zeroGradient;
    }
    yzfaces
    {
        type            empty;
    }
}


// ************************************************************************* //
