/*--------------------------------*- C++ -*----------------------------------*\
  =========                 |
  \\      /  F ield         | OpenFOAM: The Open Source CFD Toolbox
   \\    /   O peration     | Website:  https://openfoam.org
    \\  /    A nd           | Version:  10
     \\/     M anipulation  |
\*---------------------------------------------------------------------------*/
FoamFile
{
    format      ascii;
    class       volVectorField;
    location    "1.13";
    object      Ub;
}
// * * * * * * * * * * * * * * * * * * * * * * * * * * * * * * * * * * * * * //

dimensions      [0 1 -1 0 0 0 0];

internalField   nonuniform List<vector> 
100
(
(1.7632e-05 0 0)
(5.38337e-05 0 0)
(9.12741e-05 0 0)
(0.000129121 0 0)
(0.000167102 0 0)
(0.000205102 0 0)
(0.000243069 0 0)
(0.000280981 0 0)
(0.000318826 0 0)
(0.000356602 0 0)
(0.000394311 0 0)
(0.000431958 0 0)
(0.000469547 0 0)
(0.000507084 0 0)
(0.000544575 0 0)
(0.000582027 0 0)
(0.000619447 0 0)
(0.00065684 0 0)
(0.000694212 0 0)
(0.00073157 0 0)
(0.000768919 0 0)
(0.000806266 0 0)
(0.000843614 0 0)
(0.000880971 0 0)
(0.000918342 0 0)
(0.00095573 0 0)
(0.000993143 0 0)
(0.00103058 0 0)
(0.00106806 0 0)
(0.00110557 0 0)
(0.00114313 0 0)
(0.00118073 0 0)
(0.00121839 0 0)
(0.00125611 0 0)
(0.00129389 0 0)
(0.00133174 0 0)
(0.00136966 0 0)
(0.00140766 0 0)
(0.00144574 0 0)
(0.00148391 0 0)
(0.00152218 0 0)
(0.00156055 0 0)
(0.00159902 0 0)
(0.00163761 0 0)
(0.00167631 0 0)
(0.00171514 0 0)
(0.00175411 0 0)
(0.00179321 0 0)
(0.00183246 0 0)
(0.00187187 0 0)
(0.00191144 0 0)
(0.00195119 0 0)
(0.00199112 0 0)
(0.00203125 0 0)
(0.00207159 0 0)
(0.00211214 0 0)
(0.00215294 0 0)
(0.00219398 0 0)
(0.0022353 0 0)
(0.0022769 0 0)
(0.00231882 0 0)
(0.00236107 0 0)
(0.00240368 0 0)
(0.00244668 0 0)
(0.00249012 0 0)
(0.00253402 0 0)
(0.00257843 0 0)
(0.00262342 0 0)
(0.00266904 0 0)
(0.00271536 0 0)
(0.00276249 0 0)
(0.00281051 0 0)
(0.00285957 0 0)
(0.00290982 0 0)
(0.00296145 0 0)
(0.0030147 0 0)
(0.00306989 0 0)
(0.00312742 0 0)
(0.0031878 0 0)
(0.00325173 0 0)
(0.00332017 0 0)
(0.00339444 0 0)
(0.00347651 0 0)
(0.00356927 0 0)
(0.00367735 0 0)
(0.00380846 0 0)
(0.00397655 0 0)
(0.00420965 0 0)
(0.00457331 0 0)
(0.00526194 0 0)
(0.00710445 0 0)
(0.0112598 0 0)
(0.0141572 0 0)
(0.0142793 0 0)
(0.0142793 0 0)
(0.0142793 0 0)
(0.0142793 0 0)
(0.0142793 0 0)
(0.0142793 0 0)
(0.0142793 0 0)
)
;

boundaryField
{
    inlet
    {
        type            fixedValue;
        value           uniform (0 0 0);
    }
    outlet
    {
        type            zeroGradient;
    }
    yzfaces
    {
        type            empty;
    }
}


// ************************************************************************* //
