/*--------------------------------*- C++ -*----------------------------------*\
  =========                 |
  \\      /  F ield         | OpenFOAM: The Open Source CFD Toolbox
   \\    /   O peration     | Website:  https://openfoam.org
    \\  /    A nd           | Version:  10
     \\/     M anipulation  |
\*---------------------------------------------------------------------------*/
FoamFile
{
    format      ascii;
    class       volVectorField;
    location    "1.25";
    object      Ua;
}
// * * * * * * * * * * * * * * * * * * * * * * * * * * * * * * * * * * * * * //

dimensions      [0 1 -1 0 0 0 0];

internalField   nonuniform List<vector> 
100
(
(0.00712347 0 0)
(0.0142302 0 0)
(0.0141965 0 0)
(0.0141623 0 0)
(0.014128 0 0)
(0.0140936 0 0)
(0.0140592 0 0)
(0.0140249 0 0)
(0.0139907 0 0)
(0.0139564 0 0)
(0.0139223 0 0)
(0.0138882 0 0)
(0.0138542 0 0)
(0.0138202 0 0)
(0.0137863 0 0)
(0.0137524 0 0)
(0.0137185 0 0)
(0.0136847 0 0)
(0.0136509 0 0)
(0.0136171 0 0)
(0.0135833 0 0)
(0.0135496 0 0)
(0.0135158 0 0)
(0.0134821 0 0)
(0.0134484 0 0)
(0.0134146 0 0)
(0.0133809 0 0)
(0.0133471 0 0)
(0.0133134 0 0)
(0.0132796 0 0)
(0.0132458 0 0)
(0.0132119 0 0)
(0.013178 0 0)
(0.0131441 0 0)
(0.0131102 0 0)
(0.0130762 0 0)
(0.0130422 0 0)
(0.0130081 0 0)
(0.012974 0 0)
(0.0129398 0 0)
(0.0129056 0 0)
(0.0128713 0 0)
(0.012837 0 0)
(0.0128025 0 0)
(0.012768 0 0)
(0.0127334 0 0)
(0.0126988 0 0)
(0.012664 0 0)
(0.0126292 0 0)
(0.0125943 0 0)
(0.0125592 0 0)
(0.0125241 0 0)
(0.0124888 0 0)
(0.0124535 0 0)
(0.012418 0 0)
(0.0123824 0 0)
(0.0123466 0 0)
(0.0123107 0 0)
(0.0122747 0 0)
(0.0122385 0 0)
(0.0122021 0 0)
(0.0121656 0 0)
(0.0121289 0 0)
(0.012092 0 0)
(0.0120548 0 0)
(0.0120175 0 0)
(0.0119799 0 0)
(0.0119421 0 0)
(0.011904 0 0)
(0.0118656 0 0)
(0.0118269 0 0)
(0.0117878 0 0)
(0.0117484 0 0)
(0.0117086 0 0)
(0.0116684 0 0)
(0.0116277 0 0)
(0.0115864 0 0)
(0.0115446 0 0)
(0.0115021 0 0)
(0.0114589 0 0)
(0.0114148 0 0)
(0.0113698 0 0)
(0.0113237 0 0)
(0.0112763 0 0)
(0.0112274 0 0)
(0.0111768 0 0)
(0.0111241 0 0)
(0.0110688 0 0)
(0.0110103 0 0)
(0.0109479 0 0)
(0.0108803 0 0)
(0.010806 0 0)
(0.0107226 0 0)
(0.0106264 0 0)
(0.0105115 0 0)
(0.0103675 0 0)
(0.0101749 0 0)
(0.00989128 0 0)
(0.00940662 0 0)
(0.00833229 0 0)
)
;

boundaryField
{
    inlet
    {
        type            fixedValue;
        value           uniform (0 0 0);
    }
    outlet
    {
        type            zeroGradient;
    }
    yzfaces
    {
        type            empty;
    }
}


// ************************************************************************* //
