/*--------------------------------*- C++ -*----------------------------------*\
  =========                 |
  \\      /  F ield         | OpenFOAM: The Open Source CFD Toolbox
   \\    /   O peration     | Website:  https://openfoam.org
    \\  /    A nd           | Version:  10
     \\/     M anipulation  |
\*---------------------------------------------------------------------------*/
FoamFile
{
    format      ascii;
    class       volVectorField;
    location    "1.25";
    object      Ub;
}
// * * * * * * * * * * * * * * * * * * * * * * * * * * * * * * * * * * * * * //

dimensions      [0 1 -1 0 0 0 0];

internalField   nonuniform List<vector> 
100
(
(1.58202e-05 0 0)
(4.83638e-05 0 0)
(8.21152e-05 0 0)
(0.000116288 0 0)
(0.000150617 0 0)
(0.000184987 0 0)
(0.000219343 0 0)
(0.00025366 0 0)
(0.000287923 0 0)
(0.000322128 0 0)
(0.000356274 0 0)
(0.000390363 0 0)
(0.000424397 0 0)
(0.000458381 0 0)
(0.000492319 0 0)
(0.000526216 0 0)
(0.000560077 0 0)
(0.000593906 0 0)
(0.000627708 0 0)
(0.000661487 0 0)
(0.000695249 0 0)
(0.000728998 0 0)
(0.000762737 0 0)
(0.000796472 0 0)
(0.000830206 0 0)
(0.000863944 0 0)
(0.000897689 0 0)
(0.000931445 0 0)
(0.000965216 0 0)
(0.000999006 0 0)
(0.00103282 0 0)
(0.00106666 0 0)
(0.00110052 0 0)
(0.00113443 0 0)
(0.00116836 0 0)
(0.00120234 0 0)
(0.00123636 0 0)
(0.00127043 0 0)
(0.00130455 0 0)
(0.00133873 0 0)
(0.00137296 0 0)
(0.00140726 0 0)
(0.00144162 0 0)
(0.00147605 0 0)
(0.00151055 0 0)
(0.00154513 0 0)
(0.0015798 0 0)
(0.00161455 0 0)
(0.00164939 0 0)
(0.00168432 0 0)
(0.00171936 0 0)
(0.0017545 0 0)
(0.00178975 0 0)
(0.00182511 0 0)
(0.0018606 0 0)
(0.00189621 0 0)
(0.00193196 0 0)
(0.00196785 0 0)
(0.00200389 0 0)
(0.00204009 0 0)
(0.00207645 0 0)
(0.00211298 0 0)
(0.0021497 0 0)
(0.00218662 0 0)
(0.00222374 0 0)
(0.00226109 0 0)
(0.00229867 0 0)
(0.0023365 0 0)
(0.0023746 0 0)
(0.00241299 0 0)
(0.0024517 0 0)
(0.00249074 0 0)
(0.00253014 0 0)
(0.00256995 0 0)
(0.00261019 0 0)
(0.00265091 0 0)
(0.00269216 0 0)
(0.00273399 0 0)
(0.00277648 0 0)
(0.00281971 0 0)
(0.00286377 0 0)
(0.00290879 0 0)
(0.00295489 0 0)
(0.00300227 0 0)
(0.00305113 0 0)
(0.00310175 0 0)
(0.00315448 0 0)
(0.00320978 0 0)
(0.00326824 0 0)
(0.0033307 0 0)
(0.00339827 0 0)
(0.00347257 0 0)
(0.00355597 0 0)
(0.00365216 0 0)
(0.00376706 0 0)
(0.00391103 0 0)
(0.00410367 0 0)
(0.00438729 0 0)
(0.00487195 0 0)
(0.00594628 0 0)
)
;

boundaryField
{
    inlet
    {
        type            fixedValue;
        value           uniform (0 0 0);
    }
    outlet
    {
        type            zeroGradient;
    }
    yzfaces
    {
        type            empty;
    }
}


// ************************************************************************* //
