/*--------------------------------*- C++ -*----------------------------------*\
  =========                 |
  \\      /  F ield         | OpenFOAM: The Open Source CFD Toolbox
   \\    /   O peration     | Website:  https://openfoam.org
    \\  /    A nd           | Version:  10
     \\/     M anipulation  |
\*---------------------------------------------------------------------------*/
FoamFile
{
    format      ascii;
    class       volVectorField;
    location    "0.75";
    object      Ua;
}
// * * * * * * * * * * * * * * * * * * * * * * * * * * * * * * * * * * * * * //

dimensions      [0 1 -1 0 0 0 0];

internalField   nonuniform List<vector> 
100
(
(0.00711346 0 0)
(0.0141986 0 0)
(0.0141418 0 0)
(0.0140847 0 0)
(0.0140275 0 0)
(0.0139705 0 0)
(0.0139136 0 0)
(0.0138568 0 0)
(0.0138 0 0)
(0.0137434 0 0)
(0.0136869 0 0)
(0.0136304 0 0)
(0.0135739 0 0)
(0.0135174 0 0)
(0.0134609 0 0)
(0.0134044 0 0)
(0.0133478 0 0)
(0.0132911 0 0)
(0.0132344 0 0)
(0.0131776 0 0)
(0.0131206 0 0)
(0.0130635 0 0)
(0.0130062 0 0)
(0.0129488 0 0)
(0.0128912 0 0)
(0.0128333 0 0)
(0.0127752 0 0)
(0.0127168 0 0)
(0.0126582 0 0)
(0.0125992 0 0)
(0.0125399 0 0)
(0.0124802 0 0)
(0.0124201 0 0)
(0.0123596 0 0)
(0.0122986 0 0)
(0.0122371 0 0)
(0.012175 0 0)
(0.0121122 0 0)
(0.0120488 0 0)
(0.0119845 0 0)
(0.0119194 0 0)
(0.0118533 0 0)
(0.0117861 0 0)
(0.0117176 0 0)
(0.0116475 0 0)
(0.0115758 0 0)
(0.011502 0 0)
(0.0114257 0 0)
(0.0113464 0 0)
(0.0112634 0 0)
(0.0111757 0 0)
(0.0110819 0 0)
(0.01098 0 0)
(0.0108671 0 0)
(0.0107381 0 0)
(0.0105852 0 0)
(0.0103935 0 0)
(0.0101329 0 0)
(0.00973187 0 0)
(0.00897217 0 0)
(0.0068947 0 0)
(0.00272715 0 0)
(6.28782e-05 0 0)
(5.70801e-12 0 0)
(0 0 0)
(0 0 0)
(0 0 0)
(0 0 0)
(0 0 0)
(0 0 0)
(0 0 0)
(0 0 0)
(0 0 0)
(0 0 0)
(0 0 0)
(0 0 0)
(0 0 0)
(0 0 0)
(0 0 0)
(0 0 0)
(0 0 0)
(0 0 0)
(0 0 0)
(0 0 0)
(0 0 0)
(0 0 0)
(0 0 0)
(0 0 0)
(0 0 0)
(0 0 0)
(0 0 0)
(0 0 0)
(0 0 0)
(0 0 0)
(0 0 0)
(0 0 0)
(0 0 0)
(0 0 0)
(0 0 0)
(0 0 0)
)
;

boundaryField
{
    inlet
    {
        type            fixedValue;
        value           uniform (0 0 0);
    }
    outlet
    {
        type            zeroGradient;
    }
    yzfaces
    {
        type            empty;
    }
}


// ************************************************************************* //
