/*--------------------------------*- C++ -*----------------------------------*\
  =========                 |
  \\      /  F ield         | OpenFOAM: The Open Source CFD Toolbox
   \\    /   O peration     | Website:  https://openfoam.org
    \\  /    A nd           | Version:  10
     \\/     M anipulation  |
\*---------------------------------------------------------------------------*/
FoamFile
{
    format      ascii;
    class       volVectorField;
    location    "0.75";
    object      Ub;
}
// * * * * * * * * * * * * * * * * * * * * * * * * * * * * * * * * * * * * * //

dimensions      [0 1 -1 0 0 0 0];

internalField   nonuniform List<vector> 
100
(
(2.72516e-05 0 0)
(8.27963e-05 0 0)
(0.000139632 0 0)
(0.000196757 0 0)
(0.000253887 0 0)
(0.000310931 0 0)
(0.000367859 0 0)
(0.000424672 0 0)
(0.000481383 0 0)
(0.000538007 0 0)
(0.000594565 0 0)
(0.000651077 0 0)
(0.000707562 0 0)
(0.000764042 0 0)
(0.000820535 0 0)
(0.00087706 0 0)
(0.000933637 0 0)
(0.000990283 0 0)
(0.00104702 0 0)
(0.00110386 0 0)
(0.00116082 0 0)
(0.00121792 0 0)
(0.00127519 0 0)
(0.00133263 0 0)
(0.00139028 0 0)
(0.00144814 0 0)
(0.00150625 0 0)
(0.00156461 0 0)
(0.00162327 0 0)
(0.00168223 0 0)
(0.00174154 0 0)
(0.00180122 0 0)
(0.0018613 0 0)
(0.00192182 0 0)
(0.00198282 0 0)
(0.00204435 0 0)
(0.00210645 0 0)
(0.0021692 0 0)
(0.00223265 0 0)
(0.00229688 0 0)
(0.002362 0 0)
(0.00242811 0 0)
(0.00249535 0 0)
(0.00256387 0 0)
(0.00263389 0 0)
(0.00270565 0 0)
(0.00277947 0 0)
(0.00285575 0 0)
(0.00293504 0 0)
(0.00301805 0 0)
(0.00310575 0 0)
(0.00319953 0 0)
(0.0033014 0 0)
(0.00341438 0 0)
(0.00354329 0 0)
(0.00369622 0 0)
(0.00388796 0 0)
(0.00414857 0 0)
(0.00454956 0 0)
(0.00530926 0 0)
(0.00738673 0 0)
(0.0115543 0 0)
(0.0142186 0 0)
(0.0142814 0 0)
(0.0142814 0 0)
(0.0142814 0 0)
(0.0142814 0 0)
(0.0142814 0 0)
(0.0142814 0 0)
(0.0142814 0 0)
(0.0142814 0 0)
(0.0142814 0 0)
(0.0142814 0 0)
(0.0142814 0 0)
(0.0142814 0 0)
(0.0142814 0 0)
(0.0142814 0 0)
(0.0142814 0 0)
(0.0142814 0 0)
(0.0142814 0 0)
(0.0142814 0 0)
(0.0142814 0 0)
(0.0142814 0 0)
(0.0142814 0 0)
(0.0142814 0 0)
(0.0142814 0 0)
(0.0142814 0 0)
(0.0142814 0 0)
(0.0142814 0 0)
(0.0142814 0 0)
(0.0142814 0 0)
(0.0142814 0 0)
(0.0142814 0 0)
(0.0142814 0 0)
(0.0142814 0 0)
(0.0142814 0 0)
(0.0142814 0 0)
(0.0142814 0 0)
(0.0142814 0 0)
(0.0142814 0 0)
)
;

boundaryField
{
    inlet
    {
        type            fixedValue;
        value           uniform (0 0 0);
    }
    outlet
    {
        type            zeroGradient;
    }
    yzfaces
    {
        type            empty;
    }
}


// ************************************************************************* //
