/*--------------------------------*- C++ -*----------------------------------*\
  =========                 |
  \\      /  F ield         | OpenFOAM: The Open Source CFD Toolbox
   \\    /   O peration     | Website:  https://openfoam.org
    \\  /    A nd           | Version:  10
     \\/     M anipulation  |
\*---------------------------------------------------------------------------*/
FoamFile
{
    format      ascii;
    class       volVectorField;
    location    "0.58";
    object      Ub;
}
// * * * * * * * * * * * * * * * * * * * * * * * * * * * * * * * * * * * * * //

dimensions      [0 1 -1 0 0 0 0];

internalField   nonuniform List<vector> 
100
(
(3.56747e-05 0 0)
(0.000108084 0 0)
(0.00018174 0 0)
(0.000255563 0 0)
(0.000329297 0 0)
(0.000402883 0 0)
(0.000476329 0 0)
(0.000549664 0 0)
(0.000622927 0 0)
(0.000696161 0 0)
(0.000769408 0 0)
(0.000842709 0 0)
(0.000916107 0 0)
(0.000989641 0 0)
(0.00106335 0 0)
(0.00113729 0 0)
(0.00121148 0 0)
(0.00128597 0 0)
(0.00136081 0 0)
(0.00143605 0 0)
(0.00151173 0 0)
(0.00158791 0 0)
(0.00166465 0 0)
(0.00174201 0 0)
(0.00182006 0 0)
(0.00189889 0 0)
(0.00197859 0 0)
(0.00205928 0 0)
(0.00214107 0 0)
(0.00222414 0 0)
(0.00230865 0 0)
(0.00239485 0 0)
(0.00248302 0 0)
(0.00257353 0 0)
(0.00266683 0 0)
(0.00276356 0 0)
(0.00286455 0 0)
(0.00297096 0 0)
(0.00308444 0 0)
(0.00320743 0 0)
(0.00334372 0 0)
(0.00349947 0 0)
(0.00368547 0 0)
(0.00392239 0 0)
(0.0042553 0 0)
(0.00480383 0 0)
(0.00600319 0 0)
(0.00958853 0 0)
(0.0133033 0 0)
(0.0142821 0 0)
(0.0142824 0 0)
(0.0142824 0 0)
(0.0142824 0 0)
(0.0142824 0 0)
(0.0142824 0 0)
(0.0142824 0 0)
(0.0142824 0 0)
(0.0142824 0 0)
(0.0142824 0 0)
(0.0142824 0 0)
(0.0142824 0 0)
(0.0142824 0 0)
(0.0142824 0 0)
(0.0142824 0 0)
(0.0142824 0 0)
(0.0142824 0 0)
(0.0142824 0 0)
(0.0142824 0 0)
(0.0142824 0 0)
(0.0142824 0 0)
(0.0142824 0 0)
(0.0142824 0 0)
(0.0142824 0 0)
(0.0142824 0 0)
(0.0142824 0 0)
(0.0142824 0 0)
(0.0142824 0 0)
(0.0142824 0 0)
(0.0142824 0 0)
(0.0142824 0 0)
(0.0142824 0 0)
(0.0142824 0 0)
(0.0142824 0 0)
(0.0142824 0 0)
(0.0142824 0 0)
(0.0142824 0 0)
(0.0142824 0 0)
(0.0142824 0 0)
(0.0142824 0 0)
(0.0142824 0 0)
(0.0142824 0 0)
(0.0142824 0 0)
(0.0142824 0 0)
(0.0142824 0 0)
(0.0142824 0 0)
(0.0142824 0 0)
(0.0142824 0 0)
(0.0142824 0 0)
(0.0142824 0 0)
(0.0142824 0 0)
)
;

boundaryField
{
    inlet
    {
        type            fixedValue;
        value           uniform (0 0 0);
    }
    outlet
    {
        type            zeroGradient;
    }
    yzfaces
    {
        type            empty;
    }
}


// ************************************************************************* //
