/*--------------------------------*- C++ -*----------------------------------*\
  =========                 |
  \\      /  F ield         | OpenFOAM: The Open Source CFD Toolbox
   \\    /   O peration     | Website:  https://openfoam.org
    \\  /    A nd           | Version:  10
     \\/     M anipulation  |
\*---------------------------------------------------------------------------*/
FoamFile
{
    format      ascii;
    class       volVectorField;
    location    "0.73";
    object      Ub;
}
// * * * * * * * * * * * * * * * * * * * * * * * * * * * * * * * * * * * * * //

dimensions      [0 1 -1 0 0 0 0];

internalField   nonuniform List<vector> 
100
(
(2.8038e-05 0 0)
(8.51593e-05 0 0)
(0.00014357 0 0)
(0.000202259 0 0)
(0.000260943 0 0)
(0.000319533 0 0)
(0.000378003 0 0)
(0.000436357 0 0)
(0.000494607 0 0)
(0.000552773 0 0)
(0.000610877 0 0)
(0.00066894 0 0)
(0.000726984 0 0)
(0.000785031 0 0)
(0.0008431 0 0)
(0.000901214 0 0)
(0.000959392 0 0)
(0.00101765 0 0)
(0.00107602 0 0)
(0.00113451 0 0)
(0.00119314 0 0)
(0.00125194 0 0)
(0.00131091 0 0)
(0.0013701 0 0)
(0.00142951 0 0)
(0.00148917 0 0)
(0.0015491 0 0)
(0.00160934 0 0)
(0.0016699 0 0)
(0.00173082 0 0)
(0.00179212 0 0)
(0.00185386 0 0)
(0.00191605 0 0)
(0.00197876 0 0)
(0.00204202 0 0)
(0.00210591 0 0)
(0.00217047 0 0)
(0.00223579 0 0)
(0.00230195 0 0)
(0.00236906 0 0)
(0.00243725 0 0)
(0.00250666 0 0)
(0.00257749 0 0)
(0.00264995 0 0)
(0.00272433 0 0)
(0.00280101 0 0)
(0.00288046 0 0)
(0.00296332 0 0)
(0.00305044 0 0)
(0.00314301 0 0)
(0.00324275 0 0)
(0.00335219 0 0)
(0.00347529 0 0)
(0.00361852 0 0)
(0.00379328 0 0)
(0.00402162 0 0)
(0.00435234 0 0)
(0.00491784 0 0)
(0.00621698 0 0)
(0.0100179 0 0)
(0.0135835 0 0)
(0.0142815 0 0)
(0.0142815 0 0)
(0.0142815 0 0)
(0.0142815 0 0)
(0.0142815 0 0)
(0.0142815 0 0)
(0.0142815 0 0)
(0.0142815 0 0)
(0.0142815 0 0)
(0.0142815 0 0)
(0.0142815 0 0)
(0.0142815 0 0)
(0.0142815 0 0)
(0.0142815 0 0)
(0.0142815 0 0)
(0.0142815 0 0)
(0.0142815 0 0)
(0.0142815 0 0)
(0.0142815 0 0)
(0.0142815 0 0)
(0.0142815 0 0)
(0.0142815 0 0)
(0.0142815 0 0)
(0.0142815 0 0)
(0.0142815 0 0)
(0.0142815 0 0)
(0.0142815 0 0)
(0.0142815 0 0)
(0.0142815 0 0)
(0.0142815 0 0)
(0.0142815 0 0)
(0.0142815 0 0)
(0.0142815 0 0)
(0.0142815 0 0)
(0.0142815 0 0)
(0.0142815 0 0)
(0.0142815 0 0)
(0.0142815 0 0)
(0.0142815 0 0)
)
;

boundaryField
{
    inlet
    {
        type            fixedValue;
        value           uniform (0 0 0);
    }
    outlet
    {
        type            zeroGradient;
    }
    yzfaces
    {
        type            empty;
    }
}


// ************************************************************************* //
