/*--------------------------------*- C++ -*----------------------------------*\
  =========                 |
  \\      /  F ield         | OpenFOAM: The Open Source CFD Toolbox
   \\    /   O peration     | Website:  https://openfoam.org
    \\  /    A nd           | Version:  10
     \\/     M anipulation  |
\*---------------------------------------------------------------------------*/
FoamFile
{
    format      ascii;
    class       volVectorField;
    location    "0.29";
    object      Ub;
}
// * * * * * * * * * * * * * * * * * * * * * * * * * * * * * * * * * * * * * //

dimensions      [0 1 -1 0 0 0 0];

internalField   nonuniform List<vector> 
100
(
(7.29225e-05 0 0)
(0.000219651 0 0)
(0.000367276 0 0)
(0.000514912 0 0)
(0.000662677 0 0)
(0.000810864 0 0)
(0.000959811 0 0)
(0.00110988 0 0)
(0.00126144 0 0)
(0.00141495 0 0)
(0.00157087 0 0)
(0.00172981 0 0)
(0.0018925 0 0)
(0.00205989 0 0)
(0.00223327 0 0)
(0.00241442 0 0)
(0.00260598 0 0)
(0.002812 0 0)
(0.00303911 0 0)
(0.00329897 0 0)
(0.00361429 0 0)
(0.00403573 0 0)
(0.0047025 0 0)
(0.00615002 0 0)
(0.010145 0 0)
(0.0136985 0 0)
(0.014284 0 0)
(0.0142841 0 0)
(0.0142841 0 0)
(0.0142841 0 0)
(0.0142841 0 0)
(0.0142841 0 0)
(0.0142841 0 0)
(0.0142841 0 0)
(0.0142841 0 0)
(0.0142841 0 0)
(0.0142841 0 0)
(0.0142841 0 0)
(0.0142841 0 0)
(0.0142841 0 0)
(0.0142841 0 0)
(0.0142841 0 0)
(0.0142841 0 0)
(0.0142841 0 0)
(0.0142841 0 0)
(0.0142841 0 0)
(0.0142841 0 0)
(0.0142841 0 0)
(0.0142841 0 0)
(0.0142841 0 0)
(0.0142841 0 0)
(0.0142841 0 0)
(0.0142841 0 0)
(0.0142841 0 0)
(0.0142841 0 0)
(0.0142841 0 0)
(0.0142841 0 0)
(0.0142841 0 0)
(0.0142841 0 0)
(0.0142841 0 0)
(0.0142841 0 0)
(0.0142841 0 0)
(0.0142841 0 0)
(0.0142841 0 0)
(0.0142841 0 0)
(0.0142841 0 0)
(0.0142841 0 0)
(0.0142841 0 0)
(0.0142841 0 0)
(0.0142841 0 0)
(0.0142841 0 0)
(0.0142841 0 0)
(0.0142841 0 0)
(0.0142841 0 0)
(0.0142841 0 0)
(0.0142841 0 0)
(0.0142841 0 0)
(0.0142841 0 0)
(0.0142841 0 0)
(0.0142841 0 0)
(0.0142841 0 0)
(0.0142841 0 0)
(0.0142841 0 0)
(0.0142841 0 0)
(0.0142841 0 0)
(0.0142841 0 0)
(0.0142841 0 0)
(0.0142841 0 0)
(0.0142841 0 0)
(0.0142841 0 0)
(0.0142841 0 0)
(0.0142841 0 0)
(0.0142841 0 0)
(0.0142841 0 0)
(0.0142841 0 0)
(0.0142841 0 0)
(0.0142841 0 0)
(0.0142841 0 0)
(0.0142841 0 0)
(0.0142841 0 0)
)
;

boundaryField
{
    inlet
    {
        type            fixedValue;
        value           uniform (0 0 0);
    }
    outlet
    {
        type            zeroGradient;
    }
    yzfaces
    {
        type            empty;
    }
}


// ************************************************************************* //
