/*--------------------------------*- C++ -*----------------------------------*\
  =========                 |
  \\      /  F ield         | OpenFOAM: The Open Source CFD Toolbox
   \\    /   O peration     | Website:  https://openfoam.org
    \\  /    A nd           | Version:  10
     \\/     M anipulation  |
\*---------------------------------------------------------------------------*/
FoamFile
{
    format      ascii;
    class       volVectorField;
    location    "1.055";
    object      Ua;
}
// * * * * * * * * * * * * * * * * * * * * * * * * * * * * * * * * * * * * * //

dimensions      [0 1 -1 0 0 0 0];

internalField   nonuniform List<vector> 
100
(
(0.00712087 0 0)
(0.0142218 0 0)
(0.0141816 0 0)
(0.0141411 0 0)
(0.0141004 0 0)
(0.0140597 0 0)
(0.0140191 0 0)
(0.0139785 0 0)
(0.013938 0 0)
(0.0138976 0 0)
(0.0138572 0 0)
(0.013817 0 0)
(0.0137767 0 0)
(0.0137366 0 0)
(0.0136964 0 0)
(0.0136563 0 0)
(0.0136163 0 0)
(0.0135762 0 0)
(0.0135362 0 0)
(0.0134962 0 0)
(0.0134562 0 0)
(0.0134161 0 0)
(0.0133761 0 0)
(0.013336 0 0)
(0.0132959 0 0)
(0.0132558 0 0)
(0.0132156 0 0)
(0.0131754 0 0)
(0.0131351 0 0)
(0.0130948 0 0)
(0.0130544 0 0)
(0.013014 0 0)
(0.0129734 0 0)
(0.0129328 0 0)
(0.0128921 0 0)
(0.0128513 0 0)
(0.0128104 0 0)
(0.0127694 0 0)
(0.0127283 0 0)
(0.012687 0 0)
(0.0126457 0 0)
(0.0126041 0 0)
(0.0125625 0 0)
(0.0125207 0 0)
(0.0124787 0 0)
(0.0124365 0 0)
(0.0123941 0 0)
(0.0123516 0 0)
(0.0123088 0 0)
(0.0122658 0 0)
(0.0122226 0 0)
(0.0121791 0 0)
(0.0121354 0 0)
(0.0120913 0 0)
(0.012047 0 0)
(0.0120022 0 0)
(0.0119572 0 0)
(0.0119117 0 0)
(0.0118658 0 0)
(0.0118194 0 0)
(0.0117725 0 0)
(0.011725 0 0)
(0.0116769 0 0)
(0.0116281 0 0)
(0.0115784 0 0)
(0.0115279 0 0)
(0.0114763 0 0)
(0.0114236 0 0)
(0.0113694 0 0)
(0.0113137 0 0)
(0.011256 0 0)
(0.011196 0 0)
(0.0111331 0 0)
(0.0110668 0 0)
(0.010996 0 0)
(0.0109195 0 0)
(0.0108353 0 0)
(0.0107407 0 0)
(0.0106311 0 0)
(0.0104991 0 0)
(0.0103314 0 0)
(0.0101014 0 0)
(0.00974733 0 0)
(0.00909036 0 0)
(0.00738532 0 0)
(0.00324789 0 0)
(0.000188712 0 0)
(3.40199e-10 0 0)
(0 0 0)
(0 0 0)
(0 0 0)
(0 0 0)
(0 0 0)
(0 0 0)
(0 0 0)
(0 0 0)
(0 0 0)
(0 0 0)
(0 0 0)
(0 0 0)
)
;

boundaryField
{
    inlet
    {
        type            fixedValue;
        value           uniform (0 0 0);
    }
    outlet
    {
        type            zeroGradient;
    }
    yzfaces
    {
        type            empty;
    }
}


// ************************************************************************* //
