/*--------------------------------*- C++ -*----------------------------------*\
  =========                 |
  \\      /  F ield         | OpenFOAM: The Open Source CFD Toolbox
   \\    /   O peration     | Website:  https://openfoam.org
    \\  /    A nd           | Version:  10
     \\/     M anipulation  |
\*---------------------------------------------------------------------------*/
FoamFile
{
    format      ascii;
    class       volVectorField;
    location    "1.055";
    object      Ub;
}
// * * * * * * * * * * * * * * * * * * * * * * * * * * * * * * * * * * * * * //

dimensions      [0 1 -1 0 0 0 0];

internalField   nonuniform List<vector> 
100
(
(1.89766e-05 0 0)
(5.78896e-05 0 0)
(9.80589e-05 0 0)
(0.000138622 0 0)
(0.000179301 0 0)
(0.000219983 0 0)
(0.000260619 0 0)
(0.000301188 0 0)
(0.000341681 0 0)
(0.000382099 0 0)
(0.000422446 0 0)
(0.000462728 0 0)
(0.000502951 0 0)
(0.000543123 0 0)
(0.000583252 0 0)
(0.000623345 0 0)
(0.000663409 0 0)
(0.000703454 0 0)
(0.000743484 0 0)
(0.000783509 0 0)
(0.000823535 0 0)
(0.000863567 0 0)
(0.000903614 0 0)
(0.000943682 0 0)
(0.000983776 0 0)
(0.0010239 0 0)
(0.00106407 0 0)
(0.00110428 0 0)
(0.00114455 0 0)
(0.00118487 0 0)
(0.00122525 0 0)
(0.00126571 0 0)
(0.00130624 0 0)
(0.00134686 0 0)
(0.00138756 0 0)
(0.00142836 0 0)
(0.00146926 0 0)
(0.00151027 0 0)
(0.00155139 0 0)
(0.00159264 0 0)
(0.00163402 0 0)
(0.00167554 0 0)
(0.00171721 0 0)
(0.00175903 0 0)
(0.00180102 0 0)
(0.00184319 0 0)
(0.00188554 0 0)
(0.00192809 0 0)
(0.00197085 0 0)
(0.00201384 0 0)
(0.00205707 0 0)
(0.00210056 0 0)
(0.00214431 0 0)
(0.00218837 0 0)
(0.00223274 0 0)
(0.00227744 0 0)
(0.00232252 0 0)
(0.00236799 0 0)
(0.0024139 0 0)
(0.00246029 0 0)
(0.00250719 0 0)
(0.00255467 0 0)
(0.00260279 0 0)
(0.00265162 0 0)
(0.00270126 0 0)
(0.0027518 0 0)
(0.00280337 0 0)
(0.00285613 0 0)
(0.00291027 0 0)
(0.00296604 0 0)
(0.00302372 0 0)
(0.00308373 0 0)
(0.00314656 0 0)
(0.00321289 0 0)
(0.00328367 0 0)
(0.0033602 0 0)
(0.00344437 0 0)
(0.00353901 0 0)
(0.00364859 0 0)
(0.00378054 0 0)
(0.00394824 0 0)
(0.00417833 0 0)
(0.00453235 0 0)
(0.00518932 0 0)
(0.00689437 0 0)
(0.0110318 0 0)
(0.014091 0 0)
(0.0142797 0 0)
(0.0142797 0 0)
(0.0142797 0 0)
(0.0142797 0 0)
(0.0142797 0 0)
(0.0142797 0 0)
(0.0142797 0 0)
(0.0142797 0 0)
(0.0142797 0 0)
(0.0142797 0 0)
(0.0142797 0 0)
(0.0142797 0 0)
(0.0142797 0 0)
)
;

boundaryField
{
    inlet
    {
        type            fixedValue;
        value           uniform (0 0 0);
    }
    outlet
    {
        type            zeroGradient;
    }
    yzfaces
    {
        type            empty;
    }
}


// ************************************************************************* //
