/*--------------------------------*- C++ -*----------------------------------*\
  =========                 |
  \\      /  F ield         | OpenFOAM: The Open Source CFD Toolbox
   \\    /   O peration     | Website:  https://openfoam.org
    \\  /    A nd           | Version:  10
     \\/     M anipulation  |
\*---------------------------------------------------------------------------*/
FoamFile
{
    format      ascii;
    class       volVectorField;
    location    "1.35";
    object      Ua;
}
// * * * * * * * * * * * * * * * * * * * * * * * * * * * * * * * * * * * * * //

dimensions      [0 1 -1 0 0 0 0];

internalField   nonuniform List<vector> 
100
(
(0.00712444 0 0)
(0.0142334 0 0)
(0.0142023 0 0)
(0.0141707 0 0)
(0.0141389 0 0)
(0.0141071 0 0)
(0.0140752 0 0)
(0.0140434 0 0)
(0.0140117 0 0)
(0.01398 0 0)
(0.0139483 0 0)
(0.0139167 0 0)
(0.0138851 0 0)
(0.0138536 0 0)
(0.0138222 0 0)
(0.0137907 0 0)
(0.0137594 0 0)
(0.013728 0 0)
(0.0136967 0 0)
(0.0136654 0 0)
(0.0136341 0 0)
(0.0136029 0 0)
(0.0135716 0 0)
(0.0135404 0 0)
(0.0135092 0 0)
(0.0134779 0 0)
(0.0134467 0 0)
(0.0134155 0 0)
(0.0133843 0 0)
(0.0133531 0 0)
(0.0133218 0 0)
(0.0132906 0 0)
(0.0132593 0 0)
(0.013228 0 0)
(0.0131967 0 0)
(0.0131653 0 0)
(0.0131339 0 0)
(0.0131025 0 0)
(0.0130711 0 0)
(0.0130396 0 0)
(0.0130081 0 0)
(0.0129766 0 0)
(0.012945 0 0)
(0.0129133 0 0)
(0.0128816 0 0)
(0.0128499 0 0)
(0.0128181 0 0)
(0.0127862 0 0)
(0.0127542 0 0)
(0.0127222 0 0)
(0.0126902 0 0)
(0.012658 0 0)
(0.0126258 0 0)
(0.0125935 0 0)
(0.0125611 0 0)
(0.0125287 0 0)
(0.0124961 0 0)
(0.0124635 0 0)
(0.0124307 0 0)
(0.0123979 0 0)
(0.0123649 0 0)
(0.0123318 0 0)
(0.0122986 0 0)
(0.0122653 0 0)
(0.0122318 0 0)
(0.0121982 0 0)
(0.0121645 0 0)
(0.0121306 0 0)
(0.0120965 0 0)
(0.0120623 0 0)
(0.0120279 0 0)
(0.0119933 0 0)
(0.0119585 0 0)
(0.0119235 0 0)
(0.0118882 0 0)
(0.0118527 0 0)
(0.011817 0 0)
(0.0117809 0 0)
(0.0117446 0 0)
(0.0117079 0 0)
(0.0116708 0 0)
(0.0116334 0 0)
(0.0115955 0 0)
(0.0115572 0 0)
(0.0115183 0 0)
(0.0114789 0 0)
(0.0114388 0 0)
(0.0113979 0 0)
(0.0113562 0 0)
(0.0113136 0 0)
(0.0112699 0 0)
(0.0112249 0 0)
(0.0111784 0 0)
(0.0111301 0 0)
(0.0110797 0 0)
(0.0110266 0 0)
(0.0109704 0 0)
(0.01091 0 0)
(0.0108445 0 0)
(0.010772 0 0)
)
;

boundaryField
{
    inlet
    {
        type            fixedValue;
        value           uniform (0 0 0);
    }
    outlet
    {
        type            zeroGradient;
    }
    yzfaces
    {
        type            empty;
    }
}


// ************************************************************************* //
