/*--------------------------------*- C++ -*----------------------------------*\
  =========                 |
  \\      /  F ield         | OpenFOAM: The Open Source CFD Toolbox
   \\    /   O peration     | Website:  https://openfoam.org
    \\  /    A nd           | Version:  10
     \\/     M anipulation  |
\*---------------------------------------------------------------------------*/
FoamFile
{
    format      ascii;
    class       volVectorField;
    location    "0.4";
    object      Ua;
}
// * * * * * * * * * * * * * * * * * * * * * * * * * * * * * * * * * * * * * //

dimensions      [0 1 -1 0 0 0 0];

internalField   nonuniform List<vector> 
100
(
(0.00708929 0 0)
(0.0141251 0 0)
(0.0140182 0 0)
(0.0139113 0 0)
(0.0138045 0 0)
(0.0136979 0 0)
(0.0135912 0 0)
(0.0134844 0 0)
(0.0133774 0 0)
(0.0132699 0 0)
(0.0131619 0 0)
(0.0130533 0 0)
(0.0129438 0 0)
(0.0128334 0 0)
(0.0127218 0 0)
(0.0126089 0 0)
(0.0124944 0 0)
(0.0123781 0 0)
(0.0122596 0 0)
(0.0121385 0 0)
(0.0120142 0 0)
(0.0118861 0 0)
(0.0117532 0 0)
(0.0116141 0 0)
(0.0114671 0 0)
(0.0113093 0 0)
(0.0111362 0 0)
(0.0109406 0 0)
(0.0107091 0 0)
(0.0104155 0 0)
(0.00999898 0 0)
(0.00928305 0 0)
(0.00753474 0 0)
(0.00333083 0 0)
(0.000204534 0 0)
(4.40055e-10 0 0)
(0 0 0)
(0 0 0)
(0 0 0)
(0 0 0)
(0 0 0)
(0 0 0)
(0 0 0)
(0 0 0)
(0 0 0)
(0 0 0)
(0 0 0)
(0 0 0)
(0 0 0)
(0 0 0)
(0 0 0)
(0 0 0)
(0 0 0)
(0 0 0)
(0 0 0)
(0 0 0)
(0 0 0)
(0 0 0)
(0 0 0)
(0 0 0)
(0 0 0)
(0 0 0)
(0 0 0)
(0 0 0)
(0 0 0)
(0 0 0)
(0 0 0)
(0 0 0)
(0 0 0)
(0 0 0)
(0 0 0)
(0 0 0)
(0 0 0)
(0 0 0)
(0 0 0)
(0 0 0)
(0 0 0)
(0 0 0)
(0 0 0)
(0 0 0)
(0 0 0)
(0 0 0)
(0 0 0)
(0 0 0)
(0 0 0)
(0 0 0)
(0 0 0)
(0 0 0)
(0 0 0)
(0 0 0)
(0 0 0)
(0 0 0)
(0 0 0)
(0 0 0)
(0 0 0)
(0 0 0)
(0 0 0)
(0 0 0)
(0 0 0)
(0 0 0)
)
;

boundaryField
{
    inlet
    {
        type            fixedValue;
        value           uniform (0 0 0);
    }
    outlet
    {
        type            zeroGradient;
    }
    yzfaces
    {
        type            empty;
    }
}


// ************************************************************************* //
