/*--------------------------------*- C++ -*----------------------------------*\
  =========                 |
  \\      /  F ield         | OpenFOAM: The Open Source CFD Toolbox
   \\    /   O peration     | Website:  https://openfoam.org
    \\  /    A nd           | Version:  10
     \\/     M anipulation  |
\*---------------------------------------------------------------------------*/
FoamFile
{
    format      ascii;
    class       volVectorField;
    location    "0.575";
    object      Ua;
}
// * * * * * * * * * * * * * * * * * * * * * * * * * * * * * * * * * * * * * //

dimensions      [0 1 -1 0 0 0 0];

internalField   nonuniform List<vector> 
100
(
(0.00710522 0 0)
(0.0141734 0 0)
(0.0140991 0 0)
(0.0140246 0 0)
(0.0139502 0 0)
(0.013876 0 0)
(0.0138019 0 0)
(0.013728 0 0)
(0.0136541 0 0)
(0.0135802 0 0)
(0.0135063 0 0)
(0.0134323 0 0)
(0.0133583 0 0)
(0.0132841 0 0)
(0.0132097 0 0)
(0.0131351 0 0)
(0.0130602 0 0)
(0.012985 0 0)
(0.0129094 0 0)
(0.0128334 0 0)
(0.012757 0 0)
(0.01268 0 0)
(0.0126025 0 0)
(0.0125243 0 0)
(0.0124453 0 0)
(0.0123656 0 0)
(0.012285 0 0)
(0.0122033 0 0)
(0.0121204 0 0)
(0.0120362 0 0)
(0.0119505 0 0)
(0.011863 0 0)
(0.0117733 0 0)
(0.0116812 0 0)
(0.011586 0 0)
(0.0114871 0 0)
(0.0113835 0 0)
(0.0112739 0 0)
(0.0111564 0 0)
(0.0110281 0 0)
(0.0108844 0 0)
(0.0107177 0 0)
(0.0105141 0 0)
(0.0102462 0 0)
(0.00984917 0 0)
(0.00913237 0 0)
(0.00728555 0 0)
(0.00309257 0 0)
(0.000135919 0 0)
(9.68887e-11 0 0)
(0 0 0)
(0 0 0)
(0 0 0)
(0 0 0)
(0 0 0)
(0 0 0)
(0 0 0)
(0 0 0)
(0 0 0)
(0 0 0)
(0 0 0)
(0 0 0)
(0 0 0)
(0 0 0)
(0 0 0)
(0 0 0)
(0 0 0)
(0 0 0)
(0 0 0)
(0 0 0)
(0 0 0)
(0 0 0)
(0 0 0)
(0 0 0)
(0 0 0)
(0 0 0)
(0 0 0)
(0 0 0)
(0 0 0)
(0 0 0)
(0 0 0)
(0 0 0)
(0 0 0)
(0 0 0)
(0 0 0)
(0 0 0)
(0 0 0)
(0 0 0)
(0 0 0)
(0 0 0)
(0 0 0)
(0 0 0)
(0 0 0)
(0 0 0)
(0 0 0)
(0 0 0)
(0 0 0)
(0 0 0)
(0 0 0)
(0 0 0)
)
;

boundaryField
{
    inlet
    {
        type            fixedValue;
        value           uniform (0 0 0);
    }
    outlet
    {
        type            zeroGradient;
    }
    yzfaces
    {
        type            empty;
    }
}


// ************************************************************************* //
