/*--------------------------------*- C++ -*----------------------------------*\
  =========                 |
  \\      /  F ield         | OpenFOAM: The Open Source CFD Toolbox
   \\    /   O peration     | Website:  https://openfoam.org
    \\  /    A nd           | Version:  10
     \\/     M anipulation  |
\*---------------------------------------------------------------------------*/
FoamFile
{
    format      ascii;
    class       volVectorField;
    location    "0.575";
    object      Ub;
}
// * * * * * * * * * * * * * * * * * * * * * * * * * * * * * * * * * * * * * //

dimensions      [0 1 -1 0 0 0 0];

internalField   nonuniform List<vector> 
100
(
(3.59981e-05 0 0)
(0.000109054 0 0)
(0.000183354 0 0)
(0.000257817 0 0)
(0.000332187 0 0)
(0.000406409 0 0)
(0.00048049 0 0)
(0.000554461 0 0)
(0.000628364 0 0)
(0.000702241 0 0)
(0.000776136 0 0)
(0.000850092 0 0)
(0.00092415 0 0)
(0.000998354 0 0)
(0.00107275 0 0)
(0.00114737 0 0)
(0.00122226 0 0)
(0.00129747 0 0)
(0.00137304 0 0)
(0.00144902 0 0)
(0.00152547 0 0)
(0.00160243 0 0)
(0.00167998 0 0)
(0.00175817 0 0)
(0.00183709 0 0)
(0.00191683 0 0)
(0.00199748 0 0)
(0.00207916 0 0)
(0.00216201 0 0)
(0.00224621 0 0)
(0.00233194 0 0)
(0.00241947 0 0)
(0.0025091 0 0)
(0.00260124 0 0)
(0.00269642 0 0)
(0.00279532 0 0)
(0.0028989 0 0)
(0.00300848 0 0)
(0.003126 0 0)
(0.00325433 0 0)
(0.00339804 0 0)
(0.00356476 0 0)
(0.00376828 0 0)
(0.00403626 0 0)
(0.00443326 0 0)
(0.00515006 0 0)
(0.00699688 0 0)
(0.0111899 0 0)
(0.0141465 0 0)
(0.0142824 0 0)
(0.0142824 0 0)
(0.0142824 0 0)
(0.0142824 0 0)
(0.0142824 0 0)
(0.0142824 0 0)
(0.0142824 0 0)
(0.0142824 0 0)
(0.0142824 0 0)
(0.0142824 0 0)
(0.0142824 0 0)
(0.0142824 0 0)
(0.0142824 0 0)
(0.0142824 0 0)
(0.0142824 0 0)
(0.0142824 0 0)
(0.0142824 0 0)
(0.0142824 0 0)
(0.0142824 0 0)
(0.0142824 0 0)
(0.0142824 0 0)
(0.0142824 0 0)
(0.0142824 0 0)
(0.0142824 0 0)
(0.0142824 0 0)
(0.0142824 0 0)
(0.0142824 0 0)
(0.0142824 0 0)
(0.0142824 0 0)
(0.0142824 0 0)
(0.0142824 0 0)
(0.0142824 0 0)
(0.0142824 0 0)
(0.0142824 0 0)
(0.0142824 0 0)
(0.0142824 0 0)
(0.0142824 0 0)
(0.0142824 0 0)
(0.0142824 0 0)
(0.0142824 0 0)
(0.0142824 0 0)
(0.0142824 0 0)
(0.0142824 0 0)
(0.0142824 0 0)
(0.0142824 0 0)
(0.0142824 0 0)
(0.0142824 0 0)
(0.0142824 0 0)
(0.0142824 0 0)
(0.0142824 0 0)
(0.0142824 0 0)
)
;

boundaryField
{
    inlet
    {
        type            fixedValue;
        value           uniform (0 0 0);
    }
    outlet
    {
        type            zeroGradient;
    }
    yzfaces
    {
        type            empty;
    }
}


// ************************************************************************* //
