/*--------------------------------*- C++ -*----------------------------------*\
  =========                 |
  \\      /  F ield         | OpenFOAM: The Open Source CFD Toolbox
   \\    /   O peration     | Website:  https://openfoam.org
    \\  /    A nd           | Version:  10
     \\/     M anipulation  |
\*---------------------------------------------------------------------------*/
FoamFile
{
    format      ascii;
    class       volVectorField;
    location    "0.705";
    object      Ua;
}
// * * * * * * * * * * * * * * * * * * * * * * * * * * * * * * * * * * * * * //

dimensions      [0 1 -1 0 0 0 0];

internalField   nonuniform List<vector> 
100
(
(0.00711176 0 0)
(0.0141934 0 0)
(0.0141329 0 0)
(0.0140721 0 0)
(0.0140114 0 0)
(0.0139507 0 0)
(0.0138902 0 0)
(0.0138298 0 0)
(0.0137695 0 0)
(0.0137093 0 0)
(0.0136491 0 0)
(0.013589 0 0)
(0.0135289 0 0)
(0.0134687 0 0)
(0.0134085 0 0)
(0.0133483 0 0)
(0.013288 0 0)
(0.0132276 0 0)
(0.013167 0 0)
(0.0131063 0 0)
(0.0130454 0 0)
(0.0129844 0 0)
(0.0129231 0 0)
(0.0128616 0 0)
(0.0127998 0 0)
(0.0127377 0 0)
(0.0126753 0 0)
(0.0126125 0 0)
(0.0125493 0 0)
(0.0124857 0 0)
(0.0124217 0 0)
(0.0123571 0 0)
(0.012292 0 0)
(0.0122263 0 0)
(0.0121599 0 0)
(0.0120927 0 0)
(0.0120246 0 0)
(0.0119556 0 0)
(0.0118856 0 0)
(0.0118143 0 0)
(0.0117416 0 0)
(0.0116672 0 0)
(0.0115909 0 0)
(0.0115123 0 0)
(0.011431 0 0)
(0.0113462 0 0)
(0.0112572 0 0)
(0.0111627 0 0)
(0.0110611 0 0)
(0.0109498 0 0)
(0.010825 0 0)
(0.0106801 0 0)
(0.010504 0 0)
(0.0102748 0 0)
(0.00994438 0 0)
(0.00938293 0 0)
(0.00810404 0 0)
(0.00434002 0 0)
(0.000746227 0 0)
(7.81191e-08 0 0)
(0 0 0)
(0 0 0)
(0 0 0)
(0 0 0)
(0 0 0)
(0 0 0)
(0 0 0)
(0 0 0)
(0 0 0)
(0 0 0)
(0 0 0)
(0 0 0)
(0 0 0)
(0 0 0)
(0 0 0)
(0 0 0)
(0 0 0)
(0 0 0)
(0 0 0)
(0 0 0)
(0 0 0)
(0 0 0)
(0 0 0)
(0 0 0)
(0 0 0)
(0 0 0)
(0 0 0)
(0 0 0)
(0 0 0)
(0 0 0)
(0 0 0)
(0 0 0)
(0 0 0)
(0 0 0)
(0 0 0)
(0 0 0)
(0 0 0)
(0 0 0)
(0 0 0)
(0 0 0)
)
;

boundaryField
{
    inlet
    {
        type            fixedValue;
        value           uniform (0 0 0);
    }
    outlet
    {
        type            zeroGradient;
    }
    yzfaces
    {
        type            empty;
    }
}


// ************************************************************************* //
