/*--------------------------------*- C++ -*----------------------------------*\
  =========                 |
  \\      /  F ield         | OpenFOAM: The Open Source CFD Toolbox
   \\    /   O peration     | Website:  https://openfoam.org
    \\  /    A nd           | Version:  10
     \\/     M anipulation  |
\*---------------------------------------------------------------------------*/
FoamFile
{
    format      ascii;
    class       volVectorField;
    location    "0.705";
    object      Ub;
}
// * * * * * * * * * * * * * * * * * * * * * * * * * * * * * * * * * * * * * //

dimensions      [0 1 -1 0 0 0 0];

internalField   nonuniform List<vector> 
100
(
(2.90841e-05 0 0)
(8.8302e-05 0 0)
(0.000148806 0 0)
(0.000209573 0 0)
(0.000270323 0 0)
(0.000330969 0 0)
(0.00039149 0 0)
(0.000451892 0 0)
(0.000512192 0 0)
(0.000572412 0 0)
(0.000632575 0 0)
(0.000692706 0 0)
(0.000752828 0 0)
(0.000812966 0 0)
(0.000873142 0 0)
(0.000933379 0 0)
(0.000993699 0 0)
(0.00105412 0 0)
(0.00111468 0 0)
(0.00117538 0 0)
(0.00123625 0 0)
(0.00129732 0 0)
(0.0013586 0 0)
(0.00142013 0 0)
(0.00148193 0 0)
(0.00154402 0 0)
(0.00160643 0 0)
(0.0016692 0 0)
(0.00173236 0 0)
(0.00179594 0 0)
(0.00185999 0 0)
(0.00192455 0 0)
(0.00198967 0 0)
(0.00205541 0 0)
(0.00212183 0 0)
(0.00218902 0 0)
(0.00225705 0 0)
(0.00232604 0 0)
(0.00239611 0 0)
(0.00246741 0 0)
(0.00254013 0 0)
(0.00261449 0 0)
(0.00269078 0 0)
(0.00276937 0 0)
(0.00285073 0 0)
(0.0029355 0 0)
(0.00302452 0 0)
(0.00311899 0 0)
(0.00322059 0 0)
(0.00333187 0 0)
(0.00345672 0 0)
(0.00360158 0 0)
(0.00377772 0 0)
(0.00400693 0 0)
(0.0043373 0 0)
(0.00489876 0 0)
(0.00617764 0 0)
(0.00994167 0 0)
(0.0135355 0 0)
(0.0142816 0 0)
(0.0142817 0 0)
(0.0142817 0 0)
(0.0142817 0 0)
(0.0142817 0 0)
(0.0142817 0 0)
(0.0142817 0 0)
(0.0142817 0 0)
(0.0142817 0 0)
(0.0142817 0 0)
(0.0142817 0 0)
(0.0142817 0 0)
(0.0142817 0 0)
(0.0142817 0 0)
(0.0142817 0 0)
(0.0142817 0 0)
(0.0142817 0 0)
(0.0142817 0 0)
(0.0142817 0 0)
(0.0142817 0 0)
(0.0142817 0 0)
(0.0142817 0 0)
(0.0142817 0 0)
(0.0142817 0 0)
(0.0142817 0 0)
(0.0142817 0 0)
(0.0142817 0 0)
(0.0142817 0 0)
(0.0142817 0 0)
(0.0142817 0 0)
(0.0142817 0 0)
(0.0142817 0 0)
(0.0142817 0 0)
(0.0142817 0 0)
(0.0142817 0 0)
(0.0142817 0 0)
(0.0142817 0 0)
(0.0142817 0 0)
(0.0142817 0 0)
(0.0142817 0 0)
(0.0142817 0 0)
)
;

boundaryField
{
    inlet
    {
        type            fixedValue;
        value           uniform (0 0 0);
    }
    outlet
    {
        type            zeroGradient;
    }
    yzfaces
    {
        type            empty;
    }
}


// ************************************************************************* //
