/*--------------------------------*- C++ -*----------------------------------*\
  =========                 |
  \\      /  F ield         | OpenFOAM: The Open Source CFD Toolbox
   \\    /   O peration     | Website:  https://openfoam.org
    \\  /    A nd           | Version:  10
     \\/     M anipulation  |
\*---------------------------------------------------------------------------*/
FoamFile
{
    format      ascii;
    class       volVectorField;
    location    "0.77";
    object      Ua;
}
// * * * * * * * * * * * * * * * * * * * * * * * * * * * * * * * * * * * * * //

dimensions      [0 1 -1 0 0 0 0];

internalField   nonuniform List<vector> 
100
(
(0.00711415 0 0)
(0.0142008 0 0)
(0.0141454 0 0)
(0.0140898 0 0)
(0.0140341 0 0)
(0.0139785 0 0)
(0.0139231 0 0)
(0.0138677 0 0)
(0.0138125 0 0)
(0.0137573 0 0)
(0.0137022 0 0)
(0.0136472 0 0)
(0.0135922 0 0)
(0.0135372 0 0)
(0.0134822 0 0)
(0.0134271 0 0)
(0.0133721 0 0)
(0.0133169 0 0)
(0.0132617 0 0)
(0.0132065 0 0)
(0.0131511 0 0)
(0.0130956 0 0)
(0.0130399 0 0)
(0.0129841 0 0)
(0.0129281 0 0)
(0.0128719 0 0)
(0.0128155 0 0)
(0.0127589 0 0)
(0.012702 0 0)
(0.0126449 0 0)
(0.0125874 0 0)
(0.0125296 0 0)
(0.0124715 0 0)
(0.012413 0 0)
(0.012354 0 0)
(0.0122947 0 0)
(0.0122348 0 0)
(0.0121744 0 0)
(0.0121133 0 0)
(0.0120516 0 0)
(0.0119892 0 0)
(0.011926 0 0)
(0.0118618 0 0)
(0.0117966 0 0)
(0.0117303 0 0)
(0.0116625 0 0)
(0.0115932 0 0)
(0.011522 0 0)
(0.0114486 0 0)
(0.0113726 0 0)
(0.0112933 0 0)
(0.0112099 0 0)
(0.0111213 0 0)
(0.0110259 0 0)
(0.0109213 0 0)
(0.0108039 0 0)
(0.0106678 0 0)
(0.0105026 0 0)
(0.0102889 0 0)
(0.00998458 0 0)
(0.00948029 0 0)
(0.00839067 0 0)
(0.00507038 0 0)
(0.00125958 0 0)
(8.32631e-07 0 0)
(0 0 0)
(0 0 0)
(0 0 0)
(0 0 0)
(0 0 0)
(0 0 0)
(0 0 0)
(0 0 0)
(0 0 0)
(0 0 0)
(0 0 0)
(0 0 0)
(0 0 0)
(0 0 0)
(0 0 0)
(0 0 0)
(0 0 0)
(0 0 0)
(0 0 0)
(0 0 0)
(0 0 0)
(0 0 0)
(0 0 0)
(0 0 0)
(0 0 0)
(0 0 0)
(0 0 0)
(0 0 0)
(0 0 0)
(0 0 0)
(0 0 0)
(0 0 0)
(0 0 0)
(0 0 0)
(0 0 0)
)
;

boundaryField
{
    inlet
    {
        type            fixedValue;
        value           uniform (0 0 0);
    }
    outlet
    {
        type            zeroGradient;
    }
    yzfaces
    {
        type            empty;
    }
}


// ************************************************************************* //
