/*--------------------------------*- C++ -*----------------------------------*\
  =========                 |
  \\      /  F ield         | OpenFOAM: The Open Source CFD Toolbox
   \\    /   O peration     | Website:  https://openfoam.org
    \\  /    A nd           | Version:  10
     \\/     M anipulation  |
\*---------------------------------------------------------------------------*/
FoamFile
{
    format      ascii;
    class       volVectorField;
    location    "0.77";
    object      Ub;
}
// * * * * * * * * * * * * * * * * * * * * * * * * * * * * * * * * * * * * * //

dimensions      [0 1 -1 0 0 0 0];

internalField   nonuniform List<vector> 
100
(
(2.65064e-05 0 0)
(8.05563e-05 0 0)
(0.000135898 0 0)
(0.000191539 0 0)
(0.000247196 0 0)
(0.000302773 0 0)
(0.000358239 0 0)
(0.000413593 0 0)
(0.000468845 0 0)
(0.000524009 0 0)
(0.000579103 0 0)
(0.000634147 0 0)
(0.000689159 0 0)
(0.000744157 0 0)
(0.00079916 0 0)
(0.000854185 0 0)
(0.00090925 0 0)
(0.000964373 0 0)
(0.00101957 0 0)
(0.00107485 0 0)
(0.00113025 0 0)
(0.00118576 0 0)
(0.00124142 0 0)
(0.00129723 0 0)
(0.00135322 0 0)
(0.00140941 0 0)
(0.0014658 0 0)
(0.00152243 0 0)
(0.00157931 0 0)
(0.00163646 0 0)
(0.00169392 0 0)
(0.0017517 0 0)
(0.00180983 0 0)
(0.00186834 0 0)
(0.00192727 0 0)
(0.00198665 0 0)
(0.00204654 0 0)
(0.00210696 0 0)
(0.00216798 0 0)
(0.00222967 0 0)
(0.00229209 0 0)
(0.00235532 0 0)
(0.00241948 0 0)
(0.00248467 0 0)
(0.00255105 0 0)
(0.00261879 0 0)
(0.00268811 0 0)
(0.00275929 0 0)
(0.00283268 0 0)
(0.00290872 0 0)
(0.00298804 0 0)
(0.00307143 0 0)
(0.00316002 0 0)
(0.00325542 0 0)
(0.00336 0 0)
(0.0034774 0 0)
(0.00361354 0 0)
(0.0037787 0 0)
(0.00399242 0 0)
(0.00429674 0 0)
(0.00480103 0 0)
(0.00589064 0 0)
(0.00921094 0 0)
(0.0130217 0 0)
(0.0142805 0 0)
(0.0142813 0 0)
(0.0142813 0 0)
(0.0142813 0 0)
(0.0142813 0 0)
(0.0142813 0 0)
(0.0142813 0 0)
(0.0142813 0 0)
(0.0142813 0 0)
(0.0142813 0 0)
(0.0142813 0 0)
(0.0142813 0 0)
(0.0142813 0 0)
(0.0142813 0 0)
(0.0142813 0 0)
(0.0142813 0 0)
(0.0142813 0 0)
(0.0142813 0 0)
(0.0142813 0 0)
(0.0142813 0 0)
(0.0142813 0 0)
(0.0142813 0 0)
(0.0142813 0 0)
(0.0142813 0 0)
(0.0142813 0 0)
(0.0142813 0 0)
(0.0142813 0 0)
(0.0142813 0 0)
(0.0142813 0 0)
(0.0142813 0 0)
(0.0142813 0 0)
(0.0142813 0 0)
(0.0142813 0 0)
(0.0142813 0 0)
(0.0142813 0 0)
(0.0142813 0 0)
)
;

boundaryField
{
    inlet
    {
        type            fixedValue;
        value           uniform (0 0 0);
    }
    outlet
    {
        type            zeroGradient;
    }
    yzfaces
    {
        type            empty;
    }
}


// ************************************************************************* //
