/*--------------------------------*- C++ -*----------------------------------*\
  =========                 |
  \\      /  F ield         | OpenFOAM: The Open Source CFD Toolbox
   \\    /   O peration     | Website:  https://openfoam.org
    \\  /    A nd           | Version:  10
     \\/     M anipulation  |
\*---------------------------------------------------------------------------*/
FoamFile
{
    format      ascii;
    class       volVectorField;
    location    "0.565";
    object      Ua;
}
// * * * * * * * * * * * * * * * * * * * * * * * * * * * * * * * * * * * * * //

dimensions      [0 1 -1 0 0 0 0];

internalField   nonuniform List<vector> 
100
(
(0.00710458 0 0)
(0.0141714 0 0)
(0.0140958 0 0)
(0.01402 0 0)
(0.0139444 0 0)
(0.0138688 0 0)
(0.0137935 0 0)
(0.0137182 0 0)
(0.013643 0 0)
(0.0135678 0 0)
(0.0134925 0 0)
(0.0134172 0 0)
(0.0133418 0 0)
(0.0132662 0 0)
(0.0131904 0 0)
(0.0131144 0 0)
(0.0130381 0 0)
(0.0129614 0 0)
(0.0128843 0 0)
(0.0128068 0 0)
(0.0127288 0 0)
(0.0126502 0 0)
(0.0125709 0 0)
(0.012491 0 0)
(0.0124103 0 0)
(0.0123286 0 0)
(0.012246 0 0)
(0.0121622 0 0)
(0.0120771 0 0)
(0.0119906 0 0)
(0.0119022 0 0)
(0.0118119 0 0)
(0.0117191 0 0)
(0.0116234 0 0)
(0.0115241 0 0)
(0.0114203 0 0)
(0.0113109 0 0)
(0.0111939 0 0)
(0.0110669 0 0)
(0.0109255 0 0)
(0.0107631 0 0)
(0.0105675 0 0)
(0.0103149 0 0)
(0.009952 0 0)
(0.00932977 0 0)
(0.00786345 0 0)
(0.00384397 0 0)
(0.000443512 0 0)
(9.0579e-09 0 0)
(0 0 0)
(0 0 0)
(0 0 0)
(0 0 0)
(0 0 0)
(0 0 0)
(0 0 0)
(0 0 0)
(0 0 0)
(0 0 0)
(0 0 0)
(0 0 0)
(0 0 0)
(0 0 0)
(0 0 0)
(0 0 0)
(0 0 0)
(0 0 0)
(0 0 0)
(0 0 0)
(0 0 0)
(0 0 0)
(0 0 0)
(0 0 0)
(0 0 0)
(0 0 0)
(0 0 0)
(0 0 0)
(0 0 0)
(0 0 0)
(0 0 0)
(0 0 0)
(0 0 0)
(0 0 0)
(0 0 0)
(0 0 0)
(0 0 0)
(0 0 0)
(0 0 0)
(0 0 0)
(0 0 0)
(0 0 0)
(0 0 0)
(0 0 0)
(0 0 0)
(0 0 0)
(0 0 0)
(0 0 0)
(0 0 0)
(0 0 0)
(0 0 0)
)
;

boundaryField
{
    inlet
    {
        type            fixedValue;
        value           uniform (0 0 0);
    }
    outlet
    {
        type            zeroGradient;
    }
    yzfaces
    {
        type            empty;
    }
}


// ************************************************************************* //
