/*--------------------------------*- C++ -*----------------------------------*\
  =========                 |
  \\      /  F ield         | OpenFOAM: The Open Source CFD Toolbox
   \\    /   O peration     | Website:  https://openfoam.org
    \\  /    A nd           | Version:  10
     \\/     M anipulation  |
\*---------------------------------------------------------------------------*/
FoamFile
{
    format      ascii;
    class       volVectorField;
    location    "0.565";
    object      Ub;
}
// * * * * * * * * * * * * * * * * * * * * * * * * * * * * * * * * * * * * * //

dimensions      [0 1 -1 0 0 0 0];

internalField   nonuniform List<vector> 
100
(
(3.66623e-05 0 0)
(0.000111046 0 0)
(0.000186668 0 0)
(0.000262444 0 0)
(0.000338121 0 0)
(0.000413647 0 0)
(0.000489033 0 0)
(0.000564313 0 0)
(0.00063953 0 0)
(0.000714729 0 0)
(0.000789957 0 0)
(0.000865258 0 0)
(0.000940678 0 0)
(0.00101626 0 0)
(0.00109205 0 0)
(0.00116809 0 0)
(0.00124443 0 0)
(0.00132111 0 0)
(0.00139819 0 0)
(0.00147571 0 0)
(0.00155374 0 0)
(0.00163233 0 0)
(0.00171156 0 0)
(0.00179149 0 0)
(0.00187222 0 0)
(0.00195385 0 0)
(0.00203648 0 0)
(0.00212026 0 0)
(0.00220534 0 0)
(0.00229193 0 0)
(0.00238025 0 0)
(0.00247062 0 0)
(0.00256341 0 0)
(0.00265913 0 0)
(0.00275842 0 0)
(0.00286217 0 0)
(0.00297162 0 0)
(0.00308856 0 0)
(0.00321562 0 0)
(0.00335694 0 0)
(0.00351936 0 0)
(0.00371498 0 0)
(0.00396755 0 0)
(0.00433048 0 0)
(0.00495272 0 0)
(0.00641904 0 0)
(0.0104385 0 0)
(0.013839 0 0)
(0.0142825 0 0)
(0.0142825 0 0)
(0.0142825 0 0)
(0.0142825 0 0)
(0.0142825 0 0)
(0.0142825 0 0)
(0.0142825 0 0)
(0.0142825 0 0)
(0.0142825 0 0)
(0.0142825 0 0)
(0.0142825 0 0)
(0.0142825 0 0)
(0.0142825 0 0)
(0.0142825 0 0)
(0.0142825 0 0)
(0.0142825 0 0)
(0.0142825 0 0)
(0.0142825 0 0)
(0.0142825 0 0)
(0.0142825 0 0)
(0.0142825 0 0)
(0.0142825 0 0)
(0.0142825 0 0)
(0.0142825 0 0)
(0.0142825 0 0)
(0.0142825 0 0)
(0.0142825 0 0)
(0.0142825 0 0)
(0.0142825 0 0)
(0.0142825 0 0)
(0.0142825 0 0)
(0.0142825 0 0)
(0.0142825 0 0)
(0.0142825 0 0)
(0.0142825 0 0)
(0.0142825 0 0)
(0.0142825 0 0)
(0.0142825 0 0)
(0.0142825 0 0)
(0.0142825 0 0)
(0.0142825 0 0)
(0.0142825 0 0)
(0.0142825 0 0)
(0.0142825 0 0)
(0.0142825 0 0)
(0.0142825 0 0)
(0.0142825 0 0)
(0.0142825 0 0)
(0.0142825 0 0)
(0.0142825 0 0)
(0.0142825 0 0)
(0.0142825 0 0)
)
;

boundaryField
{
    inlet
    {
        type            fixedValue;
        value           uniform (0 0 0);
    }
    outlet
    {
        type            zeroGradient;
    }
    yzfaces
    {
        type            empty;
    }
}


// ************************************************************************* //
