/*--------------------------------*- C++ -*----------------------------------*\
  =========                 |
  \\      /  F ield         | OpenFOAM: The Open Source CFD Toolbox
   \\    /   O peration     | Website:  https://openfoam.org
    \\  /    A nd           | Version:  10
     \\/     M anipulation  |
\*---------------------------------------------------------------------------*/
FoamFile
{
    format      ascii;
    class       volVectorField;
    location    "1.17";
    object      Ua;
}
// * * * * * * * * * * * * * * * * * * * * * * * * * * * * * * * * * * * * * //

dimensions      [0 1 -1 0 0 0 0];

internalField   nonuniform List<vector> 
100
(
(0.00712253 0 0)
(0.0142271 0 0)
(0.014191 0 0)
(0.0141545 0 0)
(0.0141178 0 0)
(0.0140811 0 0)
(0.0140444 0 0)
(0.0140078 0 0)
(0.0139712 0 0)
(0.0139347 0 0)
(0.0138983 0 0)
(0.0138619 0 0)
(0.0138256 0 0)
(0.0137893 0 0)
(0.0137531 0 0)
(0.0137169 0 0)
(0.0136807 0 0)
(0.0136446 0 0)
(0.0136085 0 0)
(0.0135724 0 0)
(0.0135364 0 0)
(0.0135003 0 0)
(0.0134642 0 0)
(0.0134282 0 0)
(0.0133921 0 0)
(0.013356 0 0)
(0.0133199 0 0)
(0.0132838 0 0)
(0.0132477 0 0)
(0.0132115 0 0)
(0.0131753 0 0)
(0.013139 0 0)
(0.0131027 0 0)
(0.0130664 0 0)
(0.01303 0 0)
(0.0129935 0 0)
(0.012957 0 0)
(0.0129204 0 0)
(0.0128837 0 0)
(0.012847 0 0)
(0.0128102 0 0)
(0.0127733 0 0)
(0.0127363 0 0)
(0.0126992 0 0)
(0.0126621 0 0)
(0.0126248 0 0)
(0.0125874 0 0)
(0.0125499 0 0)
(0.0125122 0 0)
(0.0124744 0 0)
(0.0124365 0 0)
(0.0123985 0 0)
(0.0123603 0 0)
(0.0123219 0 0)
(0.0122833 0 0)
(0.0122446 0 0)
(0.0122057 0 0)
(0.0121666 0 0)
(0.0121272 0 0)
(0.0120877 0 0)
(0.0120479 0 0)
(0.0120078 0 0)
(0.0119674 0 0)
(0.0119267 0 0)
(0.0118857 0 0)
(0.0118444 0 0)
(0.0118027 0 0)
(0.0117605 0 0)
(0.0117179 0 0)
(0.0116748 0 0)
(0.0116312 0 0)
(0.0115869 0 0)
(0.0115419 0 0)
(0.0114962 0 0)
(0.0114495 0 0)
(0.0114019 0 0)
(0.0113531 0 0)
(0.011303 0 0)
(0.0112513 0 0)
(0.0111977 0 0)
(0.0111419 0 0)
(0.0110833 0 0)
(0.0110213 0 0)
(0.010955 0 0)
(0.0108831 0 0)
(0.0108037 0 0)
(0.0107143 0 0)
(0.0106104 0 0)
(0.0104851 0 0)
(0.0103258 0 0)
(0.0101076 0 0)
(0.00977435 0 0)
(0.00916666 0 0)
(0.00764589 0 0)
(0.00359353 0 0)
(0.000329812 0 0)
(2.8994e-09 0 0)
(0 0 0)
(0 0 0)
(0 0 0)
)
;

boundaryField
{
    inlet
    {
        type            fixedValue;
        value           uniform (0 0 0);
    }
    outlet
    {
        type            zeroGradient;
    }
    yzfaces
    {
        type            empty;
    }
}


// ************************************************************************* //
