/*--------------------------------*- C++ -*----------------------------------*\
  =========                 |
  \\      /  F ield         | OpenFOAM: The Open Source CFD Toolbox
   \\    /   O peration     | Website:  https://openfoam.org
    \\  /    A nd           | Version:  10
     \\/     M anipulation  |
\*---------------------------------------------------------------------------*/
FoamFile
{
    format      ascii;
    class       volVectorField;
    location    "1.17";
    object      Ub;
}
// * * * * * * * * * * * * * * * * * * * * * * * * * * * * * * * * * * * * * //

dimensions      [0 1 -1 0 0 0 0];

internalField   nonuniform List<vector> 
100
(
(1.69862e-05 0 0)
(5.18846e-05 0 0)
(8.80118e-05 0 0)
(0.000124552 0 0)
(0.000161233 0 0)
(0.000197941 0 0)
(0.000234624 0 0)
(0.000271256 0 0)
(0.000307826 0 0)
(0.000344331 0 0)
(0.000380772 0 0)
(0.000417151 0 0)
(0.000453474 0 0)
(0.000489745 0 0)
(0.00052597 0 0)
(0.000562155 0 0)
(0.000598306 0 0)
(0.000634427 0 0)
(0.000670526 0 0)
(0.000706607 0 0)
(0.000742675 0 0)
(0.000778737 0 0)
(0.000814796 0 0)
(0.000850858 0 0)
(0.000886928 0 0)
(0.000923011 0 0)
(0.000959111 0 0)
(0.000995233 0 0)
(0.00103138 0 0)
(0.00106756 0 0)
(0.00110377 0 0)
(0.00114003 0 0)
(0.00117633 0 0)
(0.00121267 0 0)
(0.00124907 0 0)
(0.00128553 0 0)
(0.00132204 0 0)
(0.00135863 0 0)
(0.00139528 0 0)
(0.00143201 0 0)
(0.00146882 0 0)
(0.00150572 0 0)
(0.0015427 0 0)
(0.00157978 0 0)
(0.00161697 0 0)
(0.00165425 0 0)
(0.00169165 0 0)
(0.00172917 0 0)
(0.00176681 0 0)
(0.00180458 0 0)
(0.0018425 0 0)
(0.00188055 0 0)
(0.00191876 0 0)
(0.00195714 0 0)
(0.00199568 0 0)
(0.00203441 0 0)
(0.00207333 0 0)
(0.00211245 0 0)
(0.00215179 0 0)
(0.00219136 0 0)
(0.00223118 0 0)
(0.00227126 0 0)
(0.00231162 0 0)
(0.00235229 0 0)
(0.00239328 0 0)
(0.00243463 0 0)
(0.00247636 0 0)
(0.0025185 0 0)
(0.00256111 0 0)
(0.00260422 0 0)
(0.00264788 0 0)
(0.00269216 0 0)
(0.00273713 0 0)
(0.00278287 0 0)
(0.00282949 0 0)
(0.00287712 0 0)
(0.0029259 0 0)
(0.00297603 0 0)
(0.00302773 0 0)
(0.00308131 0 0)
(0.00313714 0 0)
(0.00319573 0 0)
(0.00325774 0 0)
(0.00332406 0 0)
(0.00339597 0 0)
(0.00347529 0 0)
(0.00356474 0 0)
(0.00366858 0 0)
(0.00379388 0 0)
(0.00395322 0 0)
(0.00417139 0 0)
(0.00450468 0 0)
(0.00511237 0 0)
(0.00663315 0 0)
(0.0106855 0 0)
(0.0139492 0 0)
(0.014279 0 0)
(0.014279 0 0)
(0.014279 0 0)
(0.014279 0 0)
)
;

boundaryField
{
    inlet
    {
        type            fixedValue;
        value           uniform (0 0 0);
    }
    outlet
    {
        type            zeroGradient;
    }
    yzfaces
    {
        type            empty;
    }
}


// ************************************************************************* //
