/*--------------------------------*- C++ -*----------------------------------*\
  =========                 |
  \\      /  F ield         | OpenFOAM: The Open Source CFD Toolbox
   \\    /   O peration     | Website:  https://openfoam.org
    \\  /    A nd           | Version:  10
     \\/     M anipulation  |
\*---------------------------------------------------------------------------*/
FoamFile
{
    format      ascii;
    class       volVectorField;
    location    "0.405";
    object      Ua;
}
// * * * * * * * * * * * * * * * * * * * * * * * * * * * * * * * * * * * * * //

dimensions      [0 1 -1 0 0 0 0];

internalField   nonuniform List<vector> 
100
(
(0.00708994 0 0)
(0.0141271 0 0)
(0.0140215 0 0)
(0.0139159 0 0)
(0.0138105 0 0)
(0.0137051 0 0)
(0.0135998 0 0)
(0.0134944 0 0)
(0.0133887 0 0)
(0.0132826 0 0)
(0.0131761 0 0)
(0.0130689 0 0)
(0.012961 0 0)
(0.0128522 0 0)
(0.0127422 0 0)
(0.0126311 0 0)
(0.0125184 0 0)
(0.012404 0 0)
(0.0122876 0 0)
(0.0121687 0 0)
(0.0120469 0 0)
(0.0119216 0 0)
(0.0117919 0 0)
(0.0116567 0 0)
(0.0115143 0 0)
(0.0113624 0 0)
(0.0111973 0 0)
(0.0110131 0 0)
(0.0107993 0 0)
(0.0105363 0 0)
(0.0101815 0 0)
(0.00962353 0 0)
(0.00846691 0 0)
(0.0050386 0 0)
(0.00120898 0 0)
(6.56386e-07 0 0)
(0 0 0)
(0 0 0)
(0 0 0)
(0 0 0)
(0 0 0)
(0 0 0)
(0 0 0)
(0 0 0)
(0 0 0)
(0 0 0)
(0 0 0)
(0 0 0)
(0 0 0)
(0 0 0)
(0 0 0)
(0 0 0)
(0 0 0)
(0 0 0)
(0 0 0)
(0 0 0)
(0 0 0)
(0 0 0)
(0 0 0)
(0 0 0)
(0 0 0)
(0 0 0)
(0 0 0)
(0 0 0)
(0 0 0)
(0 0 0)
(0 0 0)
(0 0 0)
(0 0 0)
(0 0 0)
(0 0 0)
(0 0 0)
(0 0 0)
(0 0 0)
(0 0 0)
(0 0 0)
(0 0 0)
(0 0 0)
(0 0 0)
(0 0 0)
(0 0 0)
(0 0 0)
(0 0 0)
(0 0 0)
(0 0 0)
(0 0 0)
(0 0 0)
(0 0 0)
(0 0 0)
(0 0 0)
(0 0 0)
(0 0 0)
(0 0 0)
(0 0 0)
(0 0 0)
(0 0 0)
(0 0 0)
(0 0 0)
(0 0 0)
(0 0 0)
)
;

boundaryField
{
    inlet
    {
        type            fixedValue;
        value           uniform (0 0 0);
    }
    outlet
    {
        type            zeroGradient;
    }
    yzfaces
    {
        type            empty;
    }
}


// ************************************************************************* //
