/*--------------------------------*- C++ -*----------------------------------*\
  =========                 |
  \\      /  F ield         | OpenFOAM: The Open Source CFD Toolbox
   \\    /   O peration     | Website:  https://openfoam.org
    \\  /    A nd           | Version:  10
     \\/     M anipulation  |
\*---------------------------------------------------------------------------*/
FoamFile
{
    format      ascii;
    class       volVectorField;
    location    "0.745";
    object      Ua;
}
// * * * * * * * * * * * * * * * * * * * * * * * * * * * * * * * * * * * * * //

dimensions      [0 1 -1 0 0 0 0];

internalField   nonuniform List<vector> 
100
(
(0.00711329 0 0)
(0.0141981 0 0)
(0.0141409 0 0)
(0.0140834 0 0)
(0.0140258 0 0)
(0.0139684 0 0)
(0.0139111 0 0)
(0.0138539 0 0)
(0.0137968 0 0)
(0.0137398 0 0)
(0.0136829 0 0)
(0.013626 0 0)
(0.0135691 0 0)
(0.0135123 0 0)
(0.0134554 0 0)
(0.0133985 0 0)
(0.0133415 0 0)
(0.0132845 0 0)
(0.0132273 0 0)
(0.0131701 0 0)
(0.0131127 0 0)
(0.0130552 0 0)
(0.0129975 0 0)
(0.0129397 0 0)
(0.0128816 0 0)
(0.0128233 0 0)
(0.0127647 0 0)
(0.0127059 0 0)
(0.0126468 0 0)
(0.0125874 0 0)
(0.0125276 0 0)
(0.0124674 0 0)
(0.0124068 0 0)
(0.0123457 0 0)
(0.0122842 0 0)
(0.0122221 0 0)
(0.0121594 0 0)
(0.012096 0 0)
(0.0120319 0 0)
(0.011967 0 0)
(0.0119012 0 0)
(0.0118343 0 0)
(0.0117662 0 0)
(0.0116968 0 0)
(0.0116257 0 0)
(0.0115528 0 0)
(0.0114777 0 0)
(0.0114 0 0)
(0.0113189 0 0)
(0.0112338 0 0)
(0.0111436 0 0)
(0.0110465 0 0)
(0.0109403 0 0)
(0.0108213 0 0)
(0.0106837 0 0)
(0.0105174 0 0)
(0.0103029 0 0)
(0.00999896 0 0)
(0.00949816 0 0)
(0.00842485 0 0)
(0.00515722 0 0)
(0.00132286 0 0)
(1.05454e-06 0 0)
(3.46945e-18 0 0)
(0 0 0)
(0 0 0)
(0 0 0)
(0 0 0)
(0 0 0)
(0 0 0)
(0 0 0)
(0 0 0)
(0 0 0)
(0 0 0)
(0 0 0)
(0 0 0)
(0 0 0)
(0 0 0)
(0 0 0)
(0 0 0)
(0 0 0)
(0 0 0)
(0 0 0)
(0 0 0)
(0 0 0)
(0 0 0)
(0 0 0)
(0 0 0)
(0 0 0)
(0 0 0)
(0 0 0)
(0 0 0)
(0 0 0)
(0 0 0)
(0 0 0)
(0 0 0)
(0 0 0)
(0 0 0)
(0 0 0)
(0 0 0)
)
;

boundaryField
{
    inlet
    {
        type            fixedValue;
        value           uniform (0 0 0);
    }
    outlet
    {
        type            zeroGradient;
    }
    yzfaces
    {
        type            empty;
    }
}


// ************************************************************************* //
