/*--------------------------------*- C++ -*----------------------------------*\
  =========                 |
  \\      /  F ield         | OpenFOAM: The Open Source CFD Toolbox
   \\    /   O peration     | Website:  https://openfoam.org
    \\  /    A nd           | Version:  10
     \\/     M anipulation  |
\*---------------------------------------------------------------------------*/
FoamFile
{
    format      ascii;
    class       volVectorField;
    location    "0.745";
    object      Ub;
}
// * * * * * * * * * * * * * * * * * * * * * * * * * * * * * * * * * * * * * //

dimensions      [0 1 -1 0 0 0 0];

internalField   nonuniform List<vector> 
100
(
(2.74442e-05 0 0)
(8.33751e-05 0 0)
(0.000140597 0 0)
(0.000198104 0 0)
(0.000255616 0 0)
(0.000313038 0 0)
(0.000370344 0 0)
(0.000427535 0 0)
(0.000484622 0 0)
(0.000541624 0 0)
(0.000598561 0 0)
(0.000655452 0 0)
(0.000712319 0 0)
(0.000769182 0 0)
(0.000826061 0 0)
(0.000882975 0 0)
(0.000939943 0 0)
(0.000996984 0 0)
(0.00105412 0 0)
(0.00111136 0 0)
(0.00116873 0 0)
(0.00122625 0 0)
(0.00128393 0 0)
(0.0013418 0 0)
(0.00139987 0 0)
(0.00145818 0 0)
(0.00151673 0 0)
(0.00157555 0 0)
(0.00163466 0 0)
(0.0016941 0 0)
(0.0017539 0 0)
(0.00181407 0 0)
(0.00187467 0 0)
(0.00193572 0 0)
(0.00199726 0 0)
(0.00205936 0 0)
(0.00212205 0 0)
(0.00218542 0 0)
(0.00224951 0 0)
(0.00231444 0 0)
(0.00238028 0 0)
(0.00244717 0 0)
(0.00251525 0 0)
(0.0025847 0 0)
(0.00265573 0 0)
(0.00272862 0 0)
(0.00280373 0 0)
(0.00288149 0 0)
(0.00296252 0 0)
(0.00304762 0 0)
(0.00313791 0 0)
(0.00323498 0 0)
(0.00334119 0 0)
(0.00346015 0 0)
(0.00359772 0 0)
(0.00376409 0 0)
(0.00397854 0 0)
(0.0042825 0 0)
(0.0047833 0 0)
(0.00585661 0 0)
(0.00912424 0 0)
(0.0129586 0 0)
(0.0142804 0 0)
(0.0142815 0 0)
(0.0142815 0 0)
(0.0142815 0 0)
(0.0142815 0 0)
(0.0142815 0 0)
(0.0142815 0 0)
(0.0142815 0 0)
(0.0142815 0 0)
(0.0142815 0 0)
(0.0142815 0 0)
(0.0142815 0 0)
(0.0142815 0 0)
(0.0142815 0 0)
(0.0142815 0 0)
(0.0142815 0 0)
(0.0142815 0 0)
(0.0142815 0 0)
(0.0142815 0 0)
(0.0142815 0 0)
(0.0142815 0 0)
(0.0142815 0 0)
(0.0142815 0 0)
(0.0142815 0 0)
(0.0142815 0 0)
(0.0142815 0 0)
(0.0142815 0 0)
(0.0142815 0 0)
(0.0142815 0 0)
(0.0142815 0 0)
(0.0142815 0 0)
(0.0142815 0 0)
(0.0142815 0 0)
(0.0142815 0 0)
(0.0142815 0 0)
(0.0142815 0 0)
(0.0142815 0 0)
(0.0142815 0 0)
)
;

boundaryField
{
    inlet
    {
        type            fixedValue;
        value           uniform (0 0 0);
    }
    outlet
    {
        type            zeroGradient;
    }
    yzfaces
    {
        type            empty;
    }
}


// ************************************************************************* //
