/*--------------------------------*- C++ -*----------------------------------*\
  =========                 |
  \\      /  F ield         | OpenFOAM: The Open Source CFD Toolbox
   \\    /   O peration     | Website:  https://openfoam.org
    \\  /    A nd           | Version:  10
     \\/     M anipulation  |
\*---------------------------------------------------------------------------*/
FoamFile
{
    format      ascii;
    class       volVectorField;
    location    "0.41";
    object      Ua;
}
// * * * * * * * * * * * * * * * * * * * * * * * * * * * * * * * * * * * * * //

dimensions      [0 1 -1 0 0 0 0];

internalField   nonuniform List<vector> 
100
(
(0.00709058 0 0)
(0.014129 0 0)
(0.0140247 0 0)
(0.0139204 0 0)
(0.0138163 0 0)
(0.0137122 0 0)
(0.0136082 0 0)
(0.0135041 0 0)
(0.0133997 0 0)
(0.013295 0 0)
(0.0131899 0 0)
(0.0130842 0 0)
(0.0129777 0 0)
(0.0128704 0 0)
(0.0127621 0 0)
(0.0126526 0 0)
(0.0125416 0 0)
(0.0124291 0 0)
(0.0123147 0 0)
(0.0121979 0 0)
(0.0120785 0 0)
(0.0119558 0 0)
(0.0118292 0 0)
(0.0116975 0 0)
(0.0115594 0 0)
(0.0114128 0 0)
(0.0112547 0 0)
(0.0110802 0 0)
(0.0108811 0 0)
(0.0106423 0 0)
(0.0103331 0 0)
(0.00987966 0 0)
(0.00905449 0 0)
(0.00684684 0 0)
(0.00264315 0 0)
(4.89442e-05 0 0)
(2.21371e-12 0 0)
(0 0 0)
(0 0 0)
(0 0 0)
(0 0 0)
(0 0 0)
(0 0 0)
(0 0 0)
(0 0 0)
(0 0 0)
(0 0 0)
(0 0 0)
(0 0 0)
(0 0 0)
(0 0 0)
(0 0 0)
(0 0 0)
(0 0 0)
(0 0 0)
(0 0 0)
(0 0 0)
(0 0 0)
(0 0 0)
(0 0 0)
(0 0 0)
(0 0 0)
(0 0 0)
(0 0 0)
(0 0 0)
(0 0 0)
(0 0 0)
(0 0 0)
(0 0 0)
(0 0 0)
(0 0 0)
(0 0 0)
(0 0 0)
(0 0 0)
(0 0 0)
(0 0 0)
(0 0 0)
(0 0 0)
(0 0 0)
(0 0 0)
(0 0 0)
(0 0 0)
(0 0 0)
(0 0 0)
(0 0 0)
(0 0 0)
(0 0 0)
(0 0 0)
(0 0 0)
(0 0 0)
(0 0 0)
(0 0 0)
(0 0 0)
(0 0 0)
(0 0 0)
(0 0 0)
(0 0 0)
(0 0 0)
(0 0 0)
(0 0 0)
)
;

boundaryField
{
    inlet
    {
        type            fixedValue;
        value           uniform (0 0 0);
    }
    outlet
    {
        type            zeroGradient;
    }
    yzfaces
    {
        type            empty;
    }
}


// ************************************************************************* //
