/*--------------------------------*- C++ -*----------------------------------*\
  =========                 |
  \\      /  F ield         | OpenFOAM: The Open Source CFD Toolbox
   \\    /   O peration     | Website:  https://openfoam.org
    \\  /    A nd           | Version:  10
     \\/     M anipulation  |
\*---------------------------------------------------------------------------*/
FoamFile
{
    format      ascii;
    class       volVectorField;
    location    "0.41";
    object      Ub;
}
// * * * * * * * * * * * * * * * * * * * * * * * * * * * * * * * * * * * * * //

dimensions      [0 1 -1 0 0 0 0];

internalField   nonuniform List<vector> 
100
(
(5.11116e-05 0 0)
(0.000154344 0 0)
(0.000258658 0 0)
(0.000362967 0 0)
(0.000467118 0 0)
(0.000571155 0 0)
(0.000675179 0 0)
(0.000779303 0 0)
(0.000883647 0 0)
(0.000988331 0 0)
(0.00109348 0 0)
(0.00119921 0 0)
(0.00130566 0 0)
(0.00141297 0 0)
(0.00152129 0 0)
(0.00163081 0 0)
(0.00174172 0 0)
(0.00185427 0 0)
(0.00196872 0 0)
(0.00208544 0 0)
(0.00220485 0 0)
(0.00232753 0 0)
(0.00245421 0 0)
(0.0025859 0 0)
(0.00272401 0 0)
(0.00287058 0 0)
(0.00302866 0 0)
(0.00320315 0 0)
(0.00340227 0 0)
(0.00364107 0 0)
(0.0039503 0 0)
(0.00440371 0 0)
(0.00522889 0 0)
(0.00743653 0 0)
(0.0116402 0 0)
(0.0142344 0 0)
(0.0142834 0 0)
(0.0142834 0 0)
(0.0142834 0 0)
(0.0142834 0 0)
(0.0142834 0 0)
(0.0142834 0 0)
(0.0142834 0 0)
(0.0142834 0 0)
(0.0142834 0 0)
(0.0142834 0 0)
(0.0142834 0 0)
(0.0142834 0 0)
(0.0142834 0 0)
(0.0142834 0 0)
(0.0142834 0 0)
(0.0142834 0 0)
(0.0142834 0 0)
(0.0142834 0 0)
(0.0142834 0 0)
(0.0142834 0 0)
(0.0142834 0 0)
(0.0142834 0 0)
(0.0142834 0 0)
(0.0142834 0 0)
(0.0142834 0 0)
(0.0142834 0 0)
(0.0142834 0 0)
(0.0142834 0 0)
(0.0142834 0 0)
(0.0142834 0 0)
(0.0142834 0 0)
(0.0142834 0 0)
(0.0142834 0 0)
(0.0142834 0 0)
(0.0142834 0 0)
(0.0142834 0 0)
(0.0142834 0 0)
(0.0142834 0 0)
(0.0142834 0 0)
(0.0142834 0 0)
(0.0142834 0 0)
(0.0142834 0 0)
(0.0142834 0 0)
(0.0142834 0 0)
(0.0142834 0 0)
(0.0142834 0 0)
(0.0142834 0 0)
(0.0142834 0 0)
(0.0142834 0 0)
(0.0142834 0 0)
(0.0142834 0 0)
(0.0142834 0 0)
(0.0142834 0 0)
(0.0142834 0 0)
(0.0142834 0 0)
(0.0142834 0 0)
(0.0142834 0 0)
(0.0142834 0 0)
(0.0142834 0 0)
(0.0142834 0 0)
(0.0142834 0 0)
(0.0142834 0 0)
(0.0142834 0 0)
(0.0142834 0 0)
)
;

boundaryField
{
    inlet
    {
        type            fixedValue;
        value           uniform (0 0 0);
    }
    outlet
    {
        type            zeroGradient;
    }
    yzfaces
    {
        type            empty;
    }
}


// ************************************************************************* //
