/*--------------------------------*- C++ -*----------------------------------*\
  =========                 |
  \\      /  F ield         | OpenFOAM: The Open Source CFD Toolbox
   \\    /   O peration     | Website:  https://openfoam.org
    \\  /    A nd           | Version:  10
     \\/     M anipulation  |
\*---------------------------------------------------------------------------*/
FoamFile
{
    format      ascii;
    class       volVectorField;
    location    "0.84";
    object      Ua;
}
// * * * * * * * * * * * * * * * * * * * * * * * * * * * * * * * * * * * * * //

dimensions      [0 1 -1 0 0 0 0];

internalField   nonuniform List<vector> 
100
(
(0.00711628 0 0)
(0.0142074 0 0)
(0.0141567 0 0)
(0.0141057 0 0)
(0.0140546 0 0)
(0.0140037 0 0)
(0.0139528 0 0)
(0.013902 0 0)
(0.0138513 0 0)
(0.0138007 0 0)
(0.0137501 0 0)
(0.0136997 0 0)
(0.0136492 0 0)
(0.0135988 0 0)
(0.0135485 0 0)
(0.0134981 0 0)
(0.0134477 0 0)
(0.0133973 0 0)
(0.0133469 0 0)
(0.0132964 0 0)
(0.0132458 0 0)
(0.0131952 0 0)
(0.0131445 0 0)
(0.0130936 0 0)
(0.0130427 0 0)
(0.0129916 0 0)
(0.0129404 0 0)
(0.0128891 0 0)
(0.0128376 0 0)
(0.0127859 0 0)
(0.012734 0 0)
(0.0126819 0 0)
(0.0126295 0 0)
(0.012577 0 0)
(0.0125241 0 0)
(0.012471 0 0)
(0.0124175 0 0)
(0.0123637 0 0)
(0.0123096 0 0)
(0.0122551 0 0)
(0.0122001 0 0)
(0.0121447 0 0)
(0.0120887 0 0)
(0.0120322 0 0)
(0.0119751 0 0)
(0.0119174 0 0)
(0.0118588 0 0)
(0.0117995 0 0)
(0.0117391 0 0)
(0.0116777 0 0)
(0.0116151 0 0)
(0.011551 0 0)
(0.0114852 0 0)
(0.0114175 0 0)
(0.0113474 0 0)
(0.0112744 0 0)
(0.0111978 0 0)
(0.0111167 0 0)
(0.0110298 0 0)
(0.0109351 0 0)
(0.0108298 0 0)
(0.0107095 0 0)
(0.0105665 0 0)
(0.0103873 0 0)
(0.0101448 0 0)
(0.00977607 0 0)
(0.00909687 0 0)
(0.00733318 0 0)
(0.00317368 0 0)
(0.000162875 0 0)
(1.93907e-10 0 0)
(0 0 0)
(0 0 0)
(0 0 0)
(0 0 0)
(0 0 0)
(0 0 0)
(0 0 0)
(0 0 0)
(0 0 0)
(0 0 0)
(0 0 0)
(0 0 0)
(0 0 0)
(0 0 0)
(0 0 0)
(0 0 0)
(0 0 0)
(0 0 0)
(0 0 0)
(0 0 0)
(0 0 0)
(0 0 0)
(0 0 0)
(0 0 0)
(0 0 0)
(0 0 0)
(0 0 0)
(0 0 0)
(0 0 0)
)
;

boundaryField
{
    inlet
    {
        type            fixedValue;
        value           uniform (0 0 0);
    }
    outlet
    {
        type            zeroGradient;
    }
    yzfaces
    {
        type            empty;
    }
}


// ************************************************************************* //
