/*--------------------------------*- C++ -*----------------------------------*\
  =========                 |
  \\      /  F ield         | OpenFOAM: The Open Source CFD Toolbox
   \\    /   O peration     | Website:  https://openfoam.org
    \\  /    A nd           | Version:  10
     \\/     M anipulation  |
\*---------------------------------------------------------------------------*/
FoamFile
{
    format      ascii;
    class       volVectorField;
    location    "0.84";
    object      Ub;
}
// * * * * * * * * * * * * * * * * * * * * * * * * * * * * * * * * * * * * * //

dimensions      [0 1 -1 0 0 0 0];

internalField   nonuniform List<vector> 
100
(
(2.41793e-05 0 0)
(7.35582e-05 0 0)
(0.000124228 0 0)
(0.000175228 0 0)
(0.000226275 0 0)
(0.000277265 0 0)
(0.000328163 0 0)
(0.000378957 0 0)
(0.000429654 0 0)
(0.000480262 0 0)
(0.000530794 0 0)
(0.000581266 0 0)
(0.000631691 0 0)
(0.000682084 0 0)
(0.00073246 0 0)
(0.000782832 0 0)
(0.000833215 0 0)
(0.000883621 0 0)
(0.000934065 0 0)
(0.000984558 0 0)
(0.00103511 0 0)
(0.00108575 0 0)
(0.00113646 0 0)
(0.00118728 0 0)
(0.00123822 0 0)
(0.00128928 0 0)
(0.00134047 0 0)
(0.00139183 0 0)
(0.00144334 0 0)
(0.00149504 0 0)
(0.00154694 0 0)
(0.00159904 0 0)
(0.00165138 0 0)
(0.00170397 0 0)
(0.00175682 0 0)
(0.00180995 0 0)
(0.0018634 0 0)
(0.00191718 0 0)
(0.00197133 0 0)
(0.00202586 0 0)
(0.00208083 0 0)
(0.00213625 0 0)
(0.00219219 0 0)
(0.00224867 0 0)
(0.00230578 0 0)
(0.00236355 0 0)
(0.00242209 0 0)
(0.00248146 0 0)
(0.00254179 0 0)
(0.0026032 0 0)
(0.00266585 0 0)
(0.00272994 0 0)
(0.00279569 0 0)
(0.00286343 0 0)
(0.00293355 0 0)
(0.00300655 0 0)
(0.00308313 0 0)
(0.00316423 0 0)
(0.00325115 0 0)
(0.00334581 0 0)
(0.00345107 0 0)
(0.00357144 0 0)
(0.00371444 0 0)
(0.00389364 0 0)
(0.00413613 0 0)
(0.00450485 0 0)
(0.00518405 0 0)
(0.00694774 0 0)
(0.0111072 0 0)
(0.014118 0 0)
(0.0142809 0 0)
(0.0142809 0 0)
(0.0142809 0 0)
(0.0142809 0 0)
(0.0142809 0 0)
(0.0142809 0 0)
(0.0142809 0 0)
(0.0142809 0 0)
(0.0142809 0 0)
(0.0142809 0 0)
(0.0142809 0 0)
(0.0142809 0 0)
(0.0142809 0 0)
(0.0142809 0 0)
(0.0142809 0 0)
(0.0142809 0 0)
(0.0142809 0 0)
(0.0142809 0 0)
(0.0142809 0 0)
(0.0142809 0 0)
(0.0142809 0 0)
(0.0142809 0 0)
(0.0142809 0 0)
(0.0142809 0 0)
(0.0142809 0 0)
(0.0142809 0 0)
(0.0142809 0 0)
(0.0142809 0 0)
(0.0142809 0 0)
(0.0142809 0 0)
)
;

boundaryField
{
    inlet
    {
        type            fixedValue;
        value           uniform (0 0 0);
    }
    outlet
    {
        type            zeroGradient;
    }
    yzfaces
    {
        type            empty;
    }
}


// ************************************************************************* //
