/*--------------------------------*- C++ -*----------------------------------*\
  =========                 |
  \\      /  F ield         | OpenFOAM: The Open Source CFD Toolbox
   \\    /   O peration     | Website:  https://openfoam.org
    \\  /    A nd           | Version:  10
     \\/     M anipulation  |
\*---------------------------------------------------------------------------*/
FoamFile
{
    format      ascii;
    class       volVectorField;
    location    "0.17";
    object      Ub;
}
// * * * * * * * * * * * * * * * * * * * * * * * * * * * * * * * * * * * * * //

dimensions      [0 1 -1 0 0 0 0];

internalField   nonuniform List<vector> 
100
(
(0.00012563 0 0)
(0.000377861 0 0)
(0.000631913 0 0)
(0.000888439 0 0)
(0.00114919 0 0)
(0.00141633 0 0)
(0.00169265 0 0)
(0.00198204 0 0)
(0.00229042 0 0)
(0.00262763 0 0)
(0.00301192 0 0)
(0.0034817 0 0)
(0.00413451 0 0)
(0.00530198 0 0)
(0.00848559 0 0)
(0.012585 0 0)
(0.0142815 0 0)
(0.0142847 0 0)
(0.0142847 0 0)
(0.0142847 0 0)
(0.0142847 0 0)
(0.0142847 0 0)
(0.0142847 0 0)
(0.0142847 0 0)
(0.0142847 0 0)
(0.0142847 0 0)
(0.0142847 0 0)
(0.0142847 0 0)
(0.0142847 0 0)
(0.0142847 0 0)
(0.0142847 0 0)
(0.0142847 0 0)
(0.0142847 0 0)
(0.0142847 0 0)
(0.0142847 0 0)
(0.0142847 0 0)
(0.0142847 0 0)
(0.0142847 0 0)
(0.0142847 0 0)
(0.0142847 0 0)
(0.0142847 0 0)
(0.0142847 0 0)
(0.0142847 0 0)
(0.0142847 0 0)
(0.0142847 0 0)
(0.0142847 0 0)
(0.0142847 0 0)
(0.0142847 0 0)
(0.0142847 0 0)
(0.0142847 0 0)
(0.0142847 0 0)
(0.0142847 0 0)
(0.0142847 0 0)
(0.0142847 0 0)
(0.0142847 0 0)
(0.0142847 0 0)
(0.0142847 0 0)
(0.0142847 0 0)
(0.0142847 0 0)
(0.0142847 0 0)
(0.0142847 0 0)
(0.0142847 0 0)
(0.0142847 0 0)
(0.0142847 0 0)
(0.0142847 0 0)
(0.0142847 0 0)
(0.0142847 0 0)
(0.0142847 0 0)
(0.0142847 0 0)
(0.0142847 0 0)
(0.0142847 0 0)
(0.0142847 0 0)
(0.0142847 0 0)
(0.0142847 0 0)
(0.0142847 0 0)
(0.0142847 0 0)
(0.0142847 0 0)
(0.0142847 0 0)
(0.0142847 0 0)
(0.0142847 0 0)
(0.0142847 0 0)
(0.0142847 0 0)
(0.0142847 0 0)
(0.0142847 0 0)
(0.0142847 0 0)
(0.0142847 0 0)
(0.0142847 0 0)
(0.0142847 0 0)
(0.0142847 0 0)
(0.0142847 0 0)
(0.0142847 0 0)
(0.0142847 0 0)
(0.0142847 0 0)
(0.0142847 0 0)
(0.0142847 0 0)
(0.0142847 0 0)
(0.0142847 0 0)
(0.0142847 0 0)
(0.0142847 0 0)
(0.0142847 0 0)
)
;

boundaryField
{
    inlet
    {
        type            fixedValue;
        value           uniform (0 0 0);
    }
    outlet
    {
        type            zeroGradient;
    }
    yzfaces
    {
        type            empty;
    }
}


// ************************************************************************* //
