/*--------------------------------*- C++ -*----------------------------------*\
  =========                 |
  \\      /  F ield         | OpenFOAM: The Open Source CFD Toolbox
   \\    /   O peration     | Website:  https://openfoam.org
    \\  /    A nd           | Version:  10
     \\/     M anipulation  |
\*---------------------------------------------------------------------------*/
FoamFile
{
    format      ascii;
    class       volVectorField;
    location    "0.315";
    object      Ub;
}
// * * * * * * * * * * * * * * * * * * * * * * * * * * * * * * * * * * * * * //

dimensions      [0 1 -1 0 0 0 0];

internalField   nonuniform List<vector> 
100
(
(6.70069e-05 0 0)
(0.000201937 0 0)
(0.000337797 0 0)
(0.000473622 0 0)
(0.000609443 0 0)
(0.00074547 0 0)
(0.000881958 0 0)
(0.00101918 0 0)
(0.00115741 0 0)
(0.00129696 0 0)
(0.00143817 0 0)
(0.00158141 0 0)
(0.00172715 0 0)
(0.00187594 0 0)
(0.00202848 0 0)
(0.00218571 0 0)
(0.00234889 0 0)
(0.00251977 0 0)
(0.00270099 0 0)
(0.00289656 0 0)
(0.00311309 0 0)
(0.00336222 0 0)
(0.00366659 0 0)
(0.00407667 0 0)
(0.00473103 0 0)
(0.00616141 0 0)
(0.0101353 0 0)
(0.0136883 0 0)
(0.0142839 0 0)
(0.0142839 0 0)
(0.0142839 0 0)
(0.0142839 0 0)
(0.0142839 0 0)
(0.0142839 0 0)
(0.0142839 0 0)
(0.0142839 0 0)
(0.0142839 0 0)
(0.0142839 0 0)
(0.0142839 0 0)
(0.0142839 0 0)
(0.0142839 0 0)
(0.0142839 0 0)
(0.0142839 0 0)
(0.0142839 0 0)
(0.0142839 0 0)
(0.0142839 0 0)
(0.0142839 0 0)
(0.0142839 0 0)
(0.0142839 0 0)
(0.0142839 0 0)
(0.0142839 0 0)
(0.0142839 0 0)
(0.0142839 0 0)
(0.0142839 0 0)
(0.0142839 0 0)
(0.0142839 0 0)
(0.0142839 0 0)
(0.0142839 0 0)
(0.0142839 0 0)
(0.0142839 0 0)
(0.0142839 0 0)
(0.0142839 0 0)
(0.0142839 0 0)
(0.0142839 0 0)
(0.0142839 0 0)
(0.0142839 0 0)
(0.0142839 0 0)
(0.0142839 0 0)
(0.0142839 0 0)
(0.0142839 0 0)
(0.0142839 0 0)
(0.0142839 0 0)
(0.0142839 0 0)
(0.0142839 0 0)
(0.0142839 0 0)
(0.0142839 0 0)
(0.0142839 0 0)
(0.0142839 0 0)
(0.0142839 0 0)
(0.0142839 0 0)
(0.0142839 0 0)
(0.0142839 0 0)
(0.0142839 0 0)
(0.0142839 0 0)
(0.0142839 0 0)
(0.0142839 0 0)
(0.0142839 0 0)
(0.0142839 0 0)
(0.0142839 0 0)
(0.0142839 0 0)
(0.0142839 0 0)
(0.0142839 0 0)
(0.0142839 0 0)
(0.0142839 0 0)
(0.0142839 0 0)
(0.0142839 0 0)
(0.0142839 0 0)
(0.0142839 0 0)
(0.0142839 0 0)
(0.0142839 0 0)
)
;

boundaryField
{
    inlet
    {
        type            fixedValue;
        value           uniform (0 0 0);
    }
    outlet
    {
        type            zeroGradient;
    }
    yzfaces
    {
        type            empty;
    }
}


// ************************************************************************* //
