/*--------------------------------*- C++ -*----------------------------------*\
  =========                 |
  \\      /  F ield         | OpenFOAM: The Open Source CFD Toolbox
   \\    /   O peration     | Website:  https://openfoam.org
    \\  /    A nd           | Version:  10
     \\/     M anipulation  |
\*---------------------------------------------------------------------------*/
FoamFile
{
    format      ascii;
    class       volVectorField;
    location    "1.27";
    object      Ua;
}
// * * * * * * * * * * * * * * * * * * * * * * * * * * * * * * * * * * * * * //

dimensions      [0 1 -1 0 0 0 0];

internalField   nonuniform List<vector> 
100
(
(0.00712368 0 0)
(0.0142309 0 0)
(0.0141977 0 0)
(0.0141641 0 0)
(0.0141303 0 0)
(0.0140965 0 0)
(0.0140626 0 0)
(0.0140289 0 0)
(0.0139951 0 0)
(0.0139614 0 0)
(0.0139278 0 0)
(0.0138943 0 0)
(0.0138608 0 0)
(0.0138273 0 0)
(0.0137939 0 0)
(0.0137605 0 0)
(0.0137272 0 0)
(0.0136939 0 0)
(0.0136606 0 0)
(0.0136274 0 0)
(0.0135941 0 0)
(0.0135609 0 0)
(0.0135277 0 0)
(0.0134945 0 0)
(0.0134613 0 0)
(0.0134281 0 0)
(0.0133949 0 0)
(0.0133617 0 0)
(0.0133285 0 0)
(0.0132952 0 0)
(0.013262 0 0)
(0.0132287 0 0)
(0.0131954 0 0)
(0.013162 0 0)
(0.0131286 0 0)
(0.0130952 0 0)
(0.0130618 0 0)
(0.0130283 0 0)
(0.0129947 0 0)
(0.0129611 0 0)
(0.0129275 0 0)
(0.0128938 0 0)
(0.01286 0 0)
(0.0128262 0 0)
(0.0127923 0 0)
(0.0127583 0 0)
(0.0127242 0 0)
(0.0126901 0 0)
(0.0126559 0 0)
(0.0126216 0 0)
(0.0125872 0 0)
(0.0125527 0 0)
(0.0125181 0 0)
(0.0124834 0 0)
(0.0124486 0 0)
(0.0124137 0 0)
(0.0123786 0 0)
(0.0123435 0 0)
(0.0123081 0 0)
(0.0122727 0 0)
(0.0122371 0 0)
(0.0122013 0 0)
(0.0121654 0 0)
(0.0121292 0 0)
(0.0120929 0 0)
(0.0120564 0 0)
(0.0120197 0 0)
(0.0119828 0 0)
(0.0119456 0 0)
(0.0119081 0 0)
(0.0118704 0 0)
(0.0118324 0 0)
(0.0117941 0 0)
(0.0117554 0 0)
(0.0117163 0 0)
(0.0116769 0 0)
(0.0116369 0 0)
(0.0115965 0 0)
(0.0115555 0 0)
(0.011514 0 0)
(0.0114717 0 0)
(0.0114286 0 0)
(0.0113847 0 0)
(0.0113398 0 0)
(0.0112937 0 0)
(0.0112463 0 0)
(0.0111973 0 0)
(0.0111463 0 0)
(0.0110931 0 0)
(0.0110371 0 0)
(0.0109776 0 0)
(0.0109137 0 0)
(0.0108441 0 0)
(0.0107669 0 0)
(0.0106792 0 0)
(0.0105767 0 0)
(0.0104518 0 0)
(0.0102912 0 0)
(0.0100683 0 0)
(0.00972205 0 0)
)
;

boundaryField
{
    inlet
    {
        type            fixedValue;
        value           uniform (0 0 0);
    }
    outlet
    {
        type            zeroGradient;
    }
    yzfaces
    {
        type            empty;
    }
}


// ************************************************************************* //
