/*--------------------------------*- C++ -*----------------------------------*\
  =========                 |
  \\      /  F ield         | OpenFOAM: The Open Source CFD Toolbox
   \\    /   O peration     | Website:  https://openfoam.org
    \\  /    A nd           | Version:  10
     \\/     M anipulation  |
\*---------------------------------------------------------------------------*/
FoamFile
{
    format      ascii;
    class       volVectorField;
    location    "1.27";
    object      Ub;
}
// * * * * * * * * * * * * * * * * * * * * * * * * * * * * * * * * * * * * * //

dimensions      [0 1 -1 0 0 0 0];

internalField   nonuniform List<vector> 
100
(
(1.5552e-05 0 0)
(4.75535e-05 0 0)
(8.07575e-05 0 0)
(0.000114385 0 0)
(0.000148171 0 0)
(0.000182002 0 0)
(0.000215822 0 0)
(0.000249605 0 0)
(0.000283336 0 0)
(0.000317011 0 0)
(0.000350628 0 0)
(0.000384189 0 0)
(0.000417697 0 0)
(0.000451154 0 0)
(0.000484566 0 0)
(0.000517936 0 0)
(0.00055127 0 0)
(0.000584572 0 0)
(0.000617846 0 0)
(0.000651097 0 0)
(0.000684329 0 0)
(0.000717546 0 0)
(0.000750754 0 0)
(0.000783955 0 0)
(0.000817153 0 0)
(0.000850354 0 0)
(0.000883559 0 0)
(0.000916774 0 0)
(0.000950001 0 0)
(0.000983245 0 0)
(0.00101651 0 0)
(0.0010498 0 0)
(0.00108311 0 0)
(0.00111645 0 0)
(0.00114983 0 0)
(0.00118324 0 0)
(0.0012167 0 0)
(0.0012502 0 0)
(0.00128374 0 0)
(0.00131734 0 0)
(0.00135098 0 0)
(0.00138469 0 0)
(0.00141846 0 0)
(0.00145229 0 0)
(0.00148619 0 0)
(0.00152016 0 0)
(0.00155421 0 0)
(0.00158834 0 0)
(0.00162255 0 0)
(0.00165685 0 0)
(0.00169124 0 0)
(0.00172573 0 0)
(0.00176032 0 0)
(0.00179502 0 0)
(0.00182983 0 0)
(0.00186476 0 0)
(0.00189981 0 0)
(0.00193499 0 0)
(0.00197031 0 0)
(0.00200577 0 0)
(0.00204139 0 0)
(0.00207716 0 0)
(0.0021131 0 0)
(0.00214922 0 0)
(0.00218552 0 0)
(0.00222203 0 0)
(0.00225875 0 0)
(0.00229569 0 0)
(0.00233288 0 0)
(0.00237032 0 0)
(0.00240804 0 0)
(0.00244605 0 0)
(0.00248439 0 0)
(0.00252307 0 0)
(0.00256213 0 0)
(0.0026016 0 0)
(0.00264153 0 0)
(0.00268195 0 0)
(0.00272292 0 0)
(0.0027645 0 0)
(0.00280677 0 0)
(0.00284981 0 0)
(0.00289373 0 0)
(0.00293866 0 0)
(0.00298474 0 0)
(0.00303218 0 0)
(0.00308121 0 0)
(0.00313213 0 0)
(0.00318534 0 0)
(0.00324134 0 0)
(0.00330082 0 0)
(0.00336472 0 0)
(0.00343433 0 0)
(0.00351155 0 0)
(0.00359921 0 0)
(0.00370178 0 0)
(0.00382668 0 0)
(0.00398727 0 0)
(0.00421012 0 0)
(0.00455641 0 0)
)
;

boundaryField
{
    inlet
    {
        type            fixedValue;
        value           uniform (0 0 0);
    }
    outlet
    {
        type            zeroGradient;
    }
    yzfaces
    {
        type            empty;
    }
}


// ************************************************************************* //
