/*--------------------------------*- C++ -*----------------------------------*\
  =========                 |
  \\      /  F ield         | OpenFOAM: The Open Source CFD Toolbox
   \\    /   O peration     | Website:  https://openfoam.org
    \\  /    A nd           | Version:  10
     \\/     M anipulation  |
\*---------------------------------------------------------------------------*/
FoamFile
{
    format      ascii;
    class       volVectorField;
    location    "1.14";
    object      Ua;
}
// * * * * * * * * * * * * * * * * * * * * * * * * * * * * * * * * * * * * * //

dimensions      [0 1 -1 0 0 0 0];

internalField   nonuniform List<vector> 
100
(
(0.00712214 0 0)
(0.0142259 0 0)
(0.0141888 0 0)
(0.0141513 0 0)
(0.0141136 0 0)
(0.0140759 0 0)
(0.0140383 0 0)
(0.0140007 0 0)
(0.0139632 0 0)
(0.0139257 0 0)
(0.0138884 0 0)
(0.013851 0 0)
(0.0138138 0 0)
(0.0137766 0 0)
(0.0137394 0 0)
(0.0137023 0 0)
(0.0136652 0 0)
(0.0136281 0 0)
(0.0135911 0 0)
(0.013554 0 0)
(0.013517 0 0)
(0.01348 0 0)
(0.013443 0 0)
(0.013406 0 0)
(0.0133689 0 0)
(0.0133319 0 0)
(0.0132948 0 0)
(0.0132577 0 0)
(0.0132206 0 0)
(0.0131834 0 0)
(0.0131462 0 0)
(0.0131089 0 0)
(0.0130716 0 0)
(0.0130343 0 0)
(0.0129968 0 0)
(0.0129593 0 0)
(0.0129218 0 0)
(0.0128841 0 0)
(0.0128464 0 0)
(0.0128086 0 0)
(0.0127707 0 0)
(0.0127327 0 0)
(0.0126947 0 0)
(0.0126565 0 0)
(0.0126182 0 0)
(0.0125797 0 0)
(0.0125412 0 0)
(0.0125025 0 0)
(0.0124636 0 0)
(0.0124247 0 0)
(0.0123855 0 0)
(0.0123462 0 0)
(0.0123067 0 0)
(0.0122671 0 0)
(0.0122272 0 0)
(0.0121871 0 0)
(0.0121468 0 0)
(0.0121063 0 0)
(0.0120655 0 0)
(0.0120244 0 0)
(0.011983 0 0)
(0.0119414 0 0)
(0.0118993 0 0)
(0.011857 0 0)
(0.0118142 0 0)
(0.011771 0 0)
(0.0117273 0 0)
(0.0116831 0 0)
(0.0116383 0 0)
(0.0115928 0 0)
(0.0115466 0 0)
(0.0114997 0 0)
(0.0114517 0 0)
(0.0114028 0 0)
(0.0113526 0 0)
(0.011301 0 0)
(0.0112477 0 0)
(0.0111923 0 0)
(0.0111346 0 0)
(0.0110739 0 0)
(0.0110094 0 0)
(0.0109402 0 0)
(0.0108648 0 0)
(0.0107811 0 0)
(0.010686 0 0)
(0.0105742 0 0)
(0.0104371 0 0)
(0.0102588 0 0)
(0.0100063 0 0)
(0.00959913 0 0)
(0.00878271 0 0)
(0.00640902 0 0)
(0.00232082 0 0)
(2.3287e-05 0 0)
(1.58422e-13 0 0)
(0 0 0)
(0 0 0)
(0 0 0)
(0 0 0)
(0 0 0)
)
;

boundaryField
{
    inlet
    {
        type            fixedValue;
        value           uniform (0 0 0);
    }
    outlet
    {
        type            zeroGradient;
    }
    yzfaces
    {
        type            empty;
    }
}


// ************************************************************************* //
