/*--------------------------------*- C++ -*----------------------------------*\
  =========                 |
  \\      /  F ield         | OpenFOAM: The Open Source CFD Toolbox
   \\    /   O peration     | Website:  https://openfoam.org
    \\  /    A nd           | Version:  10
     \\/     M anipulation  |
\*---------------------------------------------------------------------------*/
FoamFile
{
    format      ascii;
    class       volVectorField;
    location    "1.14";
    object      Ub;
}
// * * * * * * * * * * * * * * * * * * * * * * * * * * * * * * * * * * * * * //

dimensions      [0 1 -1 0 0 0 0];

internalField   nonuniform List<vector> 
100
(
(1.74662e-05 0 0)
(5.33335e-05 0 0)
(9.0437e-05 0 0)
(0.000127949 0 0)
(0.000165596 0 0)
(0.000203265 0 0)
(0.000240903 0 0)
(0.000278486 0 0)
(0.000316004 0 0)
(0.000353454 0 0)
(0.000390838 0 0)
(0.000428159 0 0)
(0.000465423 0 0)
(0.000502635 0 0)
(0.000539802 0 0)
(0.000576929 0 0)
(0.000614023 0 0)
(0.000651089 0 0)
(0.000688134 0 0)
(0.000725164 0 0)
(0.000762185 0 0)
(0.000799201 0 0)
(0.000836218 0 0)
(0.000873242 0 0)
(0.000910279 0 0)
(0.000947332 0 0)
(0.000984406 0 0)
(0.00102151 0 0)
(0.00105864 0 0)
(0.00109581 0 0)
(0.00113302 0 0)
(0.00117028 0 0)
(0.00120759 0 0)
(0.00124495 0 0)
(0.00128238 0 0)
(0.00131987 0 0)
(0.00135743 0 0)
(0.00139506 0 0)
(0.00143277 0 0)
(0.00147058 0 0)
(0.00150847 0 0)
(0.00154645 0 0)
(0.00158454 0 0)
(0.00162274 0 0)
(0.00166105 0 0)
(0.00169948 0 0)
(0.00173804 0 0)
(0.00177673 0 0)
(0.00181556 0 0)
(0.00185455 0 0)
(0.00189369 0 0)
(0.001933 0 0)
(0.00197248 0 0)
(0.00201215 0 0)
(0.00205202 0 0)
(0.0020921 0 0)
(0.0021324 0 0)
(0.00217295 0 0)
(0.00221374 0 0)
(0.00225481 0 0)
(0.00229617 0 0)
(0.00233785 0 0)
(0.00237986 0 0)
(0.00242225 0 0)
(0.00246503 0 0)
(0.00250824 0 0)
(0.00255193 0 0)
(0.00259615 0 0)
(0.00264095 0 0)
(0.00268639 0 0)
(0.00273256 0 0)
(0.00277955 0 0)
(0.00282746 0 0)
(0.00287643 0 0)
(0.00292662 0 0)
(0.00297825 0 0)
(0.00303155 0 0)
(0.00308687 0 0)
(0.00314462 0 0)
(0.00320534 0 0)
(0.0032698 0 0)
(0.00333899 0 0)
(0.00341438 0 0)
(0.00349806 0 0)
(0.00359324 0 0)
(0.00370501 0 0)
(0.00384206 0 0)
(0.00402036 0 0)
(0.00427291 0 0)
(0.00468007 0 0)
(0.0054965 0 0)
(0.00787018 0 0)
(0.0119584 0 0)
(0.0142559 0 0)
(0.0142792 0 0)
(0.0142792 0 0)
(0.0142792 0 0)
(0.0142792 0 0)
(0.0142792 0 0)
(0.0142792 0 0)
)
;

boundaryField
{
    inlet
    {
        type            fixedValue;
        value           uniform (0 0 0);
    }
    outlet
    {
        type            zeroGradient;
    }
    yzfaces
    {
        type            empty;
    }
}


// ************************************************************************* //
