/*--------------------------------*- C++ -*----------------------------------*\
  =========                 |
  \\      /  F ield         | OpenFOAM: The Open Source CFD Toolbox
   \\    /   O peration     | Website:  https://openfoam.org
    \\  /    A nd           | Version:  10
     \\/     M anipulation  |
\*---------------------------------------------------------------------------*/
FoamFile
{
    format      ascii;
    class       volVectorField;
    location    "1.225";
    object      Ua;
}
// * * * * * * * * * * * * * * * * * * * * * * * * * * * * * * * * * * * * * //

dimensions      [0 1 -1 0 0 0 0];

internalField   nonuniform List<vector> 
100
(
(0.00712319 0 0)
(0.0142293 0 0)
(0.0141948 0 0)
(0.01416 0 0)
(0.0141249 0 0)
(0.0140899 0 0)
(0.0140548 0 0)
(0.0140198 0 0)
(0.0139849 0 0)
(0.01395 0 0)
(0.0139151 0 0)
(0.0138804 0 0)
(0.0138456 0 0)
(0.013811 0 0)
(0.0137764 0 0)
(0.0137418 0 0)
(0.0137072 0 0)
(0.0136727 0 0)
(0.0136382 0 0)
(0.0136038 0 0)
(0.0135693 0 0)
(0.0135349 0 0)
(0.0135004 0 0)
(0.013466 0 0)
(0.0134316 0 0)
(0.0133972 0 0)
(0.0133627 0 0)
(0.0133282 0 0)
(0.0132938 0 0)
(0.0132593 0 0)
(0.0132247 0 0)
(0.0131902 0 0)
(0.0131556 0 0)
(0.013121 0 0)
(0.0130863 0 0)
(0.0130516 0 0)
(0.0130168 0 0)
(0.012982 0 0)
(0.0129471 0 0)
(0.0129122 0 0)
(0.0128772 0 0)
(0.0128422 0 0)
(0.012807 0 0)
(0.0127718 0 0)
(0.0127365 0 0)
(0.0127011 0 0)
(0.0126657 0 0)
(0.0126301 0 0)
(0.0125944 0 0)
(0.0125587 0 0)
(0.0125228 0 0)
(0.0124868 0 0)
(0.0124507 0 0)
(0.0124144 0 0)
(0.0123781 0 0)
(0.0123415 0 0)
(0.0123049 0 0)
(0.012268 0 0)
(0.0122311 0 0)
(0.0121939 0 0)
(0.0121565 0 0)
(0.012119 0 0)
(0.0120812 0 0)
(0.0120432 0 0)
(0.012005 0 0)
(0.0119665 0 0)
(0.0119278 0 0)
(0.0118888 0 0)
(0.0118494 0 0)
(0.0118097 0 0)
(0.0117697 0 0)
(0.0117292 0 0)
(0.0116883 0 0)
(0.011647 0 0)
(0.0116051 0 0)
(0.0115626 0 0)
(0.0115194 0 0)
(0.0114755 0 0)
(0.0114308 0 0)
(0.0113852 0 0)
(0.0113384 0 0)
(0.0112904 0 0)
(0.0112409 0 0)
(0.0111896 0 0)
(0.0111362 0 0)
(0.0110803 0 0)
(0.0110212 0 0)
(0.0109582 0 0)
(0.01089 0 0)
(0.0108152 0 0)
(0.0107313 0 0)
(0.0106348 0 0)
(0.0105197 0 0)
(0.0103759 0 0)
(0.010184 0 0)
(0.00990268 0 0)
(0.00942453 0 0)
(0.00837419 0 0)
(0.00513303 0 0)
(0.00131819 0 0)
)
;

boundaryField
{
    inlet
    {
        type            fixedValue;
        value           uniform (0 0 0);
    }
    outlet
    {
        type            zeroGradient;
    }
    yzfaces
    {
        type            empty;
    }
}


// ************************************************************************* //
