/*--------------------------------*- C++ -*----------------------------------*\
  =========                 |
  \\      /  F ield         | OpenFOAM: The Open Source CFD Toolbox
   \\    /   O peration     | Website:  https://openfoam.org
    \\  /    A nd           | Version:  10
     \\/     M anipulation  |
\*---------------------------------------------------------------------------*/
FoamFile
{
    format      ascii;
    class       volVectorField;
    location    "1.225";
    object      Ub;
}
// * * * * * * * * * * * * * * * * * * * * * * * * * * * * * * * * * * * * * //

dimensions      [0 1 -1 0 0 0 0];

internalField   nonuniform List<vector> 
100
(
(1.6168e-05 0 0)
(4.94142e-05 0 0)
(8.38749e-05 0 0)
(0.000118755 0 0)
(0.000153786 0 0)
(0.000188854 0 0)
(0.000223905 0 0)
(0.000258913 0 0)
(0.000293865 0 0)
(0.000328757 0 0)
(0.000363588 0 0)
(0.000398361 0 0)
(0.000433078 0 0)
(0.000467745 0 0)
(0.000502365 0 0)
(0.000536945 0 0)
(0.000571488 0 0)
(0.000606001 0 0)
(0.000640487 0 0)
(0.000674953 0 0)
(0.000709402 0 0)
(0.000743839 0 0)
(0.00077827 0 0)
(0.000812698 0 0)
(0.000847127 0 0)
(0.000881563 0 0)
(0.000916008 0 0)
(0.000950468 0 0)
(0.000984946 0 0)
(0.00101945 0 0)
(0.00105397 0 0)
(0.00108853 0 0)
(0.00112312 0 0)
(0.00115774 0 0)
(0.00119241 0 0)
(0.00122712 0 0)
(0.00126189 0 0)
(0.0012967 0 0)
(0.00133157 0 0)
(0.0013665 0 0)
(0.0014015 0 0)
(0.00143656 0 0)
(0.0014717 0 0)
(0.00150691 0 0)
(0.0015422 0 0)
(0.00157758 0 0)
(0.00161305 0 0)
(0.00164861 0 0)
(0.00168428 0 0)
(0.00172004 0 0)
(0.00175592 0 0)
(0.00179192 0 0)
(0.00182803 0 0)
(0.00186427 0 0)
(0.00190065 0 0)
(0.00193717 0 0)
(0.00197384 0 0)
(0.00201067 0 0)
(0.00204766 0 0)
(0.00208483 0 0)
(0.00212218 0 0)
(0.00215974 0 0)
(0.0021975 0 0)
(0.00223548 0 0)
(0.0022737 0 0)
(0.00231217 0 0)
(0.00235091 0 0)
(0.00238995 0 0)
(0.0024293 0 0)
(0.00246898 0 0)
(0.00250904 0 0)
(0.00254949 0 0)
(0.00259038 0 0)
(0.00263175 0 0)
(0.00267366 0 0)
(0.00271615 0 0)
(0.00275929 0 0)
(0.00280318 0 0)
(0.0028479 0 0)
(0.00289356 0 0)
(0.00294033 0 0)
(0.00298835 0 0)
(0.00303786 0 0)
(0.00308913 0 0)
(0.0031425 0 0)
(0.00319843 0 0)
(0.00325751 0 0)
(0.00332056 0 0)
(0.0033887 0 0)
(0.00346352 0 0)
(0.00354739 0 0)
(0.00364392 0 0)
(0.00375901 0 0)
(0.00390282 0 0)
(0.00409468 0 0)
(0.00437603 0 0)
(0.00485419 0 0)
(0.00590452 0 0)
(0.00914569 0 0)
(0.0129605 0 0)
)
;

boundaryField
{
    inlet
    {
        type            fixedValue;
        value           uniform (0 0 0);
    }
    outlet
    {
        type            zeroGradient;
    }
    yzfaces
    {
        type            empty;
    }
}


// ************************************************************************* //
