/*--------------------------------*- C++ -*----------------------------------*\
  =========                 |
  \\      /  F ield         | OpenFOAM: The Open Source CFD Toolbox
   \\    /   O peration     | Website:  https://openfoam.org
    \\  /    A nd           | Version:  10
     \\/     M anipulation  |
\*---------------------------------------------------------------------------*/
FoamFile
{
    format      ascii;
    class       volVectorField;
    location    "0.465";
    object      Ub;
}
// * * * * * * * * * * * * * * * * * * * * * * * * * * * * * * * * * * * * * //

dimensions      [0 1 -1 0 0 0 0];

internalField   nonuniform List<vector> 
100
(
(4.48799e-05 0 0)
(0.000135678 0 0)
(0.000227629 0 0)
(0.000319632 0 0)
(0.000411484 0 0)
(0.000503181 0 0)
(0.000594782 0 0)
(0.00068636 0 0)
(0.000777996 0 0)
(0.000869772 0 0)
(0.000961769 0 0)
(0.00105407 0 0)
(0.00114675 0 0)
(0.00123991 0 0)
(0.00133362 0 0)
(0.00142799 0 0)
(0.00152312 0 0)
(0.00161913 0 0)
(0.00171614 0 0)
(0.0018143 0 0)
(0.00191378 0 0)
(0.0020148 0 0)
(0.00211761 0 0)
(0.0022225 0 0)
(0.00232987 0 0)
(0.00244022 0 0)
(0.00255421 0 0)
(0.00267271 0 0)
(0.00279695 0 0)
(0.00292869 0 0)
(0.00307052 0 0)
(0.00322651 0 0)
(0.00340331 0 0)
(0.00361274 0 0)
(0.0038778 0 0)
(0.00424992 0 0)
(0.00487099 0 0)
(0.00628913 0 0)
(0.0102546 0 0)
(0.0137421 0 0)
(0.014283 0 0)
(0.0142831 0 0)
(0.0142831 0 0)
(0.0142831 0 0)
(0.0142831 0 0)
(0.0142831 0 0)
(0.0142831 0 0)
(0.0142831 0 0)
(0.0142831 0 0)
(0.0142831 0 0)
(0.0142831 0 0)
(0.0142831 0 0)
(0.0142831 0 0)
(0.0142831 0 0)
(0.0142831 0 0)
(0.0142831 0 0)
(0.0142831 0 0)
(0.0142831 0 0)
(0.0142831 0 0)
(0.0142831 0 0)
(0.0142831 0 0)
(0.0142831 0 0)
(0.0142831 0 0)
(0.0142831 0 0)
(0.0142831 0 0)
(0.0142831 0 0)
(0.0142831 0 0)
(0.0142831 0 0)
(0.0142831 0 0)
(0.0142831 0 0)
(0.0142831 0 0)
(0.0142831 0 0)
(0.0142831 0 0)
(0.0142831 0 0)
(0.0142831 0 0)
(0.0142831 0 0)
(0.0142831 0 0)
(0.0142831 0 0)
(0.0142831 0 0)
(0.0142831 0 0)
(0.0142831 0 0)
(0.0142831 0 0)
(0.0142831 0 0)
(0.0142831 0 0)
(0.0142831 0 0)
(0.0142831 0 0)
(0.0142831 0 0)
(0.0142831 0 0)
(0.0142831 0 0)
(0.0142831 0 0)
(0.0142831 0 0)
(0.0142831 0 0)
(0.0142831 0 0)
(0.0142831 0 0)
(0.0142831 0 0)
(0.0142831 0 0)
(0.0142831 0 0)
(0.0142831 0 0)
(0.0142831 0 0)
(0.0142831 0 0)
)
;

boundaryField
{
    inlet
    {
        type            fixedValue;
        value           uniform (0 0 0);
    }
    outlet
    {
        type            zeroGradient;
    }
    yzfaces
    {
        type            empty;
    }
}


// ************************************************************************* //
