/*--------------------------------*- C++ -*----------------------------------*\
  =========                 |
  \\      /  F ield         | OpenFOAM: The Open Source CFD Toolbox
   \\    /   O peration     | Website:  https://openfoam.org
    \\  /    A nd           | Version:  10
     \\/     M anipulation  |
\*---------------------------------------------------------------------------*/
FoamFile
{
    format      ascii;
    class       volVectorField;
    location    "0.585";
    object      Ub;
}
// * * * * * * * * * * * * * * * * * * * * * * * * * * * * * * * * * * * * * //

dimensions      [0 1 -1 0 0 0 0];

internalField   nonuniform List<vector> 
100
(
(3.53567e-05 0 0)
(0.00010713 0 0)
(0.000180153 0 0)
(0.000253347 0 0)
(0.000326456 0 0)
(0.000399418 0 0)
(0.000472239 0 0)
(0.000544949 0 0)
(0.000617584 0 0)
(0.000690186 0 0)
(0.000762796 0 0)
(0.000835455 0 0)
(0.000908204 0 0)
(0.000981082 0 0)
(0.00105413 0 0)
(0.00112739 0 0)
(0.00120089 0 0)
(0.00127469 0 0)
(0.00134882 0 0)
(0.00142332 0 0)
(0.00149826 0 0)
(0.00157367 0 0)
(0.00164962 0 0)
(0.00172616 0 0)
(0.00180337 0 0)
(0.00188132 0 0)
(0.0019601 0 0)
(0.00203982 0 0)
(0.00212059 0 0)
(0.00220257 0 0)
(0.00228591 0 0)
(0.00237084 0 0)
(0.00245762 0 0)
(0.00254657 0 0)
(0.00263812 0 0)
(0.00273282 0 0)
(0.00283141 0 0)
(0.00293491 0 0)
(0.00304474 0 0)
(0.00316299 0 0)
(0.00329283 0 0)
(0.00343928 0 0)
(0.00361091 0 0)
(0.00382346 0 0)
(0.00410939 0 0)
(0.00454751 0 0)
(0.00538614 0 0)
(0.00774309 0 0)
(0.0118798 0 0)
(0.0142546 0 0)
(0.0142824 0 0)
(0.0142824 0 0)
(0.0142824 0 0)
(0.0142824 0 0)
(0.0142824 0 0)
(0.0142824 0 0)
(0.0142824 0 0)
(0.0142824 0 0)
(0.0142824 0 0)
(0.0142824 0 0)
(0.0142824 0 0)
(0.0142824 0 0)
(0.0142824 0 0)
(0.0142824 0 0)
(0.0142824 0 0)
(0.0142824 0 0)
(0.0142824 0 0)
(0.0142824 0 0)
(0.0142824 0 0)
(0.0142824 0 0)
(0.0142824 0 0)
(0.0142824 0 0)
(0.0142824 0 0)
(0.0142824 0 0)
(0.0142824 0 0)
(0.0142824 0 0)
(0.0142824 0 0)
(0.0142824 0 0)
(0.0142824 0 0)
(0.0142824 0 0)
(0.0142824 0 0)
(0.0142824 0 0)
(0.0142824 0 0)
(0.0142824 0 0)
(0.0142824 0 0)
(0.0142824 0 0)
(0.0142824 0 0)
(0.0142824 0 0)
(0.0142824 0 0)
(0.0142824 0 0)
(0.0142824 0 0)
(0.0142824 0 0)
(0.0142824 0 0)
(0.0142824 0 0)
(0.0142824 0 0)
(0.0142824 0 0)
(0.0142824 0 0)
(0.0142824 0 0)
(0.0142824 0 0)
(0.0142824 0 0)
)
;

boundaryField
{
    inlet
    {
        type            fixedValue;
        value           uniform (0 0 0);
    }
    outlet
    {
        type            zeroGradient;
    }
    yzfaces
    {
        type            empty;
    }
}


// ************************************************************************* //
