/*--------------------------------*- C++ -*----------------------------------*\
  =========                 |
  \\      /  F ield         | OpenFOAM: The Open Source CFD Toolbox
   \\    /   O peration     | Website:  https://openfoam.org
    \\  /    A nd           | Version:  10
     \\/     M anipulation  |
\*---------------------------------------------------------------------------*/
FoamFile
{
    format      ascii;
    class       volVectorField;
    location    "0.525";
    object      Ub;
}
// * * * * * * * * * * * * * * * * * * * * * * * * * * * * * * * * * * * * * //

dimensions      [0 1 -1 0 0 0 0];

internalField   nonuniform List<vector> 
100
(
(3.95728e-05 0 0)
(0.000119773 0 0)
(0.000201184 0 0)
(0.00028271 0 0)
(0.000364113 0 0)
(0.000445358 0 0)
(0.00052647 0 0)
(0.000607497 0 0)
(0.000688493 0 0)
(0.000769515 0 0)
(0.00085062 0 0)
(0.000931864 0 0)
(0.0010133 0 0)
(0.00109499 0 0)
(0.00117699 0 0)
(0.00125935 0 0)
(0.00134214 0 0)
(0.00142541 0 0)
(0.00150925 0 0)
(0.00159372 0 0)
(0.00167891 0 0)
(0.00176492 0 0)
(0.00185183 0 0)
(0.00193979 0 0)
(0.00202893 0 0)
(0.00211942 0 0)
(0.00221148 0 0)
(0.00230535 0 0)
(0.00240134 0 0)
(0.00249987 0 0)
(0.00260146 0 0)
(0.0027068 0 0)
(0.00281683 0 0)
(0.00293287 0 0)
(0.00305683 0 0)
(0.00319156 0 0)
(0.00334159 0 0)
(0.00351442 0 0)
(0.00372365 0 0)
(0.00399642 0 0)
(0.00439587 0 0)
(0.00510726 0 0)
(0.00691086 0 0)
(0.0111052 0 0)
(0.0141237 0 0)
(0.0142827 0 0)
(0.0142827 0 0)
(0.0142827 0 0)
(0.0142827 0 0)
(0.0142827 0 0)
(0.0142827 0 0)
(0.0142827 0 0)
(0.0142827 0 0)
(0.0142827 0 0)
(0.0142827 0 0)
(0.0142827 0 0)
(0.0142827 0 0)
(0.0142827 0 0)
(0.0142827 0 0)
(0.0142827 0 0)
(0.0142827 0 0)
(0.0142827 0 0)
(0.0142827 0 0)
(0.0142827 0 0)
(0.0142827 0 0)
(0.0142827 0 0)
(0.0142827 0 0)
(0.0142827 0 0)
(0.0142827 0 0)
(0.0142827 0 0)
(0.0142827 0 0)
(0.0142827 0 0)
(0.0142827 0 0)
(0.0142827 0 0)
(0.0142827 0 0)
(0.0142827 0 0)
(0.0142827 0 0)
(0.0142827 0 0)
(0.0142827 0 0)
(0.0142827 0 0)
(0.0142827 0 0)
(0.0142827 0 0)
(0.0142827 0 0)
(0.0142827 0 0)
(0.0142827 0 0)
(0.0142827 0 0)
(0.0142827 0 0)
(0.0142827 0 0)
(0.0142827 0 0)
(0.0142827 0 0)
(0.0142827 0 0)
(0.0142827 0 0)
(0.0142827 0 0)
(0.0142827 0 0)
(0.0142827 0 0)
(0.0142827 0 0)
(0.0142827 0 0)
(0.0142827 0 0)
(0.0142827 0 0)
(0.0142827 0 0)
)
;

boundaryField
{
    inlet
    {
        type            fixedValue;
        value           uniform (0 0 0);
    }
    outlet
    {
        type            zeroGradient;
    }
    yzfaces
    {
        type            empty;
    }
}


// ************************************************************************* //
