/*--------------------------------*- C++ -*----------------------------------*\
  =========                 |
  \\      /  F ield         | OpenFOAM: The Open Source CFD Toolbox
   \\    /   O peration     | Website:  https://openfoam.org
    \\  /    A nd           | Version:  10
     \\/     M anipulation  |
\*---------------------------------------------------------------------------*/
FoamFile
{
    format      ascii;
    class       volVectorField;
    location    "0.275";
    object      Ub;
}
// * * * * * * * * * * * * * * * * * * * * * * * * * * * * * * * * * * * * * //

dimensions      [0 1 -1 0 0 0 0];

internalField   nonuniform List<vector> 
100
(
(7.69888e-05 0 0)
(0.00023183 0 0)
(0.000387556 0 0)
(0.000543345 0 0)
(0.000699382 0 0)
(0.000856027 0 0)
(0.00101368 0 0)
(0.00117279 0 0)
(0.00133381 0 0)
(0.0014973 0 0)
(0.0016639 0 0)
(0.0018344 0 0)
(0.00200983 0 0)
(0.00219157 0 0)
(0.00238159 0 0)
(0.00258274 0 0)
(0.00279949 0 0)
(0.00303923 0 0)
(0.00331523 0 0)
(0.00365387 0 0)
(0.00411616 0 0)
(0.00487952 0 0)
(0.00668364 0 0)
(0.0109409 0 0)
(0.0140843 0 0)
(0.0142841 0 0)
(0.0142841 0 0)
(0.0142841 0 0)
(0.0142841 0 0)
(0.0142841 0 0)
(0.0142841 0 0)
(0.0142841 0 0)
(0.0142841 0 0)
(0.0142841 0 0)
(0.0142841 0 0)
(0.0142841 0 0)
(0.0142841 0 0)
(0.0142841 0 0)
(0.0142841 0 0)
(0.0142841 0 0)
(0.0142841 0 0)
(0.0142841 0 0)
(0.0142841 0 0)
(0.0142841 0 0)
(0.0142841 0 0)
(0.0142841 0 0)
(0.0142841 0 0)
(0.0142841 0 0)
(0.0142841 0 0)
(0.0142841 0 0)
(0.0142841 0 0)
(0.0142841 0 0)
(0.0142841 0 0)
(0.0142841 0 0)
(0.0142841 0 0)
(0.0142841 0 0)
(0.0142841 0 0)
(0.0142841 0 0)
(0.0142841 0 0)
(0.0142841 0 0)
(0.0142841 0 0)
(0.0142841 0 0)
(0.0142841 0 0)
(0.0142841 0 0)
(0.0142841 0 0)
(0.0142841 0 0)
(0.0142841 0 0)
(0.0142841 0 0)
(0.0142841 0 0)
(0.0142841 0 0)
(0.0142841 0 0)
(0.0142841 0 0)
(0.0142841 0 0)
(0.0142841 0 0)
(0.0142841 0 0)
(0.0142841 0 0)
(0.0142841 0 0)
(0.0142841 0 0)
(0.0142841 0 0)
(0.0142841 0 0)
(0.0142841 0 0)
(0.0142841 0 0)
(0.0142841 0 0)
(0.0142841 0 0)
(0.0142841 0 0)
(0.0142841 0 0)
(0.0142841 0 0)
(0.0142841 0 0)
(0.0142841 0 0)
(0.0142841 0 0)
(0.0142841 0 0)
(0.0142841 0 0)
(0.0142841 0 0)
(0.0142841 0 0)
(0.0142841 0 0)
(0.0142841 0 0)
(0.0142841 0 0)
(0.0142841 0 0)
(0.0142841 0 0)
(0.0142841 0 0)
)
;

boundaryField
{
    inlet
    {
        type            fixedValue;
        value           uniform (0 0 0);
    }
    outlet
    {
        type            zeroGradient;
    }
    yzfaces
    {
        type            empty;
    }
}


// ************************************************************************* //
