/*--------------------------------*- C++ -*----------------------------------*\
  =========                 |
  \\      /  F ield         | OpenFOAM: The Open Source CFD Toolbox
   \\    /   O peration     | Website:  https://openfoam.org
    \\  /    A nd           | Version:  10
     \\/     M anipulation  |
\*---------------------------------------------------------------------------*/
FoamFile
{
    format      ascii;
    class       volVectorField;
    location    "1.205";
    object      Ua;
}
// * * * * * * * * * * * * * * * * * * * * * * * * * * * * * * * * * * * * * //

dimensions      [0 1 -1 0 0 0 0];

internalField   nonuniform List<vector> 
100
(
(0.00712296 0 0)
(0.0142285 0 0)
(0.0141935 0 0)
(0.014158 0 0)
(0.0141224 0 0)
(0.0140868 0 0)
(0.0140511 0 0)
(0.0140156 0 0)
(0.01398 0 0)
(0.0139446 0 0)
(0.0139092 0 0)
(0.0138738 0 0)
(0.0138386 0 0)
(0.0138033 0 0)
(0.0137681 0 0)
(0.013733 0 0)
(0.0136979 0 0)
(0.0136628 0 0)
(0.0136277 0 0)
(0.0135927 0 0)
(0.0135577 0 0)
(0.0135227 0 0)
(0.0134877 0 0)
(0.0134527 0 0)
(0.0134177 0 0)
(0.0133826 0 0)
(0.0133476 0 0)
(0.0133126 0 0)
(0.0132775 0 0)
(0.0132424 0 0)
(0.0132073 0 0)
(0.0131721 0 0)
(0.0131369 0 0)
(0.0131017 0 0)
(0.0130664 0 0)
(0.0130311 0 0)
(0.0129957 0 0)
(0.0129603 0 0)
(0.0129248 0 0)
(0.0128892 0 0)
(0.0128536 0 0)
(0.0128179 0 0)
(0.0127821 0 0)
(0.0127462 0 0)
(0.0127103 0 0)
(0.0126742 0 0)
(0.0126381 0 0)
(0.0126019 0 0)
(0.0125655 0 0)
(0.012529 0 0)
(0.0124924 0 0)
(0.0124557 0 0)
(0.0124189 0 0)
(0.0123819 0 0)
(0.0123448 0 0)
(0.0123075 0 0)
(0.01227 0 0)
(0.0122324 0 0)
(0.0121946 0 0)
(0.0121566 0 0)
(0.0121184 0 0)
(0.01208 0 0)
(0.0120413 0 0)
(0.0120024 0 0)
(0.0119633 0 0)
(0.0119238 0 0)
(0.0118841 0 0)
(0.011844 0 0)
(0.0118036 0 0)
(0.0117627 0 0)
(0.0117215 0 0)
(0.0116798 0 0)
(0.0116375 0 0)
(0.0115948 0 0)
(0.0115513 0 0)
(0.0115072 0 0)
(0.0114623 0 0)
(0.0114165 0 0)
(0.0113696 0 0)
(0.0113216 0 0)
(0.0112722 0 0)
(0.0112211 0 0)
(0.0111681 0 0)
(0.0111127 0 0)
(0.0110545 0 0)
(0.0109926 0 0)
(0.0109262 0 0)
(0.0108538 0 0)
(0.0107735 0 0)
(0.0106822 0 0)
(0.0105752 0 0)
(0.0104445 0 0)
(0.0102755 0 0)
(0.0100386 0 0)
(0.00966377 0 0)
(0.00893897 0 0)
(0.00693939 0 0)
(0.00278956 0 0)
(7.44396e-05 0 0)
(1.07632e-11 0 0)
)
;

boundaryField
{
    inlet
    {
        type            fixedValue;
        value           uniform (0 0 0);
    }
    outlet
    {
        type            zeroGradient;
    }
    yzfaces
    {
        type            empty;
    }
}


// ************************************************************************* //
