/*--------------------------------*- C++ -*----------------------------------*\
  =========                 |
  \\      /  F ield         | OpenFOAM: The Open Source CFD Toolbox
   \\    /   O peration     | Website:  https://openfoam.org
    \\  /    A nd           | Version:  10
     \\/     M anipulation  |
\*---------------------------------------------------------------------------*/
FoamFile
{
    format      ascii;
    class       volVectorField;
    location    "1.205";
    object      Ub;
}
// * * * * * * * * * * * * * * * * * * * * * * * * * * * * * * * * * * * * * //

dimensions      [0 1 -1 0 0 0 0];

internalField   nonuniform List<vector> 
100
(
(1.64567e-05 0 0)
(5.02862e-05 0 0)
(8.53354e-05 0 0)
(0.000120801 0 0)
(0.000156415 0 0)
(0.000192063 0 0)
(0.00022769 0 0)
(0.000263272 0 0)
(0.000298796 0 0)
(0.000334257 0 0)
(0.000369657 0 0)
(0.000404997 0 0)
(0.000440281 0 0)
(0.000475514 0 0)
(0.000510701 0 0)
(0.000545847 0 0)
(0.000580957 0 0)
(0.000616038 0 0)
(0.000651093 0 0)
(0.000686128 0 0)
(0.000721148 0 0)
(0.000756159 0 0)
(0.000791163 0 0)
(0.000826167 0 0)
(0.000861175 0 0)
(0.000896191 0 0)
(0.000931219 0 0)
(0.000966265 0 0)
(0.00100133 0 0)
(0.00103642 0 0)
(0.00107154 0 0)
(0.00110669 0 0)
(0.00114189 0 0)
(0.00117712 0 0)
(0.00121239 0 0)
(0.00124772 0 0)
(0.0012831 0 0)
(0.00131853 0 0)
(0.00135403 0 0)
(0.00138959 0 0)
(0.00142523 0 0)
(0.00146093 0 0)
(0.00149672 0 0)
(0.00153258 0 0)
(0.00156854 0 0)
(0.00160458 0 0)
(0.00164073 0 0)
(0.00167697 0 0)
(0.00171333 0 0)
(0.0017498 0 0)
(0.00178638 0 0)
(0.0018231 0 0)
(0.00185994 0 0)
(0.00189693 0 0)
(0.00193406 0 0)
(0.00197134 0 0)
(0.00200879 0 0)
(0.00204641 0 0)
(0.00208422 0 0)
(0.00212222 0 0)
(0.00216042 0 0)
(0.00219884 0 0)
(0.00223749 0 0)
(0.00227639 0 0)
(0.00231555 0 0)
(0.002355 0 0)
(0.00239475 0 0)
(0.00243484 0 0)
(0.00247528 0 0)
(0.0025161 0 0)
(0.00255735 0 0)
(0.00259907 0 0)
(0.00264129 0 0)
(0.00268408 0 0)
(0.0027275 0 0)
(0.00277162 0 0)
(0.00281654 0 0)
(0.00286235 0 0)
(0.0029092 0 0)
(0.00295724 0 0)
(0.00300667 0 0)
(0.00305774 0 0)
(0.00311075 0 0)
(0.00316612 0 0)
(0.00322438 0 0)
(0.00328623 0 0)
(0.00335266 0 0)
(0.00342504 0 0)
(0.00350535 0 0)
(0.00359661 0 0)
(0.00370359 0 0)
(0.00383431 0 0)
(0.00400334 0 0)
(0.00424025 0 0)
(0.00461506 0 0)
(0.00533986 0 0)
(0.00733944 0 0)
(0.0114893 0 0)
(0.0142044 0 0)
(0.0142788 0 0)
)
;

boundaryField
{
    inlet
    {
        type            fixedValue;
        value           uniform (0 0 0);
    }
    outlet
    {
        type            zeroGradient;
    }
    yzfaces
    {
        type            empty;
    }
}


// ************************************************************************* //
