/*--------------------------------*- C++ -*----------------------------------*\
  =========                 |
  \\      /  F ield         | OpenFOAM: The Open Source CFD Toolbox
   \\    /   O peration     | Website:  https://openfoam.org
    \\  /    A nd           | Version:  10
     \\/     M anipulation  |
\*---------------------------------------------------------------------------*/
FoamFile
{
    format      ascii;
    class       volVectorField;
    location    "0.965";
    object      Ua;
}
// * * * * * * * * * * * * * * * * * * * * * * * * * * * * * * * * * * * * * //

dimensions      [0 1 -1 0 0 0 0];

internalField   nonuniform List<vector> 
100
(
(0.00711923 0 0)
(0.0142166 0 0)
(0.0141726 0 0)
(0.0141282 0 0)
(0.0140838 0 0)
(0.0140393 0 0)
(0.0139949 0 0)
(0.0139507 0 0)
(0.0139064 0 0)
(0.0138623 0 0)
(0.0138183 0 0)
(0.0137743 0 0)
(0.0137303 0 0)
(0.0136865 0 0)
(0.0136426 0 0)
(0.0135988 0 0)
(0.013555 0 0)
(0.0135112 0 0)
(0.0134674 0 0)
(0.0134236 0 0)
(0.0133798 0 0)
(0.0133359 0 0)
(0.0132921 0 0)
(0.0132481 0 0)
(0.0132042 0 0)
(0.0131601 0 0)
(0.013116 0 0)
(0.0130718 0 0)
(0.0130276 0 0)
(0.0129832 0 0)
(0.0129388 0 0)
(0.0128942 0 0)
(0.0128495 0 0)
(0.0128047 0 0)
(0.0127598 0 0)
(0.0127147 0 0)
(0.0126694 0 0)
(0.012624 0 0)
(0.0125784 0 0)
(0.0125326 0 0)
(0.0124866 0 0)
(0.0124404 0 0)
(0.012394 0 0)
(0.0123473 0 0)
(0.0123004 0 0)
(0.0122531 0 0)
(0.0122056 0 0)
(0.0121578 0 0)
(0.0121095 0 0)
(0.012061 0 0)
(0.0120119 0 0)
(0.0119625 0 0)
(0.0119125 0 0)
(0.011862 0 0)
(0.011811 0 0)
(0.0117592 0 0)
(0.0117067 0 0)
(0.0116534 0 0)
(0.0115992 0 0)
(0.0115438 0 0)
(0.0114873 0 0)
(0.0114293 0 0)
(0.0113697 0 0)
(0.0113081 0 0)
(0.0112441 0 0)
(0.0111771 0 0)
(0.0111066 0 0)
(0.0110314 0 0)
(0.0109503 0 0)
(0.0108613 0 0)
(0.0107613 0 0)
(0.0106456 0 0)
(0.0105064 0 0)
(0.010329 0 0)
(0.0100843 0 0)
(0.00970308 0 0)
(0.00897659 0 0)
(0.00699775 0 0)
(0.00283597 0 0)
(8.18053e-05 0 0)
(1.51184e-11 0 0)
(0 0 0)
(0 0 0)
(0 0 0)
(0 0 0)
(0 0 0)
(0 0 0)
(0 0 0)
(0 0 0)
(0 0 0)
(0 0 0)
(0 0 0)
(0 0 0)
(0 0 0)
(0 0 0)
(0 0 0)
(0 0 0)
(0 0 0)
(0 0 0)
(0 0 0)
)
;

boundaryField
{
    inlet
    {
        type            fixedValue;
        value           uniform (0 0 0);
    }
    outlet
    {
        type            zeroGradient;
    }
    yzfaces
    {
        type            empty;
    }
}


// ************************************************************************* //
