/*--------------------------------*- C++ -*----------------------------------*\
  =========                 |
  \\      /  F ield         | OpenFOAM: The Open Source CFD Toolbox
   \\    /   O peration     | Website:  https://openfoam.org
    \\  /    A nd           | Version:  10
     \\/     M anipulation  |
\*---------------------------------------------------------------------------*/
FoamFile
{
    format      ascii;
    class       volVectorField;
    location    "0.965";
    object      Ub;
}
// * * * * * * * * * * * * * * * * * * * * * * * * * * * * * * * * * * * * * //

dimensions      [0 1 -1 0 0 0 0];

internalField   nonuniform List<vector> 
100
(
(2.08696e-05 0 0)
(6.35948e-05 0 0)
(0.000107594 0 0)
(0.000151967 0 0)
(0.00019643 0 0)
(0.000240874 0 0)
(0.000285253 0 0)
(0.000329551 0 0)
(0.000373763 0 0)
(0.000417893 0 0)
(0.000461947 0 0)
(0.000505935 0 0)
(0.000549865 0 0)
(0.000593749 0 0)
(0.000637595 0 0)
(0.000681413 0 0)
(0.000725213 0 0)
(0.000769005 0 0)
(0.000812798 0 0)
(0.000856599 0 0)
(0.000900419 0 0)
(0.000944266 0 0)
(0.000988147 0 0)
(0.00103207 0 0)
(0.00107605 0 0)
(0.00112008 0 0)
(0.00116419 0 0)
(0.00120837 0 0)
(0.00125263 0 0)
(0.00129699 0 0)
(0.00134144 0 0)
(0.00138601 0 0)
(0.00143069 0 0)
(0.0014755 0 0)
(0.00152045 0 0)
(0.00156554 0 0)
(0.00161079 0 0)
(0.0016562 0 0)
(0.0017018 0 0)
(0.00174758 0 0)
(0.00179357 0 0)
(0.00183977 0 0)
(0.0018862 0 0)
(0.00193288 0 0)
(0.00197983 0 0)
(0.00202706 0 0)
(0.00207459 0 0)
(0.00212245 0 0)
(0.00217066 0 0)
(0.00221925 0 0)
(0.00226826 0 0)
(0.00231772 0 0)
(0.00236767 0 0)
(0.00241816 0 0)
(0.00246924 0 0)
(0.00252099 0 0)
(0.00257348 0 0)
(0.00262679 0 0)
(0.00268104 0 0)
(0.00273636 0 0)
(0.0027929 0 0)
(0.00285087 0 0)
(0.00291051 0 0)
(0.00297214 0 0)
(0.00303615 0 0)
(0.00310308 0 0)
(0.00317363 0 0)
(0.00324878 0 0)
(0.00332989 0 0)
(0.00341894 0 0)
(0.00351893 0 0)
(0.00363458 0 0)
(0.00377385 0 0)
(0.0039512 0 0)
(0.0041959 0 0)
(0.00457712 0 0)
(0.00530362 0 0)
(0.00728245 0 0)
(0.0114442 0 0)
(0.0141984 0 0)
(0.0142802 0 0)
(0.0142802 0 0)
(0.0142802 0 0)
(0.0142802 0 0)
(0.0142802 0 0)
(0.0142802 0 0)
(0.0142802 0 0)
(0.0142802 0 0)
(0.0142802 0 0)
(0.0142802 0 0)
(0.0142802 0 0)
(0.0142802 0 0)
(0.0142802 0 0)
(0.0142802 0 0)
(0.0142802 0 0)
(0.0142802 0 0)
(0.0142802 0 0)
(0.0142802 0 0)
(0.0142802 0 0)
(0.0142802 0 0)
)
;

boundaryField
{
    inlet
    {
        type            fixedValue;
        value           uniform (0 0 0);
    }
    outlet
    {
        type            zeroGradient;
    }
    yzfaces
    {
        type            empty;
    }
}


// ************************************************************************* //
