/*--------------------------------*- C++ -*----------------------------------*\
  =========                 |
  \\      /  F ield         | OpenFOAM: The Open Source CFD Toolbox
   \\    /   O peration     | Website:  https://openfoam.org
    \\  /    A nd           | Version:  10
     \\/     M anipulation  |
\*---------------------------------------------------------------------------*/
FoamFile
{
    format      ascii;
    class       volVectorField;
    location    "1.15";
    object      Ua;
}
// * * * * * * * * * * * * * * * * * * * * * * * * * * * * * * * * * * * * * //

dimensions      [0 1 -1 0 0 0 0];

internalField   nonuniform List<vector> 
100
(
(0.00712227 0 0)
(0.0142263 0 0)
(0.0141895 0 0)
(0.0141523 0 0)
(0.014115 0 0)
(0.0140777 0 0)
(0.0140404 0 0)
(0.0140031 0 0)
(0.0139659 0 0)
(0.0139288 0 0)
(0.0138917 0 0)
(0.0138547 0 0)
(0.0138178 0 0)
(0.0137809 0 0)
(0.013744 0 0)
(0.0137072 0 0)
(0.0136705 0 0)
(0.0136337 0 0)
(0.013597 0 0)
(0.0135603 0 0)
(0.0135236 0 0)
(0.0134869 0 0)
(0.0134502 0 0)
(0.0134135 0 0)
(0.0133768 0 0)
(0.0133401 0 0)
(0.0133033 0 0)
(0.0132666 0 0)
(0.0132298 0 0)
(0.0131929 0 0)
(0.013156 0 0)
(0.0131191 0 0)
(0.0130822 0 0)
(0.0130451 0 0)
(0.0130081 0 0)
(0.0129709 0 0)
(0.0129337 0 0)
(0.0128965 0 0)
(0.0128591 0 0)
(0.0128217 0 0)
(0.0127841 0 0)
(0.0127465 0 0)
(0.0127088 0 0)
(0.012671 0 0)
(0.0126331 0 0)
(0.012595 0 0)
(0.0125569 0 0)
(0.0125186 0 0)
(0.0124801 0 0)
(0.0124416 0 0)
(0.0124029 0 0)
(0.012364 0 0)
(0.0123249 0 0)
(0.0122857 0 0)
(0.0122463 0 0)
(0.0122067 0 0)
(0.0121668 0 0)
(0.0121268 0 0)
(0.0120865 0 0)
(0.0120459 0 0)
(0.0120051 0 0)
(0.011964 0 0)
(0.0119225 0 0)
(0.0118808 0 0)
(0.0118386 0 0)
(0.011796 0 0)
(0.011753 0 0)
(0.0117095 0 0)
(0.0116655 0 0)
(0.0116209 0 0)
(0.0115756 0 0)
(0.0115296 0 0)
(0.0114828 0 0)
(0.0114349 0 0)
(0.0113861 0 0)
(0.0113359 0 0)
(0.0112843 0 0)
(0.0112309 0 0)
(0.0111754 0 0)
(0.0111174 0 0)
(0.0110563 0 0)
(0.0109913 0 0)
(0.0109213 0 0)
(0.0108447 0 0)
(0.0107592 0 0)
(0.0106614 0 0)
(0.0105456 0 0)
(0.0104019 0 0)
(0.010212 0 0)
(0.00993682 0 0)
(0.00947664 0 0)
(0.00849179 0 0)
(0.00546989 0 0)
(0.00157174 0 0)
(2.56229e-06 0 0)
(6.59195e-17 0 0)
(0 0 0)
(0 0 0)
(0 0 0)
(0 0 0)
)
;

boundaryField
{
    inlet
    {
        type            fixedValue;
        value           uniform (0 0 0);
    }
    outlet
    {
        type            zeroGradient;
    }
    yzfaces
    {
        type            empty;
    }
}


// ************************************************************************* //
