/*--------------------------------*- C++ -*----------------------------------*\
  =========                 |
  \\      /  F ield         | OpenFOAM: The Open Source CFD Toolbox
   \\    /   O peration     | Website:  https://openfoam.org
    \\  /    A nd           | Version:  10
     \\/     M anipulation  |
\*---------------------------------------------------------------------------*/
FoamFile
{
    format      ascii;
    class       volVectorField;
    location    "1.15";
    object      Ub;
}
// * * * * * * * * * * * * * * * * * * * * * * * * * * * * * * * * * * * * * //

dimensions      [0 1 -1 0 0 0 0];

internalField   nonuniform List<vector> 
100
(
(1.73034e-05 0 0)
(5.28421e-05 0 0)
(8.96145e-05 0 0)
(0.000126797 0 0)
(0.000164116 0 0)
(0.00020146 0 0)
(0.000238774 0 0)
(0.000276034 0 0)
(0.000313231 0 0)
(0.00035036 0 0)
(0.000387424 0 0)
(0.000424426 0 0)
(0.000461371 0 0)
(0.000498264 0 0)
(0.000535111 0 0)
(0.000571919 0 0)
(0.000608693 0 0)
(0.000645439 0 0)
(0.000682163 0 0)
(0.00071887 0 0)
(0.000755568 0 0)
(0.00079226 0 0)
(0.000828952 0 0)
(0.00086565 0 0)
(0.000902358 0 0)
(0.000939081 0 0)
(0.000975825 0 0)
(0.00101259 0 0)
(0.00104939 0 0)
(0.00108623 0 0)
(0.0011231 0 0)
(0.00116001 0 0)
(0.00119698 0 0)
(0.001234 0 0)
(0.00127107 0 0)
(0.00130821 0 0)
(0.00134542 0 0)
(0.00138269 0 0)
(0.00142005 0 0)
(0.00145748 0 0)
(0.00149501 0 0)
(0.00153262 0 0)
(0.00157033 0 0)
(0.00160815 0 0)
(0.00164608 0 0)
(0.00168412 0 0)
(0.00172228 0 0)
(0.00176057 0 0)
(0.001799 0 0)
(0.00183757 0 0)
(0.00187629 0 0)
(0.00191517 0 0)
(0.00195422 0 0)
(0.00199344 0 0)
(0.00203286 0 0)
(0.00207247 0 0)
(0.0021123 0 0)
(0.00215236 0 0)
(0.00219265 0 0)
(0.0022332 0 0)
(0.00227403 0 0)
(0.00231516 0 0)
(0.0023566 0 0)
(0.00239838 0 0)
(0.00244054 0 0)
(0.00248311 0 0)
(0.00252611 0 0)
(0.0025696 0 0)
(0.00261363 0 0)
(0.00265824 0 0)
(0.00270352 0 0)
(0.00274954 0 0)
(0.00279639 0 0)
(0.0028442 0 0)
(0.0028931 0 0)
(0.00294325 0 0)
(0.00299489 0 0)
(0.00304827 0 0)
(0.00310373 0 0)
(0.00316173 0 0)
(0.00322284 0 0)
(0.00328786 0 0)
(0.00335789 0 0)
(0.00343448 0 0)
(0.00351992 0 0)
(0.00361773 0 0)
(0.00373358 0 0)
(0.00387724 0 0)
(0.00406712 0 0)
(0.00434233 0 0)
(0.0048025 0 0)
(0.00578736 0 0)
(0.00880925 0 0)
(0.0127074 0 0)
(0.0142766 0 0)
(0.0142791 0 0)
(0.0142791 0 0)
(0.0142791 0 0)
(0.0142791 0 0)
(0.0142791 0 0)
)
;

boundaryField
{
    inlet
    {
        type            fixedValue;
        value           uniform (0 0 0);
    }
    outlet
    {
        type            zeroGradient;
    }
    yzfaces
    {
        type            empty;
    }
}


// ************************************************************************* //
