/*--------------------------------*- C++ -*----------------------------------*\
  =========                 |
  \\      /  F ield         | OpenFOAM: The Open Source CFD Toolbox
   \\    /   O peration     | Website:  https://openfoam.org
    \\  /    A nd           | Version:  10
     \\/     M anipulation  |
\*---------------------------------------------------------------------------*/
FoamFile
{
    format      ascii;
    class       volVectorField;
    location    "0.89";
    object      Ua;
}
// * * * * * * * * * * * * * * * * * * * * * * * * * * * * * * * * * * * * * //

dimensions      [0 1 -1 0 0 0 0];

internalField   nonuniform List<vector> 
100
(
(0.00711757 0 0)
(0.0142114 0 0)
(0.0141636 0 0)
(0.0141155 0 0)
(0.0140673 0 0)
(0.0140191 0 0)
(0.0139711 0 0)
(0.0139231 0 0)
(0.0138752 0 0)
(0.0138274 0 0)
(0.0137797 0 0)
(0.013732 0 0)
(0.0136844 0 0)
(0.0136369 0 0)
(0.0135893 0 0)
(0.0135418 0 0)
(0.0134943 0 0)
(0.0134468 0 0)
(0.0133992 0 0)
(0.0133517 0 0)
(0.013304 0 0)
(0.0132564 0 0)
(0.0132086 0 0)
(0.0131608 0 0)
(0.013113 0 0)
(0.013065 0 0)
(0.0130169 0 0)
(0.0129687 0 0)
(0.0129204 0 0)
(0.0128719 0 0)
(0.0128233 0 0)
(0.0127745 0 0)
(0.0127256 0 0)
(0.0126765 0 0)
(0.0126271 0 0)
(0.0125776 0 0)
(0.0125278 0 0)
(0.0124778 0 0)
(0.0124275 0 0)
(0.0123769 0 0)
(0.012326 0 0)
(0.0122748 0 0)
(0.0122232 0 0)
(0.0121713 0 0)
(0.0121189 0 0)
(0.012066 0 0)
(0.0120127 0 0)
(0.0119588 0 0)
(0.0119043 0 0)
(0.0118491 0 0)
(0.0117932 0 0)
(0.0117364 0 0)
(0.0116787 0 0)
(0.01162 0 0)
(0.01156 0 0)
(0.0114985 0 0)
(0.0114354 0 0)
(0.0113703 0 0)
(0.0113029 0 0)
(0.0112325 0 0)
(0.0111585 0 0)
(0.01108 0 0)
(0.0109956 0 0)
(0.0109034 0 0)
(0.0108005 0 0)
(0.0106823 0 0)
(0.010541 0 0)
(0.0103629 0 0)
(0.0101199 0 0)
(0.00974679 0 0)
(0.00905026 0 0)
(0.0072069 0 0)
(0.00304072 0 0)
(0.000126025 0 0)
(7.45141e-11 0 0)
(0 0 0)
(0 0 0)
(0 0 0)
(0 0 0)
(0 0 0)
(0 0 0)
(0 0 0)
(0 0 0)
(0 0 0)
(0 0 0)
(0 0 0)
(0 0 0)
(0 0 0)
(0 0 0)
(0 0 0)
(0 0 0)
(0 0 0)
(0 0 0)
(0 0 0)
(0 0 0)
(0 0 0)
(0 0 0)
(0 0 0)
(0 0 0)
(0 0 0)
)
;

boundaryField
{
    inlet
    {
        type            fixedValue;
        value           uniform (0 0 0);
    }
    outlet
    {
        type            zeroGradient;
    }
    yzfaces
    {
        type            empty;
    }
}


// ************************************************************************* //
