/*--------------------------------*- C++ -*----------------------------------*\
  =========                 |
  \\      /  F ield         | OpenFOAM: The Open Source CFD Toolbox
   \\    /   O peration     | Website:  https://openfoam.org
    \\  /    A nd           | Version:  10
     \\/     M anipulation  |
\*---------------------------------------------------------------------------*/
FoamFile
{
    format      ascii;
    class       volVectorField;
    location    "0.89";
    object      Ub;
}
// * * * * * * * * * * * * * * * * * * * * * * * * * * * * * * * * * * * * * //

dimensions      [0 1 -1 0 0 0 0];

internalField   nonuniform List<vector> 
100
(
(2.27428e-05 0 0)
(6.92355e-05 0 0)
(0.000117014 0 0)
(0.000165142 0 0)
(0.000213336 0 0)
(0.000261489 0 0)
(0.000309561 0 0)
(0.000357539 0 0)
(0.000405423 0 0)
(0.00045322 0 0)
(0.00050094 0 0)
(0.000548596 0 0)
(0.000596199 0 0)
(0.000643762 0 0)
(0.000691298 0 0)
(0.000738818 0 0)
(0.000786334 0 0)
(0.000833858 0 0)
(0.000881402 0 0)
(0.000928975 0 0)
(0.000976589 0 0)
(0.00102425 0 0)
(0.00107198 0 0)
(0.00111978 0 0)
(0.00116767 0 0)
(0.00121564 0 0)
(0.00126373 0 0)
(0.00131192 0 0)
(0.00136024 0 0)
(0.0014087 0 0)
(0.00145731 0 0)
(0.00150608 0 0)
(0.00155503 0 0)
(0.00160416 0 0)
(0.00165349 0 0)
(0.00170303 0 0)
(0.00175281 0 0)
(0.00180284 0 0)
(0.00185313 0 0)
(0.00190371 0 0)
(0.0019546 0 0)
(0.00200582 0 0)
(0.0020574 0 0)
(0.00210936 0 0)
(0.00216175 0 0)
(0.0022146 0 0)
(0.00226794 0 0)
(0.00232184 0 0)
(0.00237634 0 0)
(0.00243151 0 0)
(0.00248743 0 0)
(0.00254419 0 0)
(0.00260189 0 0)
(0.00266067 0 0)
(0.00272067 0 0)
(0.00278211 0 0)
(0.00284522 0 0)
(0.00291031 0 0)
(0.00297778 0 0)
(0.00304814 0 0)
(0.0031221 0 0)
(0.00320061 0 0)
(0.00328499 0 0)
(0.00337718 0 0)
(0.0034801 0 0)
(0.00359834 0 0)
(0.00373959 0 0)
(0.00391775 0 0)
(0.00416074 0 0)
(0.00453384 0 0)
(0.00523037 0 0)
(0.00707373 0 0)
(0.0112399 0 0)
(0.0141546 0 0)
(0.0142806 0 0)
(0.0142806 0 0)
(0.0142806 0 0)
(0.0142806 0 0)
(0.0142806 0 0)
(0.0142806 0 0)
(0.0142806 0 0)
(0.0142806 0 0)
(0.0142806 0 0)
(0.0142806 0 0)
(0.0142806 0 0)
(0.0142806 0 0)
(0.0142806 0 0)
(0.0142806 0 0)
(0.0142806 0 0)
(0.0142806 0 0)
(0.0142806 0 0)
(0.0142806 0 0)
(0.0142806 0 0)
(0.0142806 0 0)
(0.0142806 0 0)
(0.0142806 0 0)
(0.0142806 0 0)
(0.0142806 0 0)
(0.0142806 0 0)
(0.0142806 0 0)
)
;

boundaryField
{
    inlet
    {
        type            fixedValue;
        value           uniform (0 0 0);
    }
    outlet
    {
        type            zeroGradient;
    }
    yzfaces
    {
        type            empty;
    }
}


// ************************************************************************* //
