/*--------------------------------*- C++ -*----------------------------------*\
  =========                 |
  \\      /  F ield         | OpenFOAM: The Open Source CFD Toolbox
   \\    /   O peration     | Website:  https://openfoam.org
    \\  /    A nd           | Version:  10
     \\/     M anipulation  |
\*---------------------------------------------------------------------------*/
FoamFile
{
    format      ascii;
    class       volVectorField;
    location    "1.2";
    object      Ua;
}
// * * * * * * * * * * * * * * * * * * * * * * * * * * * * * * * * * * * * * //

dimensions      [0 1 -1 0 0 0 0];

internalField   nonuniform List<vector> 
100
(
(0.0071229 0 0)
(0.0142284 0 0)
(0.0141932 0 0)
(0.0141575 0 0)
(0.0141218 0 0)
(0.014086 0 0)
(0.0140502 0 0)
(0.0140145 0 0)
(0.0139788 0 0)
(0.0139432 0 0)
(0.0139077 0 0)
(0.0138722 0 0)
(0.0138367 0 0)
(0.0138014 0 0)
(0.013766 0 0)
(0.0137307 0 0)
(0.0136955 0 0)
(0.0136603 0 0)
(0.0136251 0 0)
(0.0135899 0 0)
(0.0135547 0 0)
(0.0135196 0 0)
(0.0134844 0 0)
(0.0134493 0 0)
(0.0134141 0 0)
(0.0133789 0 0)
(0.0133438 0 0)
(0.0133086 0 0)
(0.0132733 0 0)
(0.0132381 0 0)
(0.0132028 0 0)
(0.0131675 0 0)
(0.0131322 0 0)
(0.0130968 0 0)
(0.0130614 0 0)
(0.0130259 0 0)
(0.0129903 0 0)
(0.0129547 0 0)
(0.0129191 0 0)
(0.0128834 0 0)
(0.0128476 0 0)
(0.0128117 0 0)
(0.0127758 0 0)
(0.0127397 0 0)
(0.0127036 0 0)
(0.0126674 0 0)
(0.0126311 0 0)
(0.0125946 0 0)
(0.0125581 0 0)
(0.0125215 0 0)
(0.0124847 0 0)
(0.0124478 0 0)
(0.0124108 0 0)
(0.0123736 0 0)
(0.0123363 0 0)
(0.0122988 0 0)
(0.0122611 0 0)
(0.0122233 0 0)
(0.0121853 0 0)
(0.0121471 0 0)
(0.0121086 0 0)
(0.01207 0 0)
(0.0120311 0 0)
(0.011992 0 0)
(0.0119526 0 0)
(0.0119129 0 0)
(0.0118728 0 0)
(0.0118325 0 0)
(0.0117918 0 0)
(0.0117506 0 0)
(0.0117091 0 0)
(0.011667 0 0)
(0.0116244 0 0)
(0.0115813 0 0)
(0.0115374 0 0)
(0.0114929 0 0)
(0.0114475 0 0)
(0.0114011 0 0)
(0.0113537 0 0)
(0.011305 0 0)
(0.0112548 0 0)
(0.0112028 0 0)
(0.0111488 0 0)
(0.0110922 0 0)
(0.0110325 0 0)
(0.0109688 0 0)
(0.0109001 0 0)
(0.0108247 0 0)
(0.0107403 0 0)
(0.0106434 0 0)
(0.0105281 0 0)
(0.0103844 0 0)
(0.0101933 0 0)
(0.00991406 0 0)
(0.00944216 0 0)
(0.00841465 0 0)
(0.00524667 0 0)
(0.0014029 0 0)
(1.43797e-06 0 0)
(5.20417e-18 0 0)
)
;

boundaryField
{
    inlet
    {
        type            fixedValue;
        value           uniform (0 0 0);
    }
    outlet
    {
        type            zeroGradient;
    }
    yzfaces
    {
        type            empty;
    }
}


// ************************************************************************* //
