/*--------------------------------*- C++ -*----------------------------------*\
  =========                 |
  \\      /  F ield         | OpenFOAM: The Open Source CFD Toolbox
   \\    /   O peration     | Website:  https://openfoam.org
    \\  /    A nd           | Version:  10
     \\/     M anipulation  |
\*---------------------------------------------------------------------------*/
FoamFile
{
    format      ascii;
    class       volVectorField;
    location    "1.2";
    object      Ub;
}
// * * * * * * * * * * * * * * * * * * * * * * * * * * * * * * * * * * * * * //

dimensions      [0 1 -1 0 0 0 0];

internalField   nonuniform List<vector> 
100
(
(1.65305e-05 0 0)
(5.05088e-05 0 0)
(8.57082e-05 0 0)
(0.000121324 0 0)
(0.000157086 0 0)
(0.000192882 0 0)
(0.000228656 0 0)
(0.000264384 0 0)
(0.000300054 0 0)
(0.000335661 0 0)
(0.000371205 0 0)
(0.00040669 0 0)
(0.000442119 0 0)
(0.000477496 0 0)
(0.000512828 0 0)
(0.000548118 0 0)
(0.000583374 0 0)
(0.000618599 0 0)
(0.0006538 0 0)
(0.00068898 0 0)
(0.000724146 0 0)
(0.000759303 0 0)
(0.000794454 0 0)
(0.000829606 0 0)
(0.000864761 0 0)
(0.000899925 0 0)
(0.000935103 0 0)
(0.000970297 0 0)
(0.00100551 0 0)
(0.00104076 0 0)
(0.00107603 0 0)
(0.00111133 0 0)
(0.00114668 0 0)
(0.00118206 0 0)
(0.0012175 0 0)
(0.00125298 0 0)
(0.00128852 0 0)
(0.00132411 0 0)
(0.00135977 0 0)
(0.00139549 0 0)
(0.00143129 0 0)
(0.00146716 0 0)
(0.00150311 0 0)
(0.00153914 0 0)
(0.00157527 0 0)
(0.00161149 0 0)
(0.0016478 0 0)
(0.00168423 0 0)
(0.00172076 0 0)
(0.00175741 0 0)
(0.00179418 0 0)
(0.00183107 0 0)
(0.00186811 0 0)
(0.00190528 0 0)
(0.00194261 0 0)
(0.00198009 0 0)
(0.00201774 0 0)
(0.00205557 0 0)
(0.00209358 0 0)
(0.00213179 0 0)
(0.00217022 0 0)
(0.00220886 0 0)
(0.00224775 0 0)
(0.00228688 0 0)
(0.0023263 0 0)
(0.002366 0 0)
(0.00240602 0 0)
(0.00244638 0 0)
(0.0024871 0 0)
(0.00252823 0 0)
(0.0025698 0 0)
(0.00261185 0 0)
(0.00265443 0 0)
(0.0026976 0 0)
(0.00274143 0 0)
(0.002786 0 0)
(0.0028314 0 0)
(0.00287775 0 0)
(0.00292519 0 0)
(0.0029739 0 0)
(0.00302409 0 0)
(0.00307603 0 0)
(0.00313007 0 0)
(0.00318665 0 0)
(0.00324638 0 0)
(0.00331006 0 0)
(0.0033788 0 0)
(0.00345417 0 0)
(0.00353853 0 0)
(0.00363545 0 0)
(0.00375075 0 0)
(0.00389447 0 0)
(0.0040856 0 0)
(0.0043648 0 0)
(0.0048367 0 0)
(0.00586421 0 0)
(0.00903219 0 0)
(0.012876 0 0)
(0.0142774 0 0)
(0.0142789 0 0)
)
;

boundaryField
{
    inlet
    {
        type            fixedValue;
        value           uniform (0 0 0);
    }
    outlet
    {
        type            zeroGradient;
    }
    yzfaces
    {
        type            empty;
    }
}


// ************************************************************************* //
