/*--------------------------------*- C++ -*----------------------------------*\
  =========                 |
  \\      /  F ield         | OpenFOAM: The Open Source CFD Toolbox
   \\    /   O peration     | Website:  https://openfoam.org
    \\  /    A nd           | Version:  10
     \\/     M anipulation  |
\*---------------------------------------------------------------------------*/
FoamFile
{
    format      ascii;
    class       volVectorField;
    location    "0.435";
    object      Ua;
}
// * * * * * * * * * * * * * * * * * * * * * * * * * * * * * * * * * * * * * //

dimensions      [0 1 -1 0 0 0 0];

internalField   nonuniform List<vector> 
100
(
(0.00709353 0 0)
(0.014138 0 0)
(0.0140396 0 0)
(0.0139413 0 0)
(0.0138432 0 0)
(0.0137451 0 0)
(0.0136472 0 0)
(0.0135491 0 0)
(0.013451 0 0)
(0.0133526 0 0)
(0.0132539 0 0)
(0.0131548 0 0)
(0.0130551 0 0)
(0.0129548 0 0)
(0.0128537 0 0)
(0.0127517 0 0)
(0.0126487 0 0)
(0.0125444 0 0)
(0.0124388 0 0)
(0.0123315 0 0)
(0.0122223 0 0)
(0.0121109 0 0)
(0.0119967 0 0)
(0.0118794 0 0)
(0.011758 0 0)
(0.0116317 0 0)
(0.011499 0 0)
(0.0113578 0 0)
(0.0112052 0 0)
(0.0110361 0 0)
(0.0108424 0 0)
(0.010609 0 0)
(0.0103048 0 0)
(0.00985587 0 0)
(0.00903274 0 0)
(0.00681582 0 0)
(0.00262068 0 0)
(4.66544e-05 0 0)
(1.86747e-12 0 0)
(0 0 0)
(0 0 0)
(0 0 0)
(0 0 0)
(0 0 0)
(0 0 0)
(0 0 0)
(0 0 0)
(0 0 0)
(0 0 0)
(0 0 0)
(0 0 0)
(0 0 0)
(0 0 0)
(0 0 0)
(0 0 0)
(0 0 0)
(0 0 0)
(0 0 0)
(0 0 0)
(0 0 0)
(0 0 0)
(0 0 0)
(0 0 0)
(0 0 0)
(0 0 0)
(0 0 0)
(0 0 0)
(0 0 0)
(0 0 0)
(0 0 0)
(0 0 0)
(0 0 0)
(0 0 0)
(0 0 0)
(0 0 0)
(0 0 0)
(0 0 0)
(0 0 0)
(0 0 0)
(0 0 0)
(0 0 0)
(0 0 0)
(0 0 0)
(0 0 0)
(0 0 0)
(0 0 0)
(0 0 0)
(0 0 0)
(0 0 0)
(0 0 0)
(0 0 0)
(0 0 0)
(0 0 0)
(0 0 0)
(0 0 0)
(0 0 0)
(0 0 0)
(0 0 0)
(0 0 0)
(0 0 0)
)
;

boundaryField
{
    inlet
    {
        type            fixedValue;
        value           uniform (0 0 0);
    }
    outlet
    {
        type            zeroGradient;
    }
    yzfaces
    {
        type            empty;
    }
}


// ************************************************************************* //
