/*--------------------------------*- C++ -*----------------------------------*\
  =========                 |
  \\      /  F ield         | OpenFOAM: The Open Source CFD Toolbox
   \\    /   O peration     | Website:  https://openfoam.org
    \\  /    A nd           | Version:  10
     \\/     M anipulation  |
\*---------------------------------------------------------------------------*/
FoamFile
{
    format      ascii;
    class       volVectorField;
    location    "0.435";
    object      Ub;
}
// * * * * * * * * * * * * * * * * * * * * * * * * * * * * * * * * * * * * * //

dimensions      [0 1 -1 0 0 0 0];

internalField   nonuniform List<vector> 
100
(
(4.80834e-05 0 0)
(0.000145274 0 0)
(0.000243582 0 0)
(0.00034191 0 0)
(0.000440078 0 0)
(0.000538109 0 0)
(0.000636079 0 0)
(0.000734083 0 0)
(0.000832219 0 0)
(0.000930588 0 0)
(0.00102929 0 0)
(0.00112843 0 0)
(0.0012281 0 0)
(0.00132843 0 0)
(0.00142952 0 0)
(0.00153151 0 0)
(0.00163455 0 0)
(0.0017388 0 0)
(0.00184445 0 0)
(0.00195173 0 0)
(0.00206092 0 0)
(0.00217236 0 0)
(0.00228649 0 0)
(0.00240385 0 0)
(0.0025252 0 0)
(0.00265153 0 0)
(0.00278424 0 0)
(0.00292539 0 0)
(0.00307805 0 0)
(0.0032471 0 0)
(0.0034408 0 0)
(0.00367426 0 0)
(0.00397839 0 0)
(0.00442737 0 0)
(0.00525049 0 0)
(0.00746741 0 0)
(0.0116626 0 0)
(0.0142366 0 0)
(0.0142832 0 0)
(0.0142832 0 0)
(0.0142832 0 0)
(0.0142832 0 0)
(0.0142832 0 0)
(0.0142832 0 0)
(0.0142832 0 0)
(0.0142832 0 0)
(0.0142832 0 0)
(0.0142832 0 0)
(0.0142832 0 0)
(0.0142832 0 0)
(0.0142832 0 0)
(0.0142832 0 0)
(0.0142832 0 0)
(0.0142832 0 0)
(0.0142832 0 0)
(0.0142832 0 0)
(0.0142832 0 0)
(0.0142832 0 0)
(0.0142832 0 0)
(0.0142832 0 0)
(0.0142832 0 0)
(0.0142832 0 0)
(0.0142832 0 0)
(0.0142832 0 0)
(0.0142832 0 0)
(0.0142832 0 0)
(0.0142832 0 0)
(0.0142832 0 0)
(0.0142832 0 0)
(0.0142832 0 0)
(0.0142832 0 0)
(0.0142832 0 0)
(0.0142832 0 0)
(0.0142832 0 0)
(0.0142832 0 0)
(0.0142832 0 0)
(0.0142832 0 0)
(0.0142832 0 0)
(0.0142832 0 0)
(0.0142832 0 0)
(0.0142832 0 0)
(0.0142832 0 0)
(0.0142832 0 0)
(0.0142832 0 0)
(0.0142832 0 0)
(0.0142832 0 0)
(0.0142832 0 0)
(0.0142832 0 0)
(0.0142832 0 0)
(0.0142832 0 0)
(0.0142832 0 0)
(0.0142832 0 0)
(0.0142832 0 0)
(0.0142832 0 0)
(0.0142832 0 0)
(0.0142832 0 0)
(0.0142832 0 0)
(0.0142832 0 0)
(0.0142832 0 0)
(0.0142832 0 0)
)
;

boundaryField
{
    inlet
    {
        type            fixedValue;
        value           uniform (0 0 0);
    }
    outlet
    {
        type            zeroGradient;
    }
    yzfaces
    {
        type            empty;
    }
}


// ************************************************************************* //
