/*--------------------------------*- C++ -*----------------------------------*\
  =========                 |
  \\      /  F ield         | OpenFOAM: The Open Source CFD Toolbox
   \\    /   O peration     | Website:  https://openfoam.org
    \\  /    A nd           | Version:  10
     \\/     M anipulation  |
\*---------------------------------------------------------------------------*/
FoamFile
{
    format      ascii;
    class       volVectorField;
    location    "1.365";
    object      Ua;
}
// * * * * * * * * * * * * * * * * * * * * * * * * * * * * * * * * * * * * * //

dimensions      [0 1 -1 0 0 0 0];

internalField   nonuniform List<vector> 
100
(
(0.00712457 0 0)
(0.0142339 0 0)
(0.0142031 0 0)
(0.0141718 0 0)
(0.0141404 0 0)
(0.0141089 0 0)
(0.0140774 0 0)
(0.014046 0 0)
(0.0140145 0 0)
(0.0139832 0 0)
(0.0139519 0 0)
(0.0139206 0 0)
(0.0138894 0 0)
(0.0138582 0 0)
(0.0138271 0 0)
(0.013796 0 0)
(0.013765 0 0)
(0.013734 0 0)
(0.013703 0 0)
(0.013672 0 0)
(0.0136411 0 0)
(0.0136102 0 0)
(0.0135793 0 0)
(0.0135484 0 0)
(0.0135175 0 0)
(0.0134866 0 0)
(0.0134558 0 0)
(0.0134249 0 0)
(0.013394 0 0)
(0.0133631 0 0)
(0.0133322 0 0)
(0.0133013 0 0)
(0.0132704 0 0)
(0.0132395 0 0)
(0.0132085 0 0)
(0.0131775 0 0)
(0.0131465 0 0)
(0.0131155 0 0)
(0.0130844 0 0)
(0.0130533 0 0)
(0.0130221 0 0)
(0.012991 0 0)
(0.0129597 0 0)
(0.0129285 0 0)
(0.0128971 0 0)
(0.0128658 0 0)
(0.0128343 0 0)
(0.0128029 0 0)
(0.0127713 0 0)
(0.0127397 0 0)
(0.012708 0 0)
(0.0126763 0 0)
(0.0126445 0 0)
(0.0126126 0 0)
(0.0125806 0 0)
(0.0125486 0 0)
(0.0125164 0 0)
(0.0124842 0 0)
(0.0124519 0 0)
(0.0124195 0 0)
(0.012387 0 0)
(0.0123543 0 0)
(0.0123216 0 0)
(0.0122887 0 0)
(0.0122557 0 0)
(0.0122226 0 0)
(0.0121894 0 0)
(0.012156 0 0)
(0.0121224 0 0)
(0.0120887 0 0)
(0.0120548 0 0)
(0.0120208 0 0)
(0.0119865 0 0)
(0.0119521 0 0)
(0.0119174 0 0)
(0.0118826 0 0)
(0.0118474 0 0)
(0.0118121 0 0)
(0.0117764 0 0)
(0.0117404 0 0)
(0.0117041 0 0)
(0.0116675 0 0)
(0.0116305 0 0)
(0.011593 0 0)
(0.0115551 0 0)
(0.0115167 0 0)
(0.0114777 0 0)
(0.011438 0 0)
(0.0113977 0 0)
(0.0113565 0 0)
(0.0113144 0 0)
(0.0112712 0 0)
(0.0112268 0 0)
(0.0111809 0 0)
(0.0111334 0 0)
(0.0110837 0 0)
(0.0110316 0 0)
(0.0109763 0 0)
(0.0109172 0 0)
(0.010853 0 0)
)
;

boundaryField
{
    inlet
    {
        type            fixedValue;
        value           uniform (0 0 0);
    }
    outlet
    {
        type            zeroGradient;
    }
    yzfaces
    {
        type            empty;
    }
}


// ************************************************************************* //
