/*--------------------------------*- C++ -*----------------------------------*\
  =========                 |
  \\      /  F ield         | OpenFOAM: The Open Source CFD Toolbox
   \\    /   O peration     | Website:  https://openfoam.org
    \\  /    A nd           | Version:  10
     \\/     M anipulation  |
\*---------------------------------------------------------------------------*/
FoamFile
{
    format      ascii;
    class       volVectorField;
    location    "1.365";
    object      Ub;
}
// * * * * * * * * * * * * * * * * * * * * * * * * * * * * * * * * * * * * * //

dimensions      [0 1 -1 0 0 0 0];

internalField   nonuniform List<vector> 
100
(
(1.4387e-05 0 0)
(4.4032e-05 0 0)
(7.48538e-05 0 0)
(0.000106106 0 0)
(0.00013753 0 0)
(0.000169012 0 0)
(0.000200497 0 0)
(0.000231954 0 0)
(0.000263371 0 0)
(0.000294738 0 0)
(0.000326054 0 0)
(0.000357318 0 0)
(0.000388533 0 0)
(0.0004197 0 0)
(0.000450823 0 0)
(0.000481905 0 0)
(0.000512949 0 0)
(0.000543961 0 0)
(0.000574943 0 0)
(0.000605898 0 0)
(0.000636832 0 0)
(0.000667746 0 0)
(0.000698645 0 0)
(0.000729533 0 0)
(0.000760412 0 0)
(0.000791285 0 0)
(0.000822157 0 0)
(0.000853029 0 0)
(0.000883906 0 0)
(0.000914789 0 0)
(0.000945683 0 0)
(0.000976589 0 0)
(0.00100751 0 0)
(0.00103845 0 0)
(0.00106941 0 0)
(0.0011004 0 0)
(0.00113141 0 0)
(0.00116245 0 0)
(0.00119352 0 0)
(0.00122463 0 0)
(0.00125578 0 0)
(0.00128696 0 0)
(0.00131819 0 0)
(0.00134946 0 0)
(0.00138079 0 0)
(0.00141216 0 0)
(0.00144358 0 0)
(0.00147507 0 0)
(0.00150661 0 0)
(0.00153822 0 0)
(0.00156989 0 0)
(0.00160163 0 0)
(0.00163344 0 0)
(0.00166533 0 0)
(0.00169729 0 0)
(0.00172934 0 0)
(0.00176148 0 0)
(0.0017937 0 0)
(0.00182602 0 0)
(0.00185844 0 0)
(0.00189096 0 0)
(0.00192359 0 0)
(0.00195634 0 0)
(0.0019892 0 0)
(0.00202218 0 0)
(0.0020553 0 0)
(0.00208855 0 0)
(0.00212195 0 0)
(0.00215549 0 0)
(0.0021892 0 0)
(0.00222308 0 0)
(0.00225713 0 0)
(0.00229137 0 0)
(0.00232581 0 0)
(0.00236047 0 0)
(0.00239535 0 0)
(0.00243047 0 0)
(0.00246586 0 0)
(0.00250152 0 0)
(0.00253749 0 0)
(0.00257378 0 0)
(0.00261042 0 0)
(0.00264745 0 0)
(0.00268491 0 0)
(0.00272282 0 0)
(0.00276125 0 0)
(0.00280026 0 0)
(0.0028399 0 0)
(0.00288026 0 0)
(0.00292143 0 0)
(0.00296353 0 0)
(0.0030067 0 0)
(0.00305111 0 0)
(0.00309697 0 0)
(0.00314455 0 0)
(0.0031942 0 0)
(0.00324636 0 0)
(0.00330162 0 0)
(0.00336077 0 0)
(0.0034249 0 0)
)
;

boundaryField
{
    inlet
    {
        type            fixedValue;
        value           uniform (0 0 0);
    }
    outlet
    {
        type            zeroGradient;
    }
    yzfaces
    {
        type            empty;
    }
}


// ************************************************************************* //
