/*--------------------------------*- C++ -*----------------------------------*\
  =========                 |
  \\      /  F ield         | OpenFOAM: The Open Source CFD Toolbox
   \\    /   O peration     | Website:  https://openfoam.org
    \\  /    A nd           | Version:  10
     \\/     M anipulation  |
\*---------------------------------------------------------------------------*/
FoamFile
{
    format      ascii;
    class       volVectorField;
    location    "1.445";
    object      Ua;
}
// * * * * * * * * * * * * * * * * * * * * * * * * * * * * * * * * * * * * * //

dimensions      [0 1 -1 0 0 0 0];

internalField   nonuniform List<vector> 
100
(
(0.0071252 0 0)
(0.014236 0 0)
(0.014207 0 0)
(0.0141775 0 0)
(0.0141478 0 0)
(0.0141181 0 0)
(0.0140883 0 0)
(0.0140586 0 0)
(0.0140289 0 0)
(0.0139992 0 0)
(0.0139696 0 0)
(0.0139401 0 0)
(0.0139105 0 0)
(0.0138811 0 0)
(0.0138516 0 0)
(0.0138222 0 0)
(0.0137929 0 0)
(0.0137636 0 0)
(0.0137343 0 0)
(0.013705 0 0)
(0.0136758 0 0)
(0.0136466 0 0)
(0.0136174 0 0)
(0.0135882 0 0)
(0.013559 0 0)
(0.0135299 0 0)
(0.0135007 0 0)
(0.0134715 0 0)
(0.0134424 0 0)
(0.0134132 0 0)
(0.0133841 0 0)
(0.0133549 0 0)
(0.0133258 0 0)
(0.0132966 0 0)
(0.0132674 0 0)
(0.0132382 0 0)
(0.0132089 0 0)
(0.0131797 0 0)
(0.0131504 0 0)
(0.0131211 0 0)
(0.0130918 0 0)
(0.0130624 0 0)
(0.013033 0 0)
(0.0130036 0 0)
(0.0129742 0 0)
(0.0129447 0 0)
(0.0129151 0 0)
(0.0128855 0 0)
(0.0128559 0 0)
(0.0128262 0 0)
(0.0127965 0 0)
(0.0127667 0 0)
(0.0127369 0 0)
(0.012707 0 0)
(0.0126771 0 0)
(0.0126471 0 0)
(0.012617 0 0)
(0.0125868 0 0)
(0.0125566 0 0)
(0.0125263 0 0)
(0.012496 0 0)
(0.0124655 0 0)
(0.012435 0 0)
(0.0124043 0 0)
(0.0123736 0 0)
(0.0123428 0 0)
(0.0123119 0 0)
(0.0122809 0 0)
(0.0122497 0 0)
(0.0122185 0 0)
(0.0121871 0 0)
(0.0121557 0 0)
(0.012124 0 0)
(0.0120923 0 0)
(0.0120604 0 0)
(0.0120283 0 0)
(0.0119961 0 0)
(0.0119637 0 0)
(0.0119311 0 0)
(0.0118984 0 0)
(0.0118654 0 0)
(0.0118322 0 0)
(0.0117988 0 0)
(0.0117651 0 0)
(0.0117312 0 0)
(0.011697 0 0)
(0.0116625 0 0)
(0.0116276 0 0)
(0.0115923 0 0)
(0.0115567 0 0)
(0.0115206 0 0)
(0.011484 0 0)
(0.0114469 0 0)
(0.0114091 0 0)
(0.0113707 0 0)
(0.0113315 0 0)
(0.0112914 0 0)
(0.0112504 0 0)
(0.0112081 0 0)
(0.0111644 0 0)
)
;

boundaryField
{
    inlet
    {
        type            fixedValue;
        value           uniform (0 0 0);
    }
    outlet
    {
        type            zeroGradient;
    }
    yzfaces
    {
        type            empty;
    }
}


// ************************************************************************* //
