/*--------------------------------*- C++ -*----------------------------------*\
  =========                 |
  \\      /  F ield         | OpenFOAM: The Open Source CFD Toolbox
   \\    /   O peration     | Website:  https://openfoam.org
    \\  /    A nd           | Version:  10
     \\/     M anipulation  |
\*---------------------------------------------------------------------------*/
FoamFile
{
    format      ascii;
    class       volVectorField;
    location    "1.445";
    object      Ub;
}
// * * * * * * * * * * * * * * * * * * * * * * * * * * * * * * * * * * * * * //

dimensions      [0 1 -1 0 0 0 0];

internalField   nonuniform List<vector> 
100
(
(1.35266e-05 0 0)
(4.14293e-05 0 0)
(7.0487e-05 0 0)
(9.99786e-05 0 0)
(0.000129651 0 0)
(0.000159392 0 0)
(0.000189145 0 0)
(0.000218879 0 0)
(0.000248579 0 0)
(0.000278236 0 0)
(0.000307846 0 0)
(0.00033741 0 0)
(0.000366926 0 0)
(0.000396398 0 0)
(0.000425827 0 0)
(0.000455216 0 0)
(0.000484569 0 0)
(0.000513887 0 0)
(0.000543176 0 0)
(0.000572437 0 0)
(0.000601674 0 0)
(0.00063089 0 0)
(0.000660088 0 0)
(0.000689271 0 0)
(0.000718442 0 0)
(0.000747604 0 0)
(0.000776759 0 0)
(0.000805911 0 0)
(0.000835061 0 0)
(0.000864213 0 0)
(0.000893369 0 0)
(0.000922531 0 0)
(0.000951702 0 0)
(0.000980885 0 0)
(0.00101008 0 0)
(0.00103929 0 0)
(0.00106852 0 0)
(0.00109777 0 0)
(0.00112705 0 0)
(0.00115635 0 0)
(0.00118567 0 0)
(0.00121503 0 0)
(0.00124442 0 0)
(0.00127384 0 0)
(0.0013033 0 0)
(0.00133279 0 0)
(0.00136233 0 0)
(0.00139191 0 0)
(0.00142154 0 0)
(0.00145121 0 0)
(0.00148094 0 0)
(0.00151071 0 0)
(0.00154055 0 0)
(0.00157043 0 0)
(0.00160038 0 0)
(0.0016304 0 0)
(0.00166048 0 0)
(0.00169062 0 0)
(0.00172084 0 0)
(0.00175114 0 0)
(0.00178151 0 0)
(0.00181196 0 0)
(0.0018425 0 0)
(0.00187312 0 0)
(0.00190384 0 0)
(0.00193465 0 0)
(0.00196556 0 0)
(0.00199658 0 0)
(0.00202771 0 0)
(0.00205895 0 0)
(0.00209031 0 0)
(0.0021218 0 0)
(0.00215342 0 0)
(0.00218518 0 0)
(0.00221708 0 0)
(0.00224914 0 0)
(0.00228136 0 0)
(0.00231374 0 0)
(0.00234631 0 0)
(0.00237908 0 0)
(0.00241204 0 0)
(0.00244523 0 0)
(0.00247865 0 0)
(0.00251231 0 0)
(0.00254625 0 0)
(0.00258047 0 0)
(0.002615 0 0)
(0.00264988 0 0)
(0.00268512 0 0)
(0.00272077 0 0)
(0.00275686 0 0)
(0.00279345 0 0)
(0.00283057 0 0)
(0.00286831 0 0)
(0.00290674 0 0)
(0.00294593 0 0)
(0.00298602 0 0)
(0.00302711 0 0)
(0.00306938 0 0)
(0.00311302 0 0)
)
;

boundaryField
{
    inlet
    {
        type            fixedValue;
        value           uniform (0 0 0);
    }
    outlet
    {
        type            zeroGradient;
    }
    yzfaces
    {
        type            empty;
    }
}


// ************************************************************************* //
