/*--------------------------------*- C++ -*----------------------------------*\
  =========                 |
  \\      /  F ield         | OpenFOAM: The Open Source CFD Toolbox
   \\    /   O peration     | Website:  https://openfoam.org
    \\  /    A nd           | Version:  10
     \\/     M anipulation  |
\*---------------------------------------------------------------------------*/
FoamFile
{
    format      ascii;
    class       volVectorField;
    location    "0.865";
    object      Ua;
}
// * * * * * * * * * * * * * * * * * * * * * * * * * * * * * * * * * * * * * //

dimensions      [0 1 -1 0 0 0 0];

internalField   nonuniform List<vector> 
100
(
(0.00711695 0 0)
(0.0142094 0 0)
(0.0141603 0 0)
(0.0141107 0 0)
(0.0140612 0 0)
(0.0140116 0 0)
(0.0139622 0 0)
(0.0139128 0 0)
(0.0138636 0 0)
(0.0138144 0 0)
(0.0137653 0 0)
(0.0137163 0 0)
(0.0136673 0 0)
(0.0136184 0 0)
(0.0135695 0 0)
(0.0135206 0 0)
(0.0134717 0 0)
(0.0134228 0 0)
(0.0133738 0 0)
(0.0133248 0 0)
(0.0132758 0 0)
(0.0132267 0 0)
(0.0131775 0 0)
(0.0131283 0 0)
(0.0130789 0 0)
(0.0130294 0 0)
(0.0129798 0 0)
(0.0129301 0 0)
(0.0128803 0 0)
(0.0128302 0 0)
(0.01278 0 0)
(0.0127297 0 0)
(0.0126791 0 0)
(0.0126283 0 0)
(0.0125773 0 0)
(0.012526 0 0)
(0.0124745 0 0)
(0.0124227 0 0)
(0.0123705 0 0)
(0.0123181 0 0)
(0.0122652 0 0)
(0.012212 0 0)
(0.0121584 0 0)
(0.0121043 0 0)
(0.0120497 0 0)
(0.0119945 0 0)
(0.0119388 0 0)
(0.0118823 0 0)
(0.0118251 0 0)
(0.0117671 0 0)
(0.0117081 0 0)
(0.0116481 0 0)
(0.0115868 0 0)
(0.011524 0 0)
(0.0114597 0 0)
(0.0113933 0 0)
(0.0113245 0 0)
(0.0112529 0 0)
(0.0111776 0 0)
(0.0110979 0 0)
(0.0110123 0 0)
(0.0109189 0 0)
(0.0108148 0 0)
(0.0106956 0 0)
(0.0105535 0 0)
(0.0103749 0 0)
(0.0101322 0 0)
(0.0097614 0 0)
(0.00907379 0 0)
(0.00727131 0 0)
(0.00310752 0 0)
(0.000143709 0 0)
(1.21458e-10 0 0)
(0 0 0)
(0 0 0)
(0 0 0)
(0 0 0)
(0 0 0)
(0 0 0)
(0 0 0)
(0 0 0)
(0 0 0)
(0 0 0)
(0 0 0)
(0 0 0)
(0 0 0)
(0 0 0)
(0 0 0)
(0 0 0)
(0 0 0)
(0 0 0)
(0 0 0)
(0 0 0)
(0 0 0)
(0 0 0)
(0 0 0)
(0 0 0)
(0 0 0)
(0 0 0)
(0 0 0)
)
;

boundaryField
{
    inlet
    {
        type            fixedValue;
        value           uniform (0 0 0);
    }
    outlet
    {
        type            zeroGradient;
    }
    yzfaces
    {
        type            empty;
    }
}


// ************************************************************************* //
