/*--------------------------------*- C++ -*----------------------------------*\
  =========                 |
  \\      /  F ield         | OpenFOAM: The Open Source CFD Toolbox
   \\    /   O peration     | Website:  https://openfoam.org
    \\  /    A nd           | Version:  10
     \\/     M anipulation  |
\*---------------------------------------------------------------------------*/
FoamFile
{
    format      ascii;
    class       volVectorField;
    location    "0.865";
    object      Ub;
}
// * * * * * * * * * * * * * * * * * * * * * * * * * * * * * * * * * * * * * //

dimensions      [0 1 -1 0 0 0 0];

internalField   nonuniform List<vector> 
100
(
(2.34401e-05 0 0)
(7.13342e-05 0 0)
(0.000120517 0 0)
(0.00017004 0 0)
(0.000219619 0 0)
(0.000269151 0 0)
(0.000318595 0 0)
(0.00036794 0 0)
(0.000417189 0 0)
(0.000466351 0 0)
(0.000515436 0 0)
(0.000564459 0 0)
(0.000613431 0 0)
(0.000662367 0 0)
(0.00071128 0 0)
(0.000760183 0 0)
(0.000809088 0 0)
(0.000858009 0 0)
(0.000906957 0 0)
(0.000955945 0 0)
(0.00100498 0 0)
(0.00105408 0 0)
(0.00110326 0 0)
(0.00115252 0 0)
(0.00120188 0 0)
(0.00125134 0 0)
(0.00130093 0 0)
(0.00135065 0 0)
(0.00140051 0 0)
(0.00145053 0 0)
(0.00150073 0 0)
(0.0015511 0 0)
(0.00160168 0 0)
(0.00165247 0 0)
(0.00170349 0 0)
(0.00175476 0 0)
(0.00180629 0 0)
(0.00185811 0 0)
(0.00191024 0 0)
(0.00196271 0 0)
(0.00201554 0 0)
(0.00206875 0 0)
(0.00212239 0 0)
(0.00217649 0 0)
(0.00223109 0 0)
(0.00228625 0 0)
(0.00234202 0 0)
(0.00239846 0 0)
(0.00245565 0 0)
(0.00251368 0 0)
(0.00257266 0 0)
(0.00263271 0 0)
(0.002694 0 0)
(0.00275673 0 0)
(0.00282112 0 0)
(0.0028875 0 0)
(0.00295625 0 0)
(0.0030279 0 0)
(0.00310313 0 0)
(0.00318289 0 0)
(0.0032685 0 0)
(0.00336189 0 0)
(0.00346594 0 0)
(0.0035852 0 0)
(0.00372727 0 0)
(0.0039059 0 0)
(0.00414858 0 0)
(0.00451937 0 0)
(0.00520698 0 0)
(0.00700947 0 0)
(0.0111733 0 0)
(0.0141371 0 0)
(0.0142808 0 0)
(0.0142808 0 0)
(0.0142808 0 0)
(0.0142808 0 0)
(0.0142808 0 0)
(0.0142808 0 0)
(0.0142808 0 0)
(0.0142808 0 0)
(0.0142808 0 0)
(0.0142808 0 0)
(0.0142808 0 0)
(0.0142808 0 0)
(0.0142808 0 0)
(0.0142808 0 0)
(0.0142808 0 0)
(0.0142808 0 0)
(0.0142808 0 0)
(0.0142808 0 0)
(0.0142808 0 0)
(0.0142808 0 0)
(0.0142808 0 0)
(0.0142808 0 0)
(0.0142808 0 0)
(0.0142808 0 0)
(0.0142808 0 0)
(0.0142808 0 0)
(0.0142808 0 0)
(0.0142808 0 0)
)
;

boundaryField
{
    inlet
    {
        type            fixedValue;
        value           uniform (0 0 0);
    }
    outlet
    {
        type            zeroGradient;
    }
    yzfaces
    {
        type            empty;
    }
}


// ************************************************************************* //
