/*--------------------------------*- C++ -*----------------------------------*\
  =========                 |
  \\      /  F ield         | OpenFOAM: The Open Source CFD Toolbox
   \\    /   O peration     | Website:  https://openfoam.org
    \\  /    A nd           | Version:  10
     \\/     M anipulation  |
\*---------------------------------------------------------------------------*/
FoamFile
{
    format      ascii;
    class       volVectorField;
    location    "0.505";
    object      Ua;
}
// * * * * * * * * * * * * * * * * * * * * * * * * * * * * * * * * * * * * * //

dimensions      [0 1 -1 0 0 0 0];

internalField   nonuniform List<vector> 
100
(
(0.00710021 0 0)
(0.0141582 0 0)
(0.0140735 0 0)
(0.0139888 0 0)
(0.0139042 0 0)
(0.0138197 0 0)
(0.0137354 0 0)
(0.0136512 0 0)
(0.0135669 0 0)
(0.0134826 0 0)
(0.0133982 0 0)
(0.0133136 0 0)
(0.0132287 0 0)
(0.0131436 0 0)
(0.013058 0 0)
(0.0129721 0 0)
(0.0128856 0 0)
(0.0127985 0 0)
(0.0127107 0 0)
(0.0126222 0 0)
(0.0125328 0 0)
(0.0124425 0 0)
(0.012351 0 0)
(0.0122582 0 0)
(0.0121639 0 0)
(0.0120679 0 0)
(0.01197 0 0)
(0.0118696 0 0)
(0.0117664 0 0)
(0.0116598 0 0)
(0.0115488 0 0)
(0.0114325 0 0)
(0.011309 0 0)
(0.0111761 0 0)
(0.0110299 0 0)
(0.0108646 0 0)
(0.0106694 0 0)
(0.0104242 0 0)
(0.0100853 0 0)
(0.00953762 0 0)
(0.00836766 0 0)
(0.0048705 0 0)
(0.00109844 0 0)
(4.25879e-07 0 0)
(0 0 0)
(0 0 0)
(0 0 0)
(0 0 0)
(0 0 0)
(0 0 0)
(0 0 0)
(0 0 0)
(0 0 0)
(0 0 0)
(0 0 0)
(0 0 0)
(0 0 0)
(0 0 0)
(0 0 0)
(0 0 0)
(0 0 0)
(0 0 0)
(0 0 0)
(0 0 0)
(0 0 0)
(0 0 0)
(0 0 0)
(0 0 0)
(0 0 0)
(0 0 0)
(0 0 0)
(0 0 0)
(0 0 0)
(0 0 0)
(0 0 0)
(0 0 0)
(0 0 0)
(0 0 0)
(0 0 0)
(0 0 0)
(0 0 0)
(0 0 0)
(0 0 0)
(0 0 0)
(0 0 0)
(0 0 0)
(0 0 0)
(0 0 0)
(0 0 0)
(0 0 0)
(0 0 0)
(0 0 0)
(0 0 0)
(0 0 0)
(0 0 0)
(0 0 0)
(0 0 0)
(0 0 0)
(0 0 0)
(0 0 0)
)
;

boundaryField
{
    inlet
    {
        type            fixedValue;
        value           uniform (0 0 0);
    }
    outlet
    {
        type            zeroGradient;
    }
    yzfaces
    {
        type            empty;
    }
}


// ************************************************************************* //
