/*--------------------------------*- C++ -*----------------------------------*\
  =========                 |
  \\      /  F ield         | OpenFOAM: The Open Source CFD Toolbox
   \\    /   O peration     | Website:  https://openfoam.org
    \\  /    A nd           | Version:  10
     \\/     M anipulation  |
\*---------------------------------------------------------------------------*/
FoamFile
{
    format      ascii;
    class       volVectorField;
    location    "0.065";
    object      Ub;
}
// * * * * * * * * * * * * * * * * * * * * * * * * * * * * * * * * * * * * * //

dimensions      [0 1 -1 0 0 0 0];

internalField   nonuniform List<vector> 
100
(
(0.000336484 0 0)
(0.00102922 0 0)
(0.00178453 0 0)
(0.00267727 0 0)
(0.00392198 0 0)
(0.00645784 0 0)
(0.0111819 0 0)
(0.0142033 0 0)
(0.0142853 0 0)
(0.0142853 0 0)
(0.0142853 0 0)
(0.0142853 0 0)
(0.0142853 0 0)
(0.0142853 0 0)
(0.0142853 0 0)
(0.0142853 0 0)
(0.0142853 0 0)
(0.0142853 0 0)
(0.0142853 0 0)
(0.0142853 0 0)
(0.0142853 0 0)
(0.0142853 0 0)
(0.0142853 0 0)
(0.0142853 0 0)
(0.0142853 0 0)
(0.0142853 0 0)
(0.0142853 0 0)
(0.0142853 0 0)
(0.0142853 0 0)
(0.0142853 0 0)
(0.0142853 0 0)
(0.0142853 0 0)
(0.0142853 0 0)
(0.0142853 0 0)
(0.0142853 0 0)
(0.0142853 0 0)
(0.0142853 0 0)
(0.0142853 0 0)
(0.0142853 0 0)
(0.0142853 0 0)
(0.0142853 0 0)
(0.0142853 0 0)
(0.0142853 0 0)
(0.0142853 0 0)
(0.0142853 0 0)
(0.0142853 0 0)
(0.0142853 0 0)
(0.0142853 0 0)
(0.0142853 0 0)
(0.0142853 0 0)
(0.0142853 0 0)
(0.0142853 0 0)
(0.0142853 0 0)
(0.0142853 0 0)
(0.0142853 0 0)
(0.0142853 0 0)
(0.0142853 0 0)
(0.0142853 0 0)
(0.0142853 0 0)
(0.0142853 0 0)
(0.0142853 0 0)
(0.0142853 0 0)
(0.0142853 0 0)
(0.0142853 0 0)
(0.0142853 0 0)
(0.0142853 0 0)
(0.0142853 0 0)
(0.0142853 0 0)
(0.0142853 0 0)
(0.0142853 0 0)
(0.0142853 0 0)
(0.0142853 0 0)
(0.0142853 0 0)
(0.0142853 0 0)
(0.0142853 0 0)
(0.0142853 0 0)
(0.0142853 0 0)
(0.0142853 0 0)
(0.0142853 0 0)
(0.0142853 0 0)
(0.0142853 0 0)
(0.0142853 0 0)
(0.0142853 0 0)
(0.0142853 0 0)
(0.0142853 0 0)
(0.0142853 0 0)
(0.0142853 0 0)
(0.0142853 0 0)
(0.0142853 0 0)
(0.0142853 0 0)
(0.0142853 0 0)
(0.0142853 0 0)
(0.0142853 0 0)
(0.0142853 0 0)
(0.0142853 0 0)
(0.0142853 0 0)
(0.0142853 0 0)
(0.0142853 0 0)
(0.0142853 0 0)
(0.0142853 0 0)
)
;

boundaryField
{
    inlet
    {
        type            fixedValue;
        value           uniform (0 0 0);
    }
    outlet
    {
        type            zeroGradient;
    }
    yzfaces
    {
        type            empty;
    }
}


// ************************************************************************* //
