/*--------------------------------*- C++ -*----------------------------------*\
  =========                 |
  \\      /  F ield         | OpenFOAM: The Open Source CFD Toolbox
   \\    /   O peration     | Website:  https://openfoam.org
    \\  /    A nd           | Version:  10
     \\/     M anipulation  |
\*---------------------------------------------------------------------------*/
FoamFile
{
    format      ascii;
    class       volVectorField;
    location    "1.375";
    object      Ua;
}
// * * * * * * * * * * * * * * * * * * * * * * * * * * * * * * * * * * * * * //

dimensions      [0 1 -1 0 0 0 0];

internalField   nonuniform List<vector> 
100
(
(0.00712466 0 0)
(0.0142342 0 0)
(0.0142036 0 0)
(0.0141726 0 0)
(0.0141414 0 0)
(0.0141101 0 0)
(0.0140789 0 0)
(0.0140476 0 0)
(0.0140164 0 0)
(0.0139853 0 0)
(0.0139542 0 0)
(0.0139232 0 0)
(0.0138922 0 0)
(0.0138612 0 0)
(0.0138303 0 0)
(0.0137995 0 0)
(0.0137686 0 0)
(0.0137378 0 0)
(0.0137071 0 0)
(0.0136764 0 0)
(0.0136456 0 0)
(0.013615 0 0)
(0.0135843 0 0)
(0.0135536 0 0)
(0.013523 0 0)
(0.0134923 0 0)
(0.0134617 0 0)
(0.013431 0 0)
(0.0134004 0 0)
(0.0133697 0 0)
(0.0133391 0 0)
(0.0133084 0 0)
(0.0132777 0 0)
(0.013247 0 0)
(0.0132162 0 0)
(0.0131855 0 0)
(0.0131547 0 0)
(0.0131239 0 0)
(0.0130931 0 0)
(0.0130622 0 0)
(0.0130313 0 0)
(0.0130004 0 0)
(0.0129694 0 0)
(0.0129384 0 0)
(0.0129073 0 0)
(0.0128762 0 0)
(0.012845 0 0)
(0.0128137 0 0)
(0.0127825 0 0)
(0.0127511 0 0)
(0.0127197 0 0)
(0.0126882 0 0)
(0.0126567 0 0)
(0.012625 0 0)
(0.0125934 0 0)
(0.0125616 0 0)
(0.0125297 0 0)
(0.0124978 0 0)
(0.0124657 0 0)
(0.0124336 0 0)
(0.0124014 0 0)
(0.012369 0 0)
(0.0123366 0 0)
(0.012304 0 0)
(0.0122713 0 0)
(0.0122385 0 0)
(0.0122056 0 0)
(0.0121725 0 0)
(0.0121393 0 0)
(0.0121059 0 0)
(0.0120724 0 0)
(0.0120387 0 0)
(0.0120048 0 0)
(0.0119707 0 0)
(0.0119365 0 0)
(0.011902 0 0)
(0.0118673 0 0)
(0.0118323 0 0)
(0.0117971 0 0)
(0.0117616 0 0)
(0.0117257 0 0)
(0.0116896 0 0)
(0.0116531 0 0)
(0.0116162 0 0)
(0.0115789 0 0)
(0.0115411 0 0)
(0.0115027 0 0)
(0.0114638 0 0)
(0.0114243 0 0)
(0.011384 0 0)
(0.0113428 0 0)
(0.0113007 0 0)
(0.0112576 0 0)
(0.0112131 0 0)
(0.0111671 0 0)
(0.0111194 0 0)
(0.0110695 0 0)
(0.0110169 0 0)
(0.0109612 0 0)
(0.0109013 0 0)
)
;

boundaryField
{
    inlet
    {
        type            fixedValue;
        value           uniform (0 0 0);
    }
    outlet
    {
        type            zeroGradient;
    }
    yzfaces
    {
        type            empty;
    }
}


// ************************************************************************* //
