/*--------------------------------*- C++ -*----------------------------------*\
  =========                 |
  \\      /  F ield         | OpenFOAM: The Open Source CFD Toolbox
   \\    /   O peration     | Website:  https://openfoam.org
    \\  /    A nd           | Version:  10
     \\/     M anipulation  |
\*---------------------------------------------------------------------------*/
FoamFile
{
    format      ascii;
    class       volVectorField;
    location    "1.375";
    object      Ub;
}
// * * * * * * * * * * * * * * * * * * * * * * * * * * * * * * * * * * * * * //

dimensions      [0 1 -1 0 0 0 0];

internalField   nonuniform List<vector> 
100
(
(1.42739e-05 0 0)
(4.36899e-05 0 0)
(7.428e-05 0 0)
(0.000105301 0 0)
(0.000136495 0 0)
(0.000167749 0 0)
(0.000199006 0 0)
(0.000230237 0 0)
(0.000261428 0 0)
(0.000292571 0 0)
(0.000323663 0 0)
(0.000354704 0 0)
(0.000385696 0 0)
(0.00041664 0 0)
(0.00044754 0 0)
(0.0004784 0 0)
(0.000509222 0 0)
(0.000540011 0 0)
(0.00057077 0 0)
(0.000601503 0 0)
(0.000632214 0 0)
(0.000662905 0 0)
(0.00069358 0 0)
(0.000724243 0 0)
(0.000754898 0 0)
(0.000785546 0 0)
(0.000816191 0 0)
(0.000846837 0 0)
(0.000877486 0 0)
(0.000908142 0 0)
(0.000938806 0 0)
(0.000969482 0 0)
(0.00100017 0 0)
(0.00103088 0 0)
(0.00106161 0 0)
(0.00109236 0 0)
(0.00112314 0 0)
(0.00115394 0 0)
(0.00118478 0 0)
(0.00121565 0 0)
(0.00124655 0 0)
(0.00127749 0 0)
(0.00130848 0 0)
(0.00133951 0 0)
(0.00137058 0 0)
(0.00140171 0 0)
(0.00143288 0 0)
(0.00146411 0 0)
(0.0014954 0 0)
(0.00152675 0 0)
(0.00155816 0 0)
(0.00158964 0 0)
(0.00162119 0 0)
(0.00165281 0 0)
(0.00168451 0 0)
(0.00171629 0 0)
(0.00174815 0 0)
(0.00178009 0 0)
(0.00181213 0 0)
(0.00184427 0 0)
(0.0018765 0 0)
(0.00190884 0 0)
(0.00194128 0 0)
(0.00197385 0 0)
(0.00200652 0 0)
(0.00203933 0 0)
(0.00207226 0 0)
(0.00210534 0 0)
(0.00213856 0 0)
(0.00217193 0 0)
(0.00220546 0 0)
(0.00223916 0 0)
(0.00227304 0 0)
(0.00230711 0 0)
(0.00234139 0 0)
(0.00237588 0 0)
(0.00241059 0 0)
(0.00244556 0 0)
(0.00248079 0 0)
(0.0025163 0 0)
(0.00255211 0 0)
(0.00258826 0 0)
(0.00262476 0 0)
(0.00266166 0 0)
(0.00269899 0 0)
(0.00273679 0 0)
(0.00277512 0 0)
(0.00281403 0 0)
(0.00285359 0 0)
(0.00289389 0 0)
(0.00293502 0 0)
(0.00297711 0 0)
(0.0030203 0 0)
(0.00306477 0 0)
(0.00311074 0 0)
(0.0031585 0 0)
(0.0032084 0 0)
(0.00326092 0 0)
(0.00331669 0 0)
(0.00337655 0 0)
)
;

boundaryField
{
    inlet
    {
        type            fixedValue;
        value           uniform (0 0 0);
    }
    outlet
    {
        type            zeroGradient;
    }
    yzfaces
    {
        type            empty;
    }
}


// ************************************************************************* //
