/*--------------------------------*- C++ -*----------------------------------*\
  =========                 |
  \\      /  F ield         | OpenFOAM: The Open Source CFD Toolbox
   \\    /   O peration     | Website:  https://openfoam.org
    \\  /    A nd           | Version:  10
     \\/     M anipulation  |
\*---------------------------------------------------------------------------*/
FoamFile
{
    format      ascii;
    class       volVectorField;
    location    "1.015";
    object      Ua;
}
// * * * * * * * * * * * * * * * * * * * * * * * * * * * * * * * * * * * * * //

dimensions      [0 1 -1 0 0 0 0];

internalField   nonuniform List<vector> 
100
(
(0.00712018 0 0)
(0.0142196 0 0)
(0.0141778 0 0)
(0.0141357 0 0)
(0.0140934 0 0)
(0.0140511 0 0)
(0.0140089 0 0)
(0.0139667 0 0)
(0.0139247 0 0)
(0.0138827 0 0)
(0.0138408 0 0)
(0.0137989 0 0)
(0.0137571 0 0)
(0.0137154 0 0)
(0.0136737 0 0)
(0.013632 0 0)
(0.0135904 0 0)
(0.0135488 0 0)
(0.0135072 0 0)
(0.0134655 0 0)
(0.0134239 0 0)
(0.0133823 0 0)
(0.0133406 0 0)
(0.0132989 0 0)
(0.0132572 0 0)
(0.0132154 0 0)
(0.0131736 0 0)
(0.0131317 0 0)
(0.0130898 0 0)
(0.0130478 0 0)
(0.0130057 0 0)
(0.0129635 0 0)
(0.0129212 0 0)
(0.0128789 0 0)
(0.0128364 0 0)
(0.0127938 0 0)
(0.0127511 0 0)
(0.0127083 0 0)
(0.0126653 0 0)
(0.0126221 0 0)
(0.0125789 0 0)
(0.0125354 0 0)
(0.0124918 0 0)
(0.0124479 0 0)
(0.0124039 0 0)
(0.0123597 0 0)
(0.0123152 0 0)
(0.0122705 0 0)
(0.0122255 0 0)
(0.0121802 0 0)
(0.0121347 0 0)
(0.0120888 0 0)
(0.0120426 0 0)
(0.0119959 0 0)
(0.0119489 0 0)
(0.0119015 0 0)
(0.0118535 0 0)
(0.011805 0 0)
(0.0117559 0 0)
(0.0117062 0 0)
(0.0116557 0 0)
(0.0116044 0 0)
(0.0115522 0 0)
(0.0114989 0 0)
(0.0114444 0 0)
(0.0113885 0 0)
(0.0113309 0 0)
(0.0112713 0 0)
(0.0112093 0 0)
(0.0111444 0 0)
(0.0110758 0 0)
(0.0110026 0 0)
(0.0109233 0 0)
(0.0108361 0 0)
(0.0107377 0 0)
(0.0106235 0 0)
(0.0104851 0 0)
(0.0103079 0 0)
(0.0100615 0 0)
(0.00967382 0 0)
(0.0089246 0 0)
(0.00684438 0 0)
(0.00269498 0 0)
(5.9302e-05 0 0)
(4.66004e-12 0 0)
(0 0 0)
(0 0 0)
(0 0 0)
(0 0 0)
(0 0 0)
(0 0 0)
(0 0 0)
(0 0 0)
(0 0 0)
(0 0 0)
(0 0 0)
(0 0 0)
(0 0 0)
(0 0 0)
(0 0 0)
)
;

boundaryField
{
    inlet
    {
        type            fixedValue;
        value           uniform (0 0 0);
    }
    outlet
    {
        type            zeroGradient;
    }
    yzfaces
    {
        type            empty;
    }
}


// ************************************************************************* //
