/*--------------------------------*- C++ -*----------------------------------*\
  =========                 |
  \\      /  F ield         | OpenFOAM: The Open Source CFD Toolbox
   \\    /   O peration     | Website:  https://openfoam.org
    \\  /    A nd           | Version:  10
     \\/     M anipulation  |
\*---------------------------------------------------------------------------*/
FoamFile
{
    format      ascii;
    class       volVectorField;
    location    "0.085";
    object      Ub;
}
// * * * * * * * * * * * * * * * * * * * * * * * * * * * * * * * * * * * * * //

dimensions      [0 1 -1 0 0 0 0];

internalField   nonuniform List<vector> 
100
(
(0.000254863 0 0)
(0.000772391 0 0)
(0.00131323 0 0)
(0.00189834 0 0)
(0.00256792 0 0)
(0.0034191 0 0)
(0.00477633 0 0)
(0.00812831 0 0)
(0.0124444 0 0)
(0.0142812 0 0)
(0.0142852 0 0)
(0.0142852 0 0)
(0.0142852 0 0)
(0.0142852 0 0)
(0.0142852 0 0)
(0.0142852 0 0)
(0.0142852 0 0)
(0.0142852 0 0)
(0.0142852 0 0)
(0.0142852 0 0)
(0.0142852 0 0)
(0.0142852 0 0)
(0.0142852 0 0)
(0.0142852 0 0)
(0.0142852 0 0)
(0.0142852 0 0)
(0.0142852 0 0)
(0.0142852 0 0)
(0.0142852 0 0)
(0.0142852 0 0)
(0.0142852 0 0)
(0.0142852 0 0)
(0.0142852 0 0)
(0.0142852 0 0)
(0.0142852 0 0)
(0.0142852 0 0)
(0.0142852 0 0)
(0.0142852 0 0)
(0.0142852 0 0)
(0.0142852 0 0)
(0.0142852 0 0)
(0.0142852 0 0)
(0.0142852 0 0)
(0.0142852 0 0)
(0.0142852 0 0)
(0.0142852 0 0)
(0.0142852 0 0)
(0.0142852 0 0)
(0.0142852 0 0)
(0.0142852 0 0)
(0.0142852 0 0)
(0.0142852 0 0)
(0.0142852 0 0)
(0.0142852 0 0)
(0.0142852 0 0)
(0.0142852 0 0)
(0.0142852 0 0)
(0.0142852 0 0)
(0.0142852 0 0)
(0.0142852 0 0)
(0.0142852 0 0)
(0.0142852 0 0)
(0.0142852 0 0)
(0.0142852 0 0)
(0.0142852 0 0)
(0.0142852 0 0)
(0.0142852 0 0)
(0.0142852 0 0)
(0.0142852 0 0)
(0.0142852 0 0)
(0.0142852 0 0)
(0.0142852 0 0)
(0.0142852 0 0)
(0.0142852 0 0)
(0.0142852 0 0)
(0.0142852 0 0)
(0.0142852 0 0)
(0.0142852 0 0)
(0.0142852 0 0)
(0.0142852 0 0)
(0.0142852 0 0)
(0.0142852 0 0)
(0.0142852 0 0)
(0.0142852 0 0)
(0.0142852 0 0)
(0.0142852 0 0)
(0.0142852 0 0)
(0.0142852 0 0)
(0.0142852 0 0)
(0.0142852 0 0)
(0.0142852 0 0)
(0.0142852 0 0)
(0.0142852 0 0)
(0.0142852 0 0)
(0.0142852 0 0)
(0.0142852 0 0)
(0.0142852 0 0)
(0.0142852 0 0)
(0.0142852 0 0)
(0.0142852 0 0)
)
;

boundaryField
{
    inlet
    {
        type            fixedValue;
        value           uniform (0 0 0);
    }
    outlet
    {
        type            zeroGradient;
    }
    yzfaces
    {
        type            empty;
    }
}


// ************************************************************************* //
