/*--------------------------------*- C++ -*----------------------------------*\
  =========                 |
  \\      /  F ield         | OpenFOAM: The Open Source CFD Toolbox
   \\    /   O peration     | Website:  https://openfoam.org
    \\  /    A nd           | Version:  10
     \\/     M anipulation  |
\*---------------------------------------------------------------------------*/
FoamFile
{
    format      ascii;
    class       volVectorField;
    location    "0.21";
    object      Ub;
}
// * * * * * * * * * * * * * * * * * * * * * * * * * * * * * * * * * * * * * //

dimensions      [0 1 -1 0 0 0 0];

internalField   nonuniform List<vector> 
100
(
(0.00010134 0 0)
(0.000304838 0 0)
(0.000509401 0 0)
(0.000714766 0 0)
(0.000921689 0 0)
(0.00113113 0 0)
(0.00134418 0 0)
(0.00156215 0 0)
(0.00178673 0 0)
(0.00202018 0 0)
(0.00226581 0 0)
(0.0025287 0 0)
(0.00281733 0 0)
(0.00314715 0 0)
(0.00354979 0 0)
(0.0041016 0 0)
(0.00504141 0 0)
(0.00744388 0 0)
(0.0117227 0 0)
(0.0142482 0 0)
(0.0142845 0 0)
(0.0142845 0 0)
(0.0142845 0 0)
(0.0142845 0 0)
(0.0142845 0 0)
(0.0142845 0 0)
(0.0142845 0 0)
(0.0142845 0 0)
(0.0142845 0 0)
(0.0142845 0 0)
(0.0142845 0 0)
(0.0142845 0 0)
(0.0142845 0 0)
(0.0142845 0 0)
(0.0142845 0 0)
(0.0142845 0 0)
(0.0142845 0 0)
(0.0142845 0 0)
(0.0142845 0 0)
(0.0142845 0 0)
(0.0142845 0 0)
(0.0142845 0 0)
(0.0142845 0 0)
(0.0142845 0 0)
(0.0142845 0 0)
(0.0142845 0 0)
(0.0142845 0 0)
(0.0142845 0 0)
(0.0142845 0 0)
(0.0142845 0 0)
(0.0142845 0 0)
(0.0142845 0 0)
(0.0142845 0 0)
(0.0142845 0 0)
(0.0142845 0 0)
(0.0142845 0 0)
(0.0142845 0 0)
(0.0142845 0 0)
(0.0142845 0 0)
(0.0142845 0 0)
(0.0142845 0 0)
(0.0142845 0 0)
(0.0142845 0 0)
(0.0142845 0 0)
(0.0142845 0 0)
(0.0142845 0 0)
(0.0142845 0 0)
(0.0142845 0 0)
(0.0142845 0 0)
(0.0142845 0 0)
(0.0142845 0 0)
(0.0142845 0 0)
(0.0142845 0 0)
(0.0142845 0 0)
(0.0142845 0 0)
(0.0142845 0 0)
(0.0142845 0 0)
(0.0142845 0 0)
(0.0142845 0 0)
(0.0142845 0 0)
(0.0142845 0 0)
(0.0142845 0 0)
(0.0142845 0 0)
(0.0142845 0 0)
(0.0142845 0 0)
(0.0142845 0 0)
(0.0142845 0 0)
(0.0142845 0 0)
(0.0142845 0 0)
(0.0142845 0 0)
(0.0142845 0 0)
(0.0142845 0 0)
(0.0142845 0 0)
(0.0142845 0 0)
(0.0142845 0 0)
(0.0142845 0 0)
(0.0142845 0 0)
(0.0142845 0 0)
(0.0142845 0 0)
(0.0142845 0 0)
)
;

boundaryField
{
    inlet
    {
        type            fixedValue;
        value           uniform (0 0 0);
    }
    outlet
    {
        type            zeroGradient;
    }
    yzfaces
    {
        type            empty;
    }
}


// ************************************************************************* //
