/*--------------------------------*- C++ -*----------------------------------*\
  =========                 |
  \\      /  F ield         | OpenFOAM: The Open Source CFD Toolbox
   \\    /   O peration     | Website:  https://openfoam.org
    \\  /    A nd           | Version:  10
     \\/     M anipulation  |
\*---------------------------------------------------------------------------*/
FoamFile
{
    format      ascii;
    class       volVectorField;
    location    "1.02";
    object      Ub;
}
// * * * * * * * * * * * * * * * * * * * * * * * * * * * * * * * * * * * * * //

dimensions      [0 1 -1 0 0 0 0];

internalField   nonuniform List<vector> 
100
(
(1.96726e-05 0 0)
(5.99879e-05 0 0)
(0.000101567 0 0)
(0.000143532 0 0)
(0.000185605 0 0)
(0.000227672 0 0)
(0.000269686 0 0)
(0.000311627 0 0)
(0.000353489 0 0)
(0.000395273 0 0)
(0.000436984 0 0)
(0.000478628 0 0)
(0.000520214 0 0)
(0.00056175 0 0)
(0.000603245 0 0)
(0.000644706 0 0)
(0.000686143 0 0)
(0.000727562 0 0)
(0.000768973 0 0)
(0.000810383 0 0)
(0.0008518 0 0)
(0.00089323 0 0)
(0.000934682 0 0)
(0.000976162 0 0)
(0.00101768 0 0)
(0.00105923 0 0)
(0.00110084 0 0)
(0.0011425 0 0)
(0.00118422 0 0)
(0.00122602 0 0)
(0.00126789 0 0)
(0.00130984 0 0)
(0.00135188 0 0)
(0.00139402 0 0)
(0.00143626 0 0)
(0.00147862 0 0)
(0.0015211 0 0)
(0.0015637 0 0)
(0.00160644 0 0)
(0.00164933 0 0)
(0.00169237 0 0)
(0.00173557 0 0)
(0.00177895 0 0)
(0.00182251 0 0)
(0.00186627 0 0)
(0.00191024 0 0)
(0.00195444 0 0)
(0.00199887 0 0)
(0.00204356 0 0)
(0.00208852 0 0)
(0.00213377 0 0)
(0.00217933 0 0)
(0.00222524 0 0)
(0.0022715 0 0)
(0.00231817 0 0)
(0.00236526 0 0)
(0.00241282 0 0)
(0.0024609 0 0)
(0.00250954 0 0)
(0.00255882 0 0)
(0.00260879 0 0)
(0.00265955 0 0)
(0.00271119 0 0)
(0.00276384 0 0)
(0.00281765 0 0)
(0.0028728 0 0)
(0.00292951 0 0)
(0.00298808 0 0)
(0.00304887 0 0)
(0.00311236 0 0)
(0.00317919 0 0)
(0.00325022 0 0)
(0.00332667 0 0)
(0.00341025 0 0)
(0.00350356 0 0)
(0.00361057 0 0)
(0.00373788 0 0)
(0.00389706 0 0)
(0.00411059 0 0)
(0.0044284 0 0)
(0.00498675 0 0)
(0.00630407 0 0)
(0.0101417 0 0)
(0.0136533 0 0)
(0.0142799 0 0)
(0.0142799 0 0)
(0.0142799 0 0)
(0.0142799 0 0)
(0.0142799 0 0)
(0.0142799 0 0)
(0.0142799 0 0)
(0.0142799 0 0)
(0.0142799 0 0)
(0.0142799 0 0)
(0.0142799 0 0)
(0.0142799 0 0)
(0.0142799 0 0)
(0.0142799 0 0)
(0.0142799 0 0)
(0.0142799 0 0)
)
;

boundaryField
{
    inlet
    {
        type            fixedValue;
        value           uniform (0 0 0);
    }
    outlet
    {
        type            zeroGradient;
    }
    yzfaces
    {
        type            empty;
    }
}


// ************************************************************************* //
