/*--------------------------------*- C++ -*----------------------------------*\
  =========                 |
  \\      /  F ield         | OpenFOAM: The Open Source CFD Toolbox
   \\    /   O peration     | Website:  https://openfoam.org
    \\  /    A nd           | Version:  10
     \\/     M anipulation  |
\*---------------------------------------------------------------------------*/
FoamFile
{
    format      ascii;
    class       volVectorField;
    location    "0.945";
    object      Ua;
}
// * * * * * * * * * * * * * * * * * * * * * * * * * * * * * * * * * * * * * //

dimensions      [0 1 -1 0 0 0 0];

internalField   nonuniform List<vector> 
100
(
(0.00711882 0 0)
(0.0142153 0 0)
(0.0141704 0 0)
(0.014125 0 0)
(0.0140796 0 0)
(0.0140343 0 0)
(0.013989 0 0)
(0.0139437 0 0)
(0.0138986 0 0)
(0.0138535 0 0)
(0.0138086 0 0)
(0.0137637 0 0)
(0.0137188 0 0)
(0.013674 0 0)
(0.0136292 0 0)
(0.0135845 0 0)
(0.0135398 0 0)
(0.013495 0 0)
(0.0134503 0 0)
(0.0134056 0 0)
(0.0133608 0 0)
(0.013316 0 0)
(0.0132711 0 0)
(0.0132263 0 0)
(0.0131813 0 0)
(0.0131363 0 0)
(0.0130912 0 0)
(0.013046 0 0)
(0.0130007 0 0)
(0.0129554 0 0)
(0.0129099 0 0)
(0.0128643 0 0)
(0.0128185 0 0)
(0.0127727 0 0)
(0.0127266 0 0)
(0.0126804 0 0)
(0.0126341 0 0)
(0.0125875 0 0)
(0.0125408 0 0)
(0.0124938 0 0)
(0.0124467 0 0)
(0.0123992 0 0)
(0.0123516 0 0)
(0.0123036 0 0)
(0.0122554 0 0)
(0.0122068 0 0)
(0.0121579 0 0)
(0.0121086 0 0)
(0.0120589 0 0)
(0.0120088 0 0)
(0.0119582 0 0)
(0.011907 0 0)
(0.0118553 0 0)
(0.011803 0 0)
(0.01175 0 0)
(0.0116961 0 0)
(0.0116414 0 0)
(0.0115857 0 0)
(0.0115288 0 0)
(0.0114705 0 0)
(0.0114107 0 0)
(0.011349 0 0)
(0.0112852 0 0)
(0.0112186 0 0)
(0.0111488 0 0)
(0.0110747 0 0)
(0.0109954 0 0)
(0.010909 0 0)
(0.0108131 0 0)
(0.0107038 0 0)
(0.0105747 0 0)
(0.0104146 0 0)
(0.0102022 0 0)
(0.00989019 0 0)
(0.00935164 0 0)
(0.00811581 0 0)
(0.00442194 0 0)
(0.000807368 0 0)
(1.10974e-07 0 0)
(0 0 0)
(0 0 0)
(0 0 0)
(0 0 0)
(0 0 0)
(0 0 0)
(0 0 0)
(0 0 0)
(0 0 0)
(0 0 0)
(0 0 0)
(0 0 0)
(0 0 0)
(0 0 0)
(0 0 0)
(0 0 0)
(0 0 0)
(0 0 0)
(0 0 0)
(0 0 0)
(0 0 0)
)
;

boundaryField
{
    inlet
    {
        type            fixedValue;
        value           uniform (0 0 0);
    }
    outlet
    {
        type            zeroGradient;
    }
    yzfaces
    {
        type            empty;
    }
}


// ************************************************************************* //
