/*--------------------------------*- C++ -*----------------------------------*\
  =========                 |
  \\      /  F ield         | OpenFOAM: The Open Source CFD Toolbox
   \\    /   O peration     | Website:  https://openfoam.org
    \\  /    A nd           | Version:  10
     \\/     M anipulation  |
\*---------------------------------------------------------------------------*/
FoamFile
{
    format      ascii;
    class       volVectorField;
    location    "0.945";
    object      Ub;
}
// * * * * * * * * * * * * * * * * * * * * * * * * * * * * * * * * * * * * * //

dimensions      [0 1 -1 0 0 0 0];

internalField   nonuniform List<vector> 
100
(
(2.13398e-05 0 0)
(6.5011e-05 0 0)
(0.00010996 0 0)
(0.000155276 0 0)
(0.000200677 0 0)
(0.000246053 0 0)
(0.000291361 0 0)
(0.000336583 0 0)
(0.000381717 0 0)
(0.000426767 0 0)
(0.000471742 0 0)
(0.00051665 0 0)
(0.000561502 0 0)
(0.000606308 0 0)
(0.000651079 0 0)
(0.000695825 0 0)
(0.000740556 0 0)
(0.000785282 0 0)
(0.000830013 0 0)
(0.000874758 0 0)
(0.000919526 0 0)
(0.000964326 0 0)
(0.00100917 0 0)
(0.00105406 0 0)
(0.00109901 0 0)
(0.00114403 0 0)
(0.00118912 0 0)
(0.0012343 0 0)
(0.00127957 0 0)
(0.00132495 0 0)
(0.00137043 0 0)
(0.00141604 0 0)
(0.00146178 0 0)
(0.00150765 0 0)
(0.00155368 0 0)
(0.00159987 0 0)
(0.00164623 0 0)
(0.00169278 0 0)
(0.00173952 0 0)
(0.00178648 0 0)
(0.00183366 0 0)
(0.00188108 0 0)
(0.00192875 0 0)
(0.00197671 0 0)
(0.00202496 0 0)
(0.00207353 0 0)
(0.00212245 0 0)
(0.00217173 0 0)
(0.00222142 0 0)
(0.00227154 0 0)
(0.00232215 0 0)
(0.00237327 0 0)
(0.00242497 0 0)
(0.00247731 0 0)
(0.00253035 0 0)
(0.00258419 0 0)
(0.00263892 0 0)
(0.00269466 0 0)
(0.00275156 0 0)
(0.00280981 0 0)
(0.00286962 0 0)
(0.00293128 0 0)
(0.00299515 0 0)
(0.0030617 0 0)
(0.00313157 0 0)
(0.00320558 0 0)
(0.00328494 0 0)
(0.00337132 0 0)
(0.00346723 0 0)
(0.00357656 0 0)
(0.00370565 0 0)
(0.00386567 0 0)
(0.00407809 0 0)
(0.00439013 0 0)
(0.00492867 0 0)
(0.00616451 0 0)
(0.00985838 0 0)
(0.0134729 0 0)
(0.0142802 0 0)
(0.0142803 0 0)
(0.0142803 0 0)
(0.0142803 0 0)
(0.0142803 0 0)
(0.0142803 0 0)
(0.0142803 0 0)
(0.0142803 0 0)
(0.0142803 0 0)
(0.0142803 0 0)
(0.0142803 0 0)
(0.0142803 0 0)
(0.0142803 0 0)
(0.0142803 0 0)
(0.0142803 0 0)
(0.0142803 0 0)
(0.0142803 0 0)
(0.0142803 0 0)
(0.0142803 0 0)
(0.0142803 0 0)
(0.0142803 0 0)
(0.0142803 0 0)
)
;

boundaryField
{
    inlet
    {
        type            fixedValue;
        value           uniform (0 0 0);
    }
    outlet
    {
        type            zeroGradient;
    }
    yzfaces
    {
        type            empty;
    }
}


// ************************************************************************* //
