/*--------------------------------*- C++ -*----------------------------------*\
  =========                 |
  \\      /  F ield         | OpenFOAM: The Open Source CFD Toolbox
   \\    /   O peration     | Website:  https://openfoam.org
    \\  /    A nd           | Version:  10
     \\/     M anipulation  |
\*---------------------------------------------------------------------------*/
FoamFile
{
    format      ascii;
    class       volVectorField;
    location    "1.325";
    object      Ua;
}
// * * * * * * * * * * * * * * * * * * * * * * * * * * * * * * * * * * * * * //

dimensions      [0 1 -1 0 0 0 0];

internalField   nonuniform List<vector> 
100
(
(0.00712422 0 0)
(0.0142327 0 0)
(0.0142009 0 0)
(0.0141687 0 0)
(0.0141363 0 0)
(0.0141039 0 0)
(0.0140715 0 0)
(0.0140391 0 0)
(0.0140067 0 0)
(0.0139744 0 0)
(0.0139422 0 0)
(0.01391 0 0)
(0.0138778 0 0)
(0.0138457 0 0)
(0.0138137 0 0)
(0.0137817 0 0)
(0.0137497 0 0)
(0.0137178 0 0)
(0.0136859 0 0)
(0.013654 0 0)
(0.0136221 0 0)
(0.0135903 0 0)
(0.0135585 0 0)
(0.0135267 0 0)
(0.0134948 0 0)
(0.013463 0 0)
(0.0134312 0 0)
(0.0133994 0 0)
(0.0133676 0 0)
(0.0133357 0 0)
(0.0133039 0 0)
(0.013272 0 0)
(0.0132402 0 0)
(0.0132082 0 0)
(0.0131763 0 0)
(0.0131444 0 0)
(0.0131124 0 0)
(0.0130803 0 0)
(0.0130483 0 0)
(0.0130162 0 0)
(0.012984 0 0)
(0.0129518 0 0)
(0.0129196 0 0)
(0.0128873 0 0)
(0.0128549 0 0)
(0.0128225 0 0)
(0.01279 0 0)
(0.0127575 0 0)
(0.0127249 0 0)
(0.0126922 0 0)
(0.0126595 0 0)
(0.0126266 0 0)
(0.0125937 0 0)
(0.0125607 0 0)
(0.0125276 0 0)
(0.0124944 0 0)
(0.0124611 0 0)
(0.0124277 0 0)
(0.0123942 0 0)
(0.0123606 0 0)
(0.0123269 0 0)
(0.012293 0 0)
(0.012259 0 0)
(0.0122249 0 0)
(0.0121906 0 0)
(0.0121561 0 0)
(0.0121215 0 0)
(0.0120868 0 0)
(0.0120518 0 0)
(0.0120166 0 0)
(0.0119813 0 0)
(0.0119457 0 0)
(0.0119099 0 0)
(0.0118739 0 0)
(0.0118376 0 0)
(0.011801 0 0)
(0.0117641 0 0)
(0.0117268 0 0)
(0.0116892 0 0)
(0.0116512 0 0)
(0.0116128 0 0)
(0.0115739 0 0)
(0.0115344 0 0)
(0.0114944 0 0)
(0.0114538 0 0)
(0.0114124 0 0)
(0.0113701 0 0)
(0.0113269 0 0)
(0.0112826 0 0)
(0.0112371 0 0)
(0.01119 0 0)
(0.0111412 0 0)
(0.0110902 0 0)
(0.0110366 0 0)
(0.0109799 0 0)
(0.010919 0 0)
(0.010853 0 0)
(0.0107801 0 0)
(0.0106979 0 0)
(0.0106026 0 0)
)
;

boundaryField
{
    inlet
    {
        type            fixedValue;
        value           uniform (0 0 0);
    }
    outlet
    {
        type            zeroGradient;
    }
    yzfaces
    {
        type            empty;
    }
}


// ************************************************************************* //
