/*--------------------------------*- C++ -*----------------------------------*\
  =========                 |
  \\      /  F ield         | OpenFOAM: The Open Source CFD Toolbox
   \\    /   O peration     | Website:  https://openfoam.org
    \\  /    A nd           | Version:  10
     \\/     M anipulation  |
\*---------------------------------------------------------------------------*/
FoamFile
{
    format      ascii;
    class       volVectorField;
    location    "0.93";
    object      Ua;
}
// * * * * * * * * * * * * * * * * * * * * * * * * * * * * * * * * * * * * * //

dimensions      [0 1 -1 0 0 0 0];

internalField   nonuniform List<vector> 
100
(
(0.0071185 0 0)
(0.0142143 0 0)
(0.0141686 0 0)
(0.0141226 0 0)
(0.0140764 0 0)
(0.0140303 0 0)
(0.0139843 0 0)
(0.0139383 0 0)
(0.0138925 0 0)
(0.0138467 0 0)
(0.013801 0 0)
(0.0137554 0 0)
(0.0137098 0 0)
(0.0136643 0 0)
(0.0136188 0 0)
(0.0135734 0 0)
(0.0135279 0 0)
(0.0134824 0 0)
(0.013437 0 0)
(0.0133915 0 0)
(0.013346 0 0)
(0.0133005 0 0)
(0.0132549 0 0)
(0.0132092 0 0)
(0.0131635 0 0)
(0.0131177 0 0)
(0.0130718 0 0)
(0.0130259 0 0)
(0.0129798 0 0)
(0.0129337 0 0)
(0.0128874 0 0)
(0.0128409 0 0)
(0.0127944 0 0)
(0.0127477 0 0)
(0.0127008 0 0)
(0.0126537 0 0)
(0.0126065 0 0)
(0.0125591 0 0)
(0.0125114 0 0)
(0.0124635 0 0)
(0.0124154 0 0)
(0.012367 0 0)
(0.0123183 0 0)
(0.0122694 0 0)
(0.0122201 0 0)
(0.0121704 0 0)
(0.0121204 0 0)
(0.01207 0 0)
(0.0120191 0 0)
(0.0119677 0 0)
(0.0119158 0 0)
(0.0118633 0 0)
(0.0118102 0 0)
(0.0117563 0 0)
(0.0117016 0 0)
(0.011646 0 0)
(0.0115894 0 0)
(0.0115316 0 0)
(0.0114724 0 0)
(0.0114115 0 0)
(0.0113488 0 0)
(0.0112837 0 0)
(0.0112159 0 0)
(0.0111446 0 0)
(0.011069 0 0)
(0.0109877 0 0)
(0.0108991 0 0)
(0.0108003 0 0)
(0.0106871 0 0)
(0.0105525 0 0)
(0.010384 0 0)
(0.010157 0 0)
(0.00981567 0 0)
(0.00920237 0 0)
(0.00768711 0 0)
(0.00363431 0 0)
(0.000346282 0 0)
(3.48185e-09 0 0)
(0 0 0)
(0 0 0)
(0 0 0)
(0 0 0)
(0 0 0)
(0 0 0)
(0 0 0)
(0 0 0)
(0 0 0)
(0 0 0)
(0 0 0)
(0 0 0)
(0 0 0)
(0 0 0)
(0 0 0)
(0 0 0)
(0 0 0)
(0 0 0)
(0 0 0)
(0 0 0)
(0 0 0)
(0 0 0)
)
;

boundaryField
{
    inlet
    {
        type            fixedValue;
        value           uniform (0 0 0);
    }
    outlet
    {
        type            zeroGradient;
    }
    yzfaces
    {
        type            empty;
    }
}


// ************************************************************************* //
