/*--------------------------------*- C++ -*----------------------------------*\
  =========                 |
  \\      /  F ield         | OpenFOAM: The Open Source CFD Toolbox
   \\    /   O peration     | Website:  https://openfoam.org
    \\  /    A nd           | Version:  10
     \\/     M anipulation  |
\*---------------------------------------------------------------------------*/
FoamFile
{
    format      ascii;
    class       volVectorField;
    location    "0.93";
    object      Ub;
}
// * * * * * * * * * * * * * * * * * * * * * * * * * * * * * * * * * * * * * //

dimensions      [0 1 -1 0 0 0 0];

internalField   nonuniform List<vector> 
100
(
(2.17058e-05 0 0)
(6.61134e-05 0 0)
(0.000111801 0 0)
(0.000157852 0 0)
(0.000203982 0 0)
(0.000250083 0 0)
(0.000296112 0 0)
(0.000342054 0 0)
(0.000387905 0 0)
(0.000433673 0 0)
(0.000479364 0 0)
(0.000524988 0 0)
(0.000570558 0 0)
(0.000616083 0 0)
(0.000661574 0 0)
(0.000707043 0 0)
(0.000752499 0 0)
(0.000797954 0 0)
(0.000843416 0 0)
(0.000888897 0 0)
(0.000934405 0 0)
(0.000979951 0 0)
(0.00102554 0 0)
(0.00107119 0 0)
(0.0011169 0 0)
(0.00116269 0 0)
(0.00120855 0 0)
(0.00125451 0 0)
(0.00130058 0 0)
(0.00134675 0 0)
(0.00139304 0 0)
(0.00143947 0 0)
(0.00148603 0 0)
(0.00153274 0 0)
(0.00157962 0 0)
(0.00162668 0 0)
(0.00167391 0 0)
(0.00172135 0 0)
(0.001769 0 0)
(0.00181688 0 0)
(0.00186501 0 0)
(0.0019134 0 0)
(0.00196206 0 0)
(0.00201103 0 0)
(0.00206033 0 0)
(0.00210997 0 0)
(0.00216 0 0)
(0.00221043 0 0)
(0.00226131 0 0)
(0.00231268 0 0)
(0.00236458 0 0)
(0.00241707 0 0)
(0.00247021 0 0)
(0.00252408 0 0)
(0.00257876 0 0)
(0.00263435 0 0)
(0.00269099 0 0)
(0.00274883 0 0)
(0.00280804 0 0)
(0.00286888 0 0)
(0.00293162 0 0)
(0.00299666 0 0)
(0.0030645 0 0)
(0.00313578 0 0)
(0.00321141 0 0)
(0.00329266 0 0)
(0.00338133 0 0)
(0.00348013 0 0)
(0.00359331 0 0)
(0.00372789 0 0)
(0.00389637 0 0)
(0.00412337 0 0)
(0.00446473 0 0)
(0.00507804 0 0)
(0.0065933 0 0)
(0.0106461 0 0)
(0.0139341 0 0)
(0.0142804 0 0)
(0.0142804 0 0)
(0.0142804 0 0)
(0.0142804 0 0)
(0.0142804 0 0)
(0.0142804 0 0)
(0.0142804 0 0)
(0.0142804 0 0)
(0.0142804 0 0)
(0.0142804 0 0)
(0.0142804 0 0)
(0.0142804 0 0)
(0.0142804 0 0)
(0.0142804 0 0)
(0.0142804 0 0)
(0.0142804 0 0)
(0.0142804 0 0)
(0.0142804 0 0)
(0.0142804 0 0)
(0.0142804 0 0)
(0.0142804 0 0)
(0.0142804 0 0)
(0.0142804 0 0)
)
;

boundaryField
{
    inlet
    {
        type            fixedValue;
        value           uniform (0 0 0);
    }
    outlet
    {
        type            zeroGradient;
    }
    yzfaces
    {
        type            empty;
    }
}


// ************************************************************************* //
