/*--------------------------------*- C++ -*----------------------------------*\
  =========                 |
  \\      /  F ield         | OpenFOAM: The Open Source CFD Toolbox
   \\    /   O peration     | Website:  https://openfoam.org
    \\  /    A nd           | Version:  10
     \\/     M anipulation  |
\*---------------------------------------------------------------------------*/
FoamFile
{
    format      ascii;
    class       volVectorField;
    location    "0.7";
    object      Ua;
}
// * * * * * * * * * * * * * * * * * * * * * * * * * * * * * * * * * * * * * //

dimensions      [0 1 -1 0 0 0 0];

internalField   nonuniform List<vector> 
100
(
(0.00711156 0 0)
(0.0141928 0 0)
(0.0141318 0 0)
(0.0140706 0 0)
(0.0140094 0 0)
(0.0139484 0 0)
(0.0138874 0 0)
(0.0138266 0 0)
(0.0137659 0 0)
(0.0137052 0 0)
(0.0136446 0 0)
(0.0135841 0 0)
(0.0135235 0 0)
(0.0134629 0 0)
(0.0134023 0 0)
(0.0133416 0 0)
(0.0132809 0 0)
(0.01322 0 0)
(0.013159 0 0)
(0.0130978 0 0)
(0.0130365 0 0)
(0.0129749 0 0)
(0.0129131 0 0)
(0.0128511 0 0)
(0.0127888 0 0)
(0.0127262 0 0)
(0.0126633 0 0)
(0.0126 0 0)
(0.0125363 0 0)
(0.0124721 0 0)
(0.0124075 0 0)
(0.0123423 0 0)
(0.0122766 0 0)
(0.0122102 0 0)
(0.0121431 0 0)
(0.0120752 0 0)
(0.0120064 0 0)
(0.0119366 0 0)
(0.0118656 0 0)
(0.0117934 0 0)
(0.0117197 0 0)
(0.0116442 0 0)
(0.0115666 0 0)
(0.0114866 0 0)
(0.0114035 0 0)
(0.0113168 0 0)
(0.0112254 0 0)
(0.0111279 0 0)
(0.0110224 0 0)
(0.0109059 0 0)
(0.0107736 0 0)
(0.0106177 0 0)
(0.0104236 0 0)
(0.0101621 0 0)
(0.00976392 0 0)
(0.00901994 0 0)
(0.0070205 0 0)
(0.00284087 0 0)
(8.11555e-05 0 0)
(1.45016e-11 0 0)
(0 0 0)
(0 0 0)
(0 0 0)
(0 0 0)
(0 0 0)
(0 0 0)
(0 0 0)
(0 0 0)
(0 0 0)
(0 0 0)
(0 0 0)
(0 0 0)
(0 0 0)
(0 0 0)
(0 0 0)
(0 0 0)
(0 0 0)
(0 0 0)
(0 0 0)
(0 0 0)
(0 0 0)
(0 0 0)
(0 0 0)
(0 0 0)
(0 0 0)
(0 0 0)
(0 0 0)
(0 0 0)
(0 0 0)
(0 0 0)
(0 0 0)
(0 0 0)
(0 0 0)
(0 0 0)
(0 0 0)
(0 0 0)
(0 0 0)
(0 0 0)
(0 0 0)
(0 0 0)
)
;

boundaryField
{
    inlet
    {
        type            fixedValue;
        value           uniform (0 0 0);
    }
    outlet
    {
        type            zeroGradient;
    }
    yzfaces
    {
        type            empty;
    }
}


// ************************************************************************* //
