/*--------------------------------*- C++ -*----------------------------------*\
  =========                 |
  \\      /  F ield         | OpenFOAM: The Open Source CFD Toolbox
   \\    /   O peration     | Website:  https://openfoam.org
    \\  /    A nd           | Version:  10
     \\/     M anipulation  |
\*---------------------------------------------------------------------------*/
FoamFile
{
    format      ascii;
    class       volVectorField;
    location    "0.7";
    object      Ub;
}
// * * * * * * * * * * * * * * * * * * * * * * * * * * * * * * * * * * * * * //

dimensions      [0 1 -1 0 0 0 0];

internalField   nonuniform List<vector> 
100
(
(2.93023e-05 0 0)
(8.89575e-05 0 0)
(0.000149899 0 0)
(0.000211099 0 0)
(0.000272279 0 0)
(0.000333354 0 0)
(0.000394303 0 0)
(0.000455132 0 0)
(0.00051586 0 0)
(0.000576508 0 0)
(0.000637101 0 0)
(0.000697664 0 0)
(0.000758221 0 0)
(0.000818796 0 0)
(0.000879413 0 0)
(0.000940094 0 0)
(0.00100086 0 0)
(0.00106174 0 0)
(0.00112275 0 0)
(0.00118392 0 0)
(0.00124526 0 0)
(0.00130681 0 0)
(0.00136858 0 0)
(0.0014306 0 0)
(0.0014929 0 0)
(0.0015555 0 0)
(0.00161844 0 0)
(0.00168175 0 0)
(0.00174546 0 0)
(0.00180961 0 0)
(0.00187424 0 0)
(0.0019394 0 0)
(0.00200515 0 0)
(0.00207154 0 0)
(0.00213865 0 0)
(0.00220655 0 0)
(0.00227535 0 0)
(0.00234514 0 0)
(0.00241608 0 0)
(0.00248831 0 0)
(0.00256205 0 0)
(0.00263754 0 0)
(0.0027151 0 0)
(0.00279513 0 0)
(0.00287817 0 0)
(0.00296491 0 0)
(0.00305634 0 0)
(0.00315382 0 0)
(0.00325932 0 0)
(0.00337583 0 0)
(0.00350808 0 0)
(0.00366402 0 0)
(0.00385811 0 0)
(0.00411962 0 0)
(0.0045178 0 0)
(0.00526178 0 0)
(0.00726121 0 0)
(0.0114408 0 0)
(0.0142006 0 0)
(0.0142817 0 0)
(0.0142817 0 0)
(0.0142817 0 0)
(0.0142817 0 0)
(0.0142817 0 0)
(0.0142817 0 0)
(0.0142817 0 0)
(0.0142817 0 0)
(0.0142817 0 0)
(0.0142817 0 0)
(0.0142817 0 0)
(0.0142817 0 0)
(0.0142817 0 0)
(0.0142817 0 0)
(0.0142817 0 0)
(0.0142817 0 0)
(0.0142817 0 0)
(0.0142817 0 0)
(0.0142817 0 0)
(0.0142817 0 0)
(0.0142817 0 0)
(0.0142817 0 0)
(0.0142817 0 0)
(0.0142817 0 0)
(0.0142817 0 0)
(0.0142817 0 0)
(0.0142817 0 0)
(0.0142817 0 0)
(0.0142817 0 0)
(0.0142817 0 0)
(0.0142817 0 0)
(0.0142817 0 0)
(0.0142817 0 0)
(0.0142817 0 0)
(0.0142817 0 0)
(0.0142817 0 0)
(0.0142817 0 0)
(0.0142817 0 0)
(0.0142817 0 0)
(0.0142817 0 0)
(0.0142817 0 0)
)
;

boundaryField
{
    inlet
    {
        type            fixedValue;
        value           uniform (0 0 0);
    }
    outlet
    {
        type            zeroGradient;
    }
    yzfaces
    {
        type            empty;
    }
}


// ************************************************************************* //
