/*--------------------------------*- C++ -*----------------------------------*\
  =========                 |
  \\      /  F ield         | OpenFOAM: The Open Source CFD Toolbox
   \\    /   O peration     | Website:  https://openfoam.org
    \\  /    A nd           | Version:  10
     \\/     M anipulation  |
\*---------------------------------------------------------------------------*/
FoamFile
{
    format      ascii;
    class       volVectorField;
    location    "0.235";
    object      Ub;
}
// * * * * * * * * * * * * * * * * * * * * * * * * * * * * * * * * * * * * * //

dimensions      [0 1 -1 0 0 0 0];

internalField   nonuniform List<vector> 
100
(
(9.03753e-05 0 0)
(0.000271946 0 0)
(0.00045444 0 0)
(0.000637305 0 0)
(0.000821 0 0)
(0.00100616 0 0)
(0.0011935 0 0)
(0.00138381 0 0)
(0.00157805 0 0)
(0.0017774 0 0)
(0.00198344 0 0)
(0.00219833 0 0)
(0.00242528 0 0)
(0.00266929 0 0)
(0.00293871 0 0)
(0.00324881 0 0)
(0.00363078 0 0)
(0.00415974 0 0)
(0.00506935 0 0)
(0.00740587 0 0)
(0.0116742 0 0)
(0.0142426 0 0)
(0.0142844 0 0)
(0.0142844 0 0)
(0.0142844 0 0)
(0.0142844 0 0)
(0.0142844 0 0)
(0.0142844 0 0)
(0.0142844 0 0)
(0.0142844 0 0)
(0.0142844 0 0)
(0.0142844 0 0)
(0.0142844 0 0)
(0.0142844 0 0)
(0.0142844 0 0)
(0.0142844 0 0)
(0.0142844 0 0)
(0.0142844 0 0)
(0.0142844 0 0)
(0.0142844 0 0)
(0.0142844 0 0)
(0.0142844 0 0)
(0.0142844 0 0)
(0.0142844 0 0)
(0.0142844 0 0)
(0.0142844 0 0)
(0.0142844 0 0)
(0.0142844 0 0)
(0.0142844 0 0)
(0.0142844 0 0)
(0.0142844 0 0)
(0.0142844 0 0)
(0.0142844 0 0)
(0.0142844 0 0)
(0.0142844 0 0)
(0.0142844 0 0)
(0.0142844 0 0)
(0.0142844 0 0)
(0.0142844 0 0)
(0.0142844 0 0)
(0.0142844 0 0)
(0.0142844 0 0)
(0.0142844 0 0)
(0.0142844 0 0)
(0.0142844 0 0)
(0.0142844 0 0)
(0.0142844 0 0)
(0.0142844 0 0)
(0.0142844 0 0)
(0.0142844 0 0)
(0.0142844 0 0)
(0.0142844 0 0)
(0.0142844 0 0)
(0.0142844 0 0)
(0.0142844 0 0)
(0.0142844 0 0)
(0.0142844 0 0)
(0.0142844 0 0)
(0.0142844 0 0)
(0.0142844 0 0)
(0.0142844 0 0)
(0.0142844 0 0)
(0.0142844 0 0)
(0.0142844 0 0)
(0.0142844 0 0)
(0.0142844 0 0)
(0.0142844 0 0)
(0.0142844 0 0)
(0.0142844 0 0)
(0.0142844 0 0)
(0.0142844 0 0)
(0.0142844 0 0)
(0.0142844 0 0)
(0.0142844 0 0)
(0.0142844 0 0)
(0.0142844 0 0)
(0.0142844 0 0)
(0.0142844 0 0)
(0.0142844 0 0)
(0.0142844 0 0)
)
;

boundaryField
{
    inlet
    {
        type            fixedValue;
        value           uniform (0 0 0);
    }
    outlet
    {
        type            zeroGradient;
    }
    yzfaces
    {
        type            empty;
    }
}


// ************************************************************************* //
