/*--------------------------------*- C++ -*----------------------------------*\
  =========                 |
  \\      /  F ield         | OpenFOAM: The Open Source CFD Toolbox
   \\    /   O peration     | Website:  https://openfoam.org
    \\  /    A nd           | Version:  10
     \\/     M anipulation  |
\*---------------------------------------------------------------------------*/
FoamFile
{
    format      ascii;
    class       volVectorField;
    location    "1.465";
    object      Ua;
}
// * * * * * * * * * * * * * * * * * * * * * * * * * * * * * * * * * * * * * //

dimensions      [0 1 -1 0 0 0 0];

internalField   nonuniform List<vector> 
100
(
(0.00712535 0 0)
(0.0142365 0 0)
(0.0142079 0 0)
(0.0141788 0 0)
(0.0141495 0 0)
(0.0141202 0 0)
(0.0140908 0 0)
(0.0140615 0 0)
(0.0140322 0 0)
(0.014003 0 0)
(0.0139737 0 0)
(0.0139446 0 0)
(0.0139155 0 0)
(0.0138864 0 0)
(0.0138573 0 0)
(0.0138283 0 0)
(0.0137994 0 0)
(0.0137705 0 0)
(0.0137416 0 0)
(0.0137127 0 0)
(0.0136839 0 0)
(0.013655 0 0)
(0.0136262 0 0)
(0.0135975 0 0)
(0.0135687 0 0)
(0.0135399 0 0)
(0.0135112 0 0)
(0.0134824 0 0)
(0.0134537 0 0)
(0.0134249 0 0)
(0.0133962 0 0)
(0.0133674 0 0)
(0.0133386 0 0)
(0.0133099 0 0)
(0.0132811 0 0)
(0.0132523 0 0)
(0.0132234 0 0)
(0.0131946 0 0)
(0.0131658 0 0)
(0.0131369 0 0)
(0.013108 0 0)
(0.013079 0 0)
(0.0130501 0 0)
(0.0130211 0 0)
(0.012992 0 0)
(0.012963 0 0)
(0.0129339 0 0)
(0.0129047 0 0)
(0.0128755 0 0)
(0.0128463 0 0)
(0.012817 0 0)
(0.0127877 0 0)
(0.0127583 0 0)
(0.0127289 0 0)
(0.0126994 0 0)
(0.0126699 0 0)
(0.0126402 0 0)
(0.0126106 0 0)
(0.0125808 0 0)
(0.012551 0 0)
(0.0125211 0 0)
(0.0124912 0 0)
(0.0124611 0 0)
(0.012431 0 0)
(0.0124008 0 0)
(0.0123705 0 0)
(0.0123401 0 0)
(0.0123096 0 0)
(0.012279 0 0)
(0.0122484 0 0)
(0.0122175 0 0)
(0.0121866 0 0)
(0.0121556 0 0)
(0.0121244 0 0)
(0.0120931 0 0)
(0.0120617 0 0)
(0.0120301 0 0)
(0.0119983 0 0)
(0.0119664 0 0)
(0.0119343 0 0)
(0.011902 0 0)
(0.0118696 0 0)
(0.0118369 0 0)
(0.011804 0 0)
(0.0117709 0 0)
(0.0117375 0 0)
(0.0117038 0 0)
(0.0116698 0 0)
(0.0116355 0 0)
(0.0116009 0 0)
(0.0115659 0 0)
(0.0115304 0 0)
(0.0114945 0 0)
(0.0114581 0 0)
(0.0114211 0 0)
(0.0113835 0 0)
(0.0113452 0 0)
(0.011306 0 0)
(0.0112659 0 0)
(0.0112248 0 0)
)
;

boundaryField
{
    inlet
    {
        type            fixedValue;
        value           uniform (0 0 0);
    }
    outlet
    {
        type            zeroGradient;
    }
    yzfaces
    {
        type            empty;
    }
}


// ************************************************************************* //
