/*--------------------------------*- C++ -*----------------------------------*\
  =========                 |
  \\      /  F ield         | OpenFOAM: The Open Source CFD Toolbox
   \\    /   O peration     | Website:  https://openfoam.org
    \\  /    A nd           | Version:  10
     \\/     M anipulation  |
\*---------------------------------------------------------------------------*/
FoamFile
{
    format      ascii;
    class       volVectorField;
    location    "1.465";
    object      Ub;
}
// * * * * * * * * * * * * * * * * * * * * * * * * * * * * * * * * * * * * * //

dimensions      [0 1 -1 0 0 0 0];

internalField   nonuniform List<vector> 
100
(
(1.33265e-05 0 0)
(4.08236e-05 0 0)
(6.94702e-05 0 0)
(9.85515e-05 0 0)
(0.000127816 0 0)
(0.000157151 0 0)
(0.0001865 0 0)
(0.000215832 0 0)
(0.000245131 0 0)
(0.000274389 0 0)
(0.000303603 0 0)
(0.000332769 0 0)
(0.00036189 0 0)
(0.000390967 0 0)
(0.000420001 0 0)
(0.000448996 0 0)
(0.000477955 0 0)
(0.00050688 0 0)
(0.000535774 0 0)
(0.000564641 0 0)
(0.000593483 0 0)
(0.000622305 0 0)
(0.000651107 0 0)
(0.000679894 0 0)
(0.000708668 0 0)
(0.000737432 0 0)
(0.000766189 0 0)
(0.000794941 0 0)
(0.000823691 0 0)
(0.000852441 0 0)
(0.000881193 0 0)
(0.000909951 0 0)
(0.000938717 0 0)
(0.000967492 0 0)
(0.00099628 0 0)
(0.00102508 0 0)
(0.0010539 0 0)
(0.00108274 0 0)
(0.0011116 0 0)
(0.00114048 0 0)
(0.00116938 0 0)
(0.00119832 0 0)
(0.00122728 0 0)
(0.00125628 0 0)
(0.0012853 0 0)
(0.00131437 0 0)
(0.00134347 0 0)
(0.00137262 0 0)
(0.0014018 0 0)
(0.00143103 0 0)
(0.00146031 0 0)
(0.00148964 0 0)
(0.00151902 0 0)
(0.00154845 0 0)
(0.00157794 0 0)
(0.00160749 0 0)
(0.0016371 0 0)
(0.00166677 0 0)
(0.00169651 0 0)
(0.00172632 0 0)
(0.00175621 0 0)
(0.00178617 0 0)
(0.00181621 0 0)
(0.00184633 0 0)
(0.00187654 0 0)
(0.00190683 0 0)
(0.00193722 0 0)
(0.00196771 0 0)
(0.0019983 0 0)
(0.00202899 0 0)
(0.0020598 0 0)
(0.00209072 0 0)
(0.00212176 0 0)
(0.00215293 0 0)
(0.00218424 0 0)
(0.00221568 0 0)
(0.00224728 0 0)
(0.00227903 0 0)
(0.00231094 0 0)
(0.00234303 0 0)
(0.0023753 0 0)
(0.00240777 0 0)
(0.00244045 0 0)
(0.00247335 0 0)
(0.00250649 0 0)
(0.00253988 0 0)
(0.00257355 0 0)
(0.00260752 0 0)
(0.0026418 0 0)
(0.00267644 0 0)
(0.00271146 0 0)
(0.0027469 0 0)
(0.0027828 0 0)
(0.00281922 0 0)
(0.0028562 0 0)
(0.00289382 0 0)
(0.00293216 0 0)
(0.00297131 0 0)
(0.0030114 0 0)
(0.00305257 0 0)
)
;

boundaryField
{
    inlet
    {
        type            fixedValue;
        value           uniform (0 0 0);
    }
    outlet
    {
        type            zeroGradient;
    }
    yzfaces
    {
        type            empty;
    }
}


// ************************************************************************* //
