/*--------------------------------*- C++ -*----------------------------------*\
  =========                 |
  \\      /  F ield         | OpenFOAM: The Open Source CFD Toolbox
   \\    /   O peration     | Website:  https://openfoam.org
    \\  /    A nd           | Version:  10
     \\/     M anipulation  |
\*---------------------------------------------------------------------------*/
FoamFile
{
    format      ascii;
    class       volVectorField;
    location    "0.355";
    object      Ub;
}
// * * * * * * * * * * * * * * * * * * * * * * * * * * * * * * * * * * * * * //

dimensions      [0 1 -1 0 0 0 0];

internalField   nonuniform List<vector> 
100
(
(5.92764e-05 0 0)
(0.000178792 0 0)
(0.000299302 0 0)
(0.000419768 0 0)
(0.000540119 0 0)
(0.000660479 0 0)
(0.000781016 0 0)
(0.000901913 0 0)
(0.00102336 0 0)
(0.00114554 0 0)
(0.00126868 0 0)
(0.00139298 0 0)
(0.00151869 0 0)
(0.0016461 0 0)
(0.00177555 0 0)
(0.00190742 0 0)
(0.00204224 0 0)
(0.00218064 0 0)
(0.00232347 0 0)
(0.00247189 0 0)
(0.00262754 0 0)
(0.0027928 0 0)
(0.00297134 0 0)
(0.00316911 0 0)
(0.0033964 0 0)
(0.00367286 0 0)
(0.00404084 0 0)
(0.00461098 0 0)
(0.00577541 0 0)
(0.00920164 0 0)
(0.0130508 0 0)
(0.014283 0 0)
(0.0142837 0 0)
(0.0142837 0 0)
(0.0142837 0 0)
(0.0142837 0 0)
(0.0142837 0 0)
(0.0142837 0 0)
(0.0142837 0 0)
(0.0142837 0 0)
(0.0142837 0 0)
(0.0142837 0 0)
(0.0142837 0 0)
(0.0142837 0 0)
(0.0142837 0 0)
(0.0142837 0 0)
(0.0142837 0 0)
(0.0142837 0 0)
(0.0142837 0 0)
(0.0142837 0 0)
(0.0142837 0 0)
(0.0142837 0 0)
(0.0142837 0 0)
(0.0142837 0 0)
(0.0142837 0 0)
(0.0142837 0 0)
(0.0142837 0 0)
(0.0142837 0 0)
(0.0142837 0 0)
(0.0142837 0 0)
(0.0142837 0 0)
(0.0142837 0 0)
(0.0142837 0 0)
(0.0142837 0 0)
(0.0142837 0 0)
(0.0142837 0 0)
(0.0142837 0 0)
(0.0142837 0 0)
(0.0142837 0 0)
(0.0142837 0 0)
(0.0142837 0 0)
(0.0142837 0 0)
(0.0142837 0 0)
(0.0142837 0 0)
(0.0142837 0 0)
(0.0142837 0 0)
(0.0142837 0 0)
(0.0142837 0 0)
(0.0142837 0 0)
(0.0142837 0 0)
(0.0142837 0 0)
(0.0142837 0 0)
(0.0142837 0 0)
(0.0142837 0 0)
(0.0142837 0 0)
(0.0142837 0 0)
(0.0142837 0 0)
(0.0142837 0 0)
(0.0142837 0 0)
(0.0142837 0 0)
(0.0142837 0 0)
(0.0142837 0 0)
(0.0142837 0 0)
(0.0142837 0 0)
(0.0142837 0 0)
(0.0142837 0 0)
(0.0142837 0 0)
(0.0142837 0 0)
(0.0142837 0 0)
(0.0142837 0 0)
)
;

boundaryField
{
    inlet
    {
        type            fixedValue;
        value           uniform (0 0 0);
    }
    outlet
    {
        type            zeroGradient;
    }
    yzfaces
    {
        type            empty;
    }
}


// ************************************************************************* //
