/*--------------------------------*- C++ -*----------------------------------*\
  =========                 |
  \\      /  F ield         | OpenFOAM: The Open Source CFD Toolbox
   \\    /   O peration     | Website:  https://openfoam.org
    \\  /    A nd           | Version:  10
     \\/     M anipulation  |
\*---------------------------------------------------------------------------*/
FoamFile
{
    format      ascii;
    class       volVectorField;
    location    "1.455";
    object      Ua;
}
// * * * * * * * * * * * * * * * * * * * * * * * * * * * * * * * * * * * * * //

dimensions      [0 1 -1 0 0 0 0];

internalField   nonuniform List<vector> 
100
(
(0.00712528 0 0)
(0.0142363 0 0)
(0.0142074 0 0)
(0.0141781 0 0)
(0.0141487 0 0)
(0.0141191 0 0)
(0.0140896 0 0)
(0.0140601 0 0)
(0.0140306 0 0)
(0.0140011 0 0)
(0.0139717 0 0)
(0.0139423 0 0)
(0.013913 0 0)
(0.0138837 0 0)
(0.0138545 0 0)
(0.0138253 0 0)
(0.0137962 0 0)
(0.013767 0 0)
(0.013738 0 0)
(0.0137089 0 0)
(0.0136799 0 0)
(0.0136508 0 0)
(0.0136218 0 0)
(0.0135929 0 0)
(0.0135639 0 0)
(0.0135349 0 0)
(0.013506 0 0)
(0.013477 0 0)
(0.0134481 0 0)
(0.0134191 0 0)
(0.0133902 0 0)
(0.0133612 0 0)
(0.0133322 0 0)
(0.0133033 0 0)
(0.0132743 0 0)
(0.0132453 0 0)
(0.0132162 0 0)
(0.0131872 0 0)
(0.0131581 0 0)
(0.013129 0 0)
(0.0130999 0 0)
(0.0130708 0 0)
(0.0130416 0 0)
(0.0130124 0 0)
(0.0129832 0 0)
(0.0129539 0 0)
(0.0129246 0 0)
(0.0128952 0 0)
(0.0128658 0 0)
(0.0128364 0 0)
(0.0128069 0 0)
(0.0127773 0 0)
(0.0127477 0 0)
(0.012718 0 0)
(0.0126883 0 0)
(0.0126585 0 0)
(0.0126287 0 0)
(0.0125988 0 0)
(0.0125688 0 0)
(0.0125388 0 0)
(0.0125086 0 0)
(0.0124784 0 0)
(0.0124482 0 0)
(0.0124178 0 0)
(0.0123873 0 0)
(0.0123568 0 0)
(0.0123261 0 0)
(0.0122954 0 0)
(0.0122645 0 0)
(0.0122335 0 0)
(0.0122025 0 0)
(0.0121713 0 0)
(0.0121399 0 0)
(0.0121085 0 0)
(0.0120769 0 0)
(0.0120451 0 0)
(0.0120132 0 0)
(0.0119812 0 0)
(0.0119489 0 0)
(0.0119165 0 0)
(0.0118839 0 0)
(0.0118511 0 0)
(0.011818 0 0)
(0.0117848 0 0)
(0.0117512 0 0)
(0.0117174 0 0)
(0.0116833 0 0)
(0.0116489 0 0)
(0.0116142 0 0)
(0.011579 0 0)
(0.0115435 0 0)
(0.0115075 0 0)
(0.011471 0 0)
(0.011434 0 0)
(0.0113963 0 0)
(0.0113579 0 0)
(0.0113187 0 0)
(0.0112786 0 0)
(0.0112375 0 0)
(0.0111952 0 0)
)
;

boundaryField
{
    inlet
    {
        type            fixedValue;
        value           uniform (0 0 0);
    }
    outlet
    {
        type            zeroGradient;
    }
    yzfaces
    {
        type            empty;
    }
}


// ************************************************************************* //
