/*--------------------------------*- C++ -*----------------------------------*\
  =========                 |
  \\      /  F ield         | OpenFOAM: The Open Source CFD Toolbox
   \\    /   O peration     | Website:  https://openfoam.org
    \\  /    A nd           | Version:  10
     \\/     M anipulation  |
\*---------------------------------------------------------------------------*/
FoamFile
{
    format      ascii;
    class       volVectorField;
    location    "1.455";
    object      Ub;
}
// * * * * * * * * * * * * * * * * * * * * * * * * * * * * * * * * * * * * * //

dimensions      [0 1 -1 0 0 0 0];

internalField   nonuniform List<vector> 
100
(
(1.34259e-05 0 0)
(4.11243e-05 0 0)
(6.99751e-05 0 0)
(9.92601e-05 0 0)
(0.000128727 0 0)
(0.000158264 0 0)
(0.000187813 0 0)
(0.000217345 0 0)
(0.000246843 0 0)
(0.000276299 0 0)
(0.00030571 0 0)
(0.000335074 0 0)
(0.000364391 0 0)
(0.000393664 0 0)
(0.000422894 0 0)
(0.000452085 0 0)
(0.000481239 0 0)
(0.00051036 0 0)
(0.00053945 0 0)
(0.000568512 0 0)
(0.000597551 0 0)
(0.000626568 0 0)
(0.000655567 0 0)
(0.000684551 0 0)
(0.000713522 0 0)
(0.000742483 0 0)
(0.000771438 0 0)
(0.000800388 0 0)
(0.000829337 0 0)
(0.000858286 0 0)
(0.000887239 0 0)
(0.000916197 0 0)
(0.000945164 0 0)
(0.000974142 0 0)
(0.00100313 0 0)
(0.00103214 0 0)
(0.00106116 0 0)
(0.0010902 0 0)
(0.00111927 0 0)
(0.00114836 0 0)
(0.00117747 0 0)
(0.00120661 0 0)
(0.00123579 0 0)
(0.00126499 0 0)
(0.00129424 0 0)
(0.00132352 0 0)
(0.00135283 0 0)
(0.00138219 0 0)
(0.0014116 0 0)
(0.00144105 0 0)
(0.00147055 0 0)
(0.0015001 0 0)
(0.0015297 0 0)
(0.00155936 0 0)
(0.00158908 0 0)
(0.00161886 0 0)
(0.0016487 0 0)
(0.00167861 0 0)
(0.00170859 0 0)
(0.00173864 0 0)
(0.00176876 0 0)
(0.00179897 0 0)
(0.00182925 0 0)
(0.00185962 0 0)
(0.00189008 0 0)
(0.00192063 0 0)
(0.00195128 0 0)
(0.00198203 0 0)
(0.00201289 0 0)
(0.00204385 0 0)
(0.00207493 0 0)
(0.00210613 0 0)
(0.00213746 0 0)
(0.00216892 0 0)
(0.00220052 0 0)
(0.00223227 0 0)
(0.00226417 0 0)
(0.00229624 0 0)
(0.00232847 0 0)
(0.00236089 0 0)
(0.00239351 0 0)
(0.00242633 0 0)
(0.00245937 0 0)
(0.00249265 0 0)
(0.00252617 0 0)
(0.00255997 0 0)
(0.00259407 0 0)
(0.00262848 0 0)
(0.00266323 0 0)
(0.00269836 0 0)
(0.0027339 0 0)
(0.0027699 0 0)
(0.00280639 0 0)
(0.00284345 0 0)
(0.00288112 0 0)
(0.0029195 0 0)
(0.00295868 0 0)
(0.00299876 0 0)
(0.00303988 0 0)
(0.00308221 0 0)
)
;

boundaryField
{
    inlet
    {
        type            fixedValue;
        value           uniform (0 0 0);
    }
    outlet
    {
        type            zeroGradient;
    }
    yzfaces
    {
        type            empty;
    }
}


// ************************************************************************* //
