/*--------------------------------*- C++ -*----------------------------------*\
  =========                 |
  \\      /  F ield         | OpenFOAM: The Open Source CFD Toolbox
   \\    /   O peration     | Website:  https://openfoam.org
    \\  /    A nd           | Version:  10
     \\/     M anipulation  |
\*---------------------------------------------------------------------------*/
FoamFile
{
    format      ascii;
    class       volVectorField;
    location    "0.52";
    object      Ua;
}
// * * * * * * * * * * * * * * * * * * * * * * * * * * * * * * * * * * * * * //

dimensions      [0 1 -1 0 0 0 0];

internalField   nonuniform List<vector> 
100
(
(0.0071014 0 0)
(0.0141618 0 0)
(0.0140796 0 0)
(0.0139973 0 0)
(0.0139151 0 0)
(0.0138331 0 0)
(0.0137512 0 0)
(0.0136694 0 0)
(0.0135876 0 0)
(0.0135058 0 0)
(0.0134239 0 0)
(0.0133418 0 0)
(0.0132595 0 0)
(0.013177 0 0)
(0.0130942 0 0)
(0.0130109 0 0)
(0.0129273 0 0)
(0.0128431 0 0)
(0.0127583 0 0)
(0.0126728 0 0)
(0.0125866 0 0)
(0.0124996 0 0)
(0.0124116 0 0)
(0.0123225 0 0)
(0.0122321 0 0)
(0.0121404 0 0)
(0.0120469 0 0)
(0.0119515 0 0)
(0.0118539 0 0)
(0.0117535 0 0)
(0.0116498 0 0)
(0.011542 0 0)
(0.011429 0 0)
(0.0113094 0 0)
(0.0111808 0 0)
(0.0110399 0 0)
(0.0108812 0 0)
(0.0106953 0 0)
(0.0104645 0 0)
(0.0101517 0 0)
(0.00966324 0 0)
(0.00868649 0 0)
(0.00580585 0 0)
(0.00180354 0 0)
(5.12095e-06 0 0)
(6.95624e-16 0 0)
(0 0 0)
(0 0 0)
(0 0 0)
(0 0 0)
(0 0 0)
(0 0 0)
(0 0 0)
(0 0 0)
(0 0 0)
(0 0 0)
(0 0 0)
(0 0 0)
(0 0 0)
(0 0 0)
(0 0 0)
(0 0 0)
(0 0 0)
(0 0 0)
(0 0 0)
(0 0 0)
(0 0 0)
(0 0 0)
(0 0 0)
(0 0 0)
(0 0 0)
(0 0 0)
(0 0 0)
(0 0 0)
(0 0 0)
(0 0 0)
(0 0 0)
(0 0 0)
(0 0 0)
(0 0 0)
(0 0 0)
(0 0 0)
(0 0 0)
(0 0 0)
(0 0 0)
(0 0 0)
(0 0 0)
(0 0 0)
(0 0 0)
(0 0 0)
(0 0 0)
(0 0 0)
(0 0 0)
(0 0 0)
(0 0 0)
(0 0 0)
(0 0 0)
(0 0 0)
(0 0 0)
(0 0 0)
)
;

boundaryField
{
    inlet
    {
        type            fixedValue;
        value           uniform (0 0 0);
    }
    outlet
    {
        type            zeroGradient;
    }
    yzfaces
    {
        type            empty;
    }
}


// ************************************************************************* //
