/*--------------------------------*- C++ -*----------------------------------*\
  =========                 |
  \\      /  F ield         | OpenFOAM: The Open Source CFD Toolbox
   \\    /   O peration     | Website:  https://openfoam.org
    \\  /    A nd           | Version:  10
     \\/     M anipulation  |
\*---------------------------------------------------------------------------*/
FoamFile
{
    format      ascii;
    class       volVectorField;
    location    "1.06";
    object      Ub;
}
// * * * * * * * * * * * * * * * * * * * * * * * * * * * * * * * * * * * * * //

dimensions      [0 1 -1 0 0 0 0];

internalField   nonuniform List<vector> 
100
(
(1.8881e-05 0 0)
(5.76012e-05 0 0)
(9.75766e-05 0 0)
(0.000137947 0 0)
(0.000178434 0 0)
(0.000218926 0 0)
(0.000259372 0 0)
(0.000299752 0 0)
(0.000340057 0 0)
(0.000380288 0 0)
(0.000420448 0 0)
(0.000460542 0 0)
(0.000500578 0 0)
(0.000540562 0 0)
(0.000580503 0 0)
(0.000620408 0 0)
(0.000660285 0 0)
(0.00070014 0 0)
(0.000739982 0 0)
(0.000779816 0 0)
(0.000819651 0 0)
(0.000859492 0 0)
(0.000899346 0 0)
(0.00093922 0 0)
(0.00097912 0 0)
(0.00101905 0 0)
(0.00105902 0 0)
(0.00109904 0 0)
(0.0011391 0 0)
(0.00117922 0 0)
(0.0012194 0 0)
(0.00125965 0 0)
(0.00129998 0 0)
(0.00134039 0 0)
(0.00138088 0 0)
(0.00142146 0 0)
(0.00146215 0 0)
(0.00150294 0 0)
(0.00154385 0 0)
(0.00158487 0 0)
(0.00162603 0 0)
(0.00166732 0 0)
(0.00170875 0 0)
(0.00175034 0 0)
(0.00179209 0 0)
(0.00183402 0 0)
(0.00187612 0 0)
(0.00191842 0 0)
(0.00196093 0 0)
(0.00200365 0 0)
(0.00204661 0 0)
(0.00208982 0 0)
(0.00213329 0 0)
(0.00217705 0 0)
(0.00222111 0 0)
(0.00226551 0 0)
(0.00231026 0 0)
(0.0023554 0 0)
(0.00240095 0 0)
(0.00244696 0 0)
(0.00249348 0 0)
(0.00254055 0 0)
(0.00258822 0 0)
(0.00263658 0 0)
(0.00268571 0 0)
(0.00273569 0 0)
(0.00278666 0 0)
(0.00283874 0 0)
(0.00289213 0 0)
(0.00294703 0 0)
(0.00300373 0 0)
(0.00306258 0 0)
(0.00312403 0 0)
(0.00318869 0 0)
(0.00325739 0 0)
(0.00333127 0 0)
(0.00341195 0 0)
(0.00350183 0 0)
(0.00360463 0 0)
(0.00372636 0 0)
(0.00387753 0 0)
(0.00407812 0 0)
(0.00437137 0 0)
(0.00487057 0 0)
(0.00597965 0 0)
(0.00938152 0 0)
(0.0131374 0 0)
(0.0142791 0 0)
(0.0142797 0 0)
(0.0142797 0 0)
(0.0142797 0 0)
(0.0142797 0 0)
(0.0142797 0 0)
(0.0142797 0 0)
(0.0142797 0 0)
(0.0142797 0 0)
(0.0142797 0 0)
(0.0142797 0 0)
(0.0142797 0 0)
(0.0142797 0 0)
)
;

boundaryField
{
    inlet
    {
        type            fixedValue;
        value           uniform (0 0 0);
    }
    outlet
    {
        type            zeroGradient;
    }
    yzfaces
    {
        type            empty;
    }
}


// ************************************************************************* //
