/*--------------------------------*- C++ -*----------------------------------*\
  =========                 |
  \\      /  F ield         | OpenFOAM: The Open Source CFD Toolbox
   \\    /   O peration     | Website:  https://openfoam.org
    \\  /    A nd           | Version:  10
     \\/     M anipulation  |
\*---------------------------------------------------------------------------*/
FoamFile
{
    format      ascii;
    class       volVectorField;
    location    "0.365";
    object      Ub;
}
// * * * * * * * * * * * * * * * * * * * * * * * * * * * * * * * * * * * * * //

dimensions      [0 1 -1 0 0 0 0];

internalField   nonuniform List<vector> 
100
(
(5.76087e-05 0 0)
(0.000173798 0 0)
(0.000291 0 0)
(0.000408161 0 0)
(0.000525194 0 0)
(0.000642203 0 0)
(0.000759342 0 0)
(0.000876777 0 0)
(0.000994681 0 0)
(0.00111323 0 0)
(0.00123261 0 0)
(0.00135301 0 0)
(0.00147465 0 0)
(0.00159778 0 0)
(0.00172269 0 0)
(0.0018497 0 0)
(0.00197924 0 0)
(0.00211184 0 0)
(0.00224815 0 0)
(0.00238909 0 0)
(0.00253589 0 0)
(0.00269029 0 0)
(0.0028549 0 0)
(0.00303373 0 0)
(0.00323338 0 0)
(0.00346548 0 0)
(0.00375266 0 0)
(0.00414539 0 0)
(0.00478212 0 0)
(0.00619373 0 0)
(0.0101458 0 0)
(0.0136875 0 0)
(0.0142836 0 0)
(0.0142836 0 0)
(0.0142836 0 0)
(0.0142836 0 0)
(0.0142836 0 0)
(0.0142836 0 0)
(0.0142836 0 0)
(0.0142836 0 0)
(0.0142836 0 0)
(0.0142836 0 0)
(0.0142836 0 0)
(0.0142836 0 0)
(0.0142836 0 0)
(0.0142836 0 0)
(0.0142836 0 0)
(0.0142836 0 0)
(0.0142836 0 0)
(0.0142836 0 0)
(0.0142836 0 0)
(0.0142836 0 0)
(0.0142836 0 0)
(0.0142836 0 0)
(0.0142836 0 0)
(0.0142836 0 0)
(0.0142836 0 0)
(0.0142836 0 0)
(0.0142836 0 0)
(0.0142836 0 0)
(0.0142836 0 0)
(0.0142836 0 0)
(0.0142836 0 0)
(0.0142836 0 0)
(0.0142836 0 0)
(0.0142836 0 0)
(0.0142836 0 0)
(0.0142836 0 0)
(0.0142836 0 0)
(0.0142836 0 0)
(0.0142836 0 0)
(0.0142836 0 0)
(0.0142836 0 0)
(0.0142836 0 0)
(0.0142836 0 0)
(0.0142836 0 0)
(0.0142836 0 0)
(0.0142836 0 0)
(0.0142836 0 0)
(0.0142836 0 0)
(0.0142836 0 0)
(0.0142836 0 0)
(0.0142836 0 0)
(0.0142836 0 0)
(0.0142836 0 0)
(0.0142836 0 0)
(0.0142836 0 0)
(0.0142836 0 0)
(0.0142836 0 0)
(0.0142836 0 0)
(0.0142836 0 0)
(0.0142836 0 0)
(0.0142836 0 0)
(0.0142836 0 0)
(0.0142836 0 0)
(0.0142836 0 0)
(0.0142836 0 0)
(0.0142836 0 0)
(0.0142836 0 0)
(0.0142836 0 0)
)
;

boundaryField
{
    inlet
    {
        type            fixedValue;
        value           uniform (0 0 0);
    }
    outlet
    {
        type            zeroGradient;
    }
    yzfaces
    {
        type            empty;
    }
}


// ************************************************************************* //
