/*--------------------------------*- C++ -*----------------------------------*\
  =========                 |
  \\      /  F ield         | OpenFOAM: The Open Source CFD Toolbox
   \\    /   O peration     | Website:  https://openfoam.org
    \\  /    A nd           | Version:  10
     \\/     M anipulation  |
\*---------------------------------------------------------------------------*/
FoamFile
{
    format      ascii;
    class       volVectorField;
    location    "0.375";
    object      Ua;
}
// * * * * * * * * * * * * * * * * * * * * * * * * * * * * * * * * * * * * * //

dimensions      [0 1 -1 0 0 0 0];

internalField   nonuniform List<vector> 
100
(
(0.00708576 0 0)
(0.0141145 0 0)
(0.0140004 0 0)
(0.0138864 0 0)
(0.0137725 0 0)
(0.0136587 0 0)
(0.0135447 0 0)
(0.0134305 0 0)
(0.013316 0 0)
(0.0132008 0 0)
(0.013085 0 0)
(0.0129682 0 0)
(0.0128503 0 0)
(0.0127312 0 0)
(0.0126105 0 0)
(0.0124879 0 0)
(0.0123631 0 0)
(0.0122358 0 0)
(0.0121052 0 0)
(0.0119708 0 0)
(0.0118316 0 0)
(0.0116862 0 0)
(0.0115328 0 0)
(0.0113685 0 0)
(0.011189 0 0)
(0.0109869 0 0)
(0.0107489 0 0)
(0.010449 0 0)
(0.0100263 0 0)
(0.00930541 0 0)
(0.00755707 0 0)
(0.00334762 0 0)
(0.000209123 0 0)
(4.76356e-10 0 0)
(0 0 0)
(0 0 0)
(0 0 0)
(0 0 0)
(0 0 0)
(0 0 0)
(0 0 0)
(0 0 0)
(0 0 0)
(0 0 0)
(0 0 0)
(0 0 0)
(0 0 0)
(0 0 0)
(0 0 0)
(0 0 0)
(0 0 0)
(0 0 0)
(0 0 0)
(0 0 0)
(0 0 0)
(0 0 0)
(0 0 0)
(0 0 0)
(0 0 0)
(0 0 0)
(0 0 0)
(0 0 0)
(0 0 0)
(0 0 0)
(0 0 0)
(0 0 0)
(0 0 0)
(0 0 0)
(0 0 0)
(0 0 0)
(0 0 0)
(0 0 0)
(0 0 0)
(0 0 0)
(0 0 0)
(0 0 0)
(0 0 0)
(0 0 0)
(0 0 0)
(0 0 0)
(0 0 0)
(0 0 0)
(0 0 0)
(0 0 0)
(0 0 0)
(0 0 0)
(0 0 0)
(0 0 0)
(0 0 0)
(0 0 0)
(0 0 0)
(0 0 0)
(0 0 0)
(0 0 0)
(0 0 0)
(0 0 0)
(0 0 0)
(0 0 0)
(0 0 0)
(0 0 0)
)
;

boundaryField
{
    inlet
    {
        type            fixedValue;
        value           uniform (0 0 0);
    }
    outlet
    {
        type            zeroGradient;
    }
    yzfaces
    {
        type            empty;
    }
}


// ************************************************************************* //
