/*--------------------------------*- C++ -*----------------------------------*\
  =========                 |
  \\      /  F ield         | OpenFOAM: The Open Source CFD Toolbox
   \\    /   O peration     | Website:  https://openfoam.org
    \\  /    A nd           | Version:  10
     \\/     M anipulation  |
\*---------------------------------------------------------------------------*/
FoamFile
{
    format      ascii;
    class       volVectorField;
    location    "0.375";
    object      Ub;
}
// * * * * * * * * * * * * * * * * * * * * * * * * * * * * * * * * * * * * * //

dimensions      [0 1 -1 0 0 0 0];

internalField   nonuniform List<vector> 
100
(
(5.603e-05 0 0)
(0.000169072 0 0)
(0.000283142 0 0)
(0.000397177 0 0)
(0.000511072 0 0)
(0.000624918 0 0)
(0.000738853 0 0)
(0.00085303 0 0)
(0.000967605 0 0)
(0.00108274 0 0)
(0.0011986 0 0)
(0.00131537 0 0)
(0.00143323 0 0)
(0.0015524 0 0)
(0.00167312 0 0)
(0.00179569 0 0)
(0.00192044 0 0)
(0.00204782 0 0)
(0.00217836 0 0)
(0.00231277 0 0)
(0.00245201 0 0)
(0.00259739 0 0)
(0.0027508 0 0)
(0.00291506 0 0)
(0.00309458 0 0)
(0.00329671 0 0)
(0.00353463 0 0)
(0.00383461 0 0)
(0.00425723 0 0)
(0.00497817 0 0)
(0.0067265 0 0)
(0.010936 0 0)
(0.0140745 0 0)
(0.0142836 0 0)
(0.0142836 0 0)
(0.0142836 0 0)
(0.0142836 0 0)
(0.0142836 0 0)
(0.0142836 0 0)
(0.0142836 0 0)
(0.0142836 0 0)
(0.0142836 0 0)
(0.0142836 0 0)
(0.0142836 0 0)
(0.0142836 0 0)
(0.0142836 0 0)
(0.0142836 0 0)
(0.0142836 0 0)
(0.0142836 0 0)
(0.0142836 0 0)
(0.0142836 0 0)
(0.0142836 0 0)
(0.0142836 0 0)
(0.0142836 0 0)
(0.0142836 0 0)
(0.0142836 0 0)
(0.0142836 0 0)
(0.0142836 0 0)
(0.0142836 0 0)
(0.0142836 0 0)
(0.0142836 0 0)
(0.0142836 0 0)
(0.0142836 0 0)
(0.0142836 0 0)
(0.0142836 0 0)
(0.0142836 0 0)
(0.0142836 0 0)
(0.0142836 0 0)
(0.0142836 0 0)
(0.0142836 0 0)
(0.0142836 0 0)
(0.0142836 0 0)
(0.0142836 0 0)
(0.0142836 0 0)
(0.0142836 0 0)
(0.0142836 0 0)
(0.0142836 0 0)
(0.0142836 0 0)
(0.0142836 0 0)
(0.0142836 0 0)
(0.0142836 0 0)
(0.0142836 0 0)
(0.0142836 0 0)
(0.0142836 0 0)
(0.0142836 0 0)
(0.0142836 0 0)
(0.0142836 0 0)
(0.0142836 0 0)
(0.0142836 0 0)
(0.0142836 0 0)
(0.0142836 0 0)
(0.0142836 0 0)
(0.0142836 0 0)
(0.0142836 0 0)
(0.0142836 0 0)
(0.0142836 0 0)
(0.0142836 0 0)
(0.0142836 0 0)
(0.0142836 0 0)
(0.0142836 0 0)
)
;

boundaryField
{
    inlet
    {
        type            fixedValue;
        value           uniform (0 0 0);
    }
    outlet
    {
        type            zeroGradient;
    }
    yzfaces
    {
        type            empty;
    }
}


// ************************************************************************* //
