/*--------------------------------*- C++ -*----------------------------------*\
  =========                 |
  \\      /  F ield         | OpenFOAM: The Open Source CFD Toolbox
   \\    /   O peration     | Website:  https://openfoam.org
    \\  /    A nd           | Version:  10
     \\/     M anipulation  |
\*---------------------------------------------------------------------------*/
FoamFile
{
    format      ascii;
    class       volVectorField;
    location    "0.24";
    object      Ub;
}
// * * * * * * * * * * * * * * * * * * * * * * * * * * * * * * * * * * * * * //

dimensions      [0 1 -1 0 0 0 0];

internalField   nonuniform List<vector> 
100
(
(8.84574e-05 0 0)
(0.000266196 0 0)
(0.000444844 0 0)
(0.000623805 0 0)
(0.000803494 0 0)
(0.000984499 0 0)
(0.00116748 0 0)
(0.00135316 0 0)
(0.00154242 0 0)
(0.0017363 0 0)
(0.00193619 0 0)
(0.00214397 0 0)
(0.00236234 0 0)
(0.00259545 0 0)
(0.00285002 0 0)
(0.00313789 0 0)
(0.00348205 0 0)
(0.00393398 0 0)
(0.0046359 0 0)
(0.00613924 0 0)
(0.0102025 0 0)
(0.0137433 0 0)
(0.0142843 0 0)
(0.0142843 0 0)
(0.0142843 0 0)
(0.0142843 0 0)
(0.0142843 0 0)
(0.0142843 0 0)
(0.0142843 0 0)
(0.0142843 0 0)
(0.0142843 0 0)
(0.0142843 0 0)
(0.0142843 0 0)
(0.0142843 0 0)
(0.0142843 0 0)
(0.0142843 0 0)
(0.0142843 0 0)
(0.0142843 0 0)
(0.0142843 0 0)
(0.0142843 0 0)
(0.0142843 0 0)
(0.0142843 0 0)
(0.0142843 0 0)
(0.0142843 0 0)
(0.0142843 0 0)
(0.0142843 0 0)
(0.0142843 0 0)
(0.0142843 0 0)
(0.0142843 0 0)
(0.0142843 0 0)
(0.0142843 0 0)
(0.0142843 0 0)
(0.0142843 0 0)
(0.0142843 0 0)
(0.0142843 0 0)
(0.0142843 0 0)
(0.0142843 0 0)
(0.0142843 0 0)
(0.0142843 0 0)
(0.0142843 0 0)
(0.0142843 0 0)
(0.0142843 0 0)
(0.0142843 0 0)
(0.0142843 0 0)
(0.0142843 0 0)
(0.0142843 0 0)
(0.0142843 0 0)
(0.0142843 0 0)
(0.0142843 0 0)
(0.0142843 0 0)
(0.0142843 0 0)
(0.0142843 0 0)
(0.0142843 0 0)
(0.0142843 0 0)
(0.0142843 0 0)
(0.0142843 0 0)
(0.0142843 0 0)
(0.0142843 0 0)
(0.0142843 0 0)
(0.0142843 0 0)
(0.0142843 0 0)
(0.0142843 0 0)
(0.0142843 0 0)
(0.0142843 0 0)
(0.0142843 0 0)
(0.0142843 0 0)
(0.0142843 0 0)
(0.0142843 0 0)
(0.0142843 0 0)
(0.0142843 0 0)
(0.0142843 0 0)
(0.0142843 0 0)
(0.0142843 0 0)
(0.0142843 0 0)
(0.0142843 0 0)
(0.0142843 0 0)
(0.0142843 0 0)
(0.0142843 0 0)
(0.0142843 0 0)
(0.0142843 0 0)
)
;

boundaryField
{
    inlet
    {
        type            fixedValue;
        value           uniform (0 0 0);
    }
    outlet
    {
        type            zeroGradient;
    }
    yzfaces
    {
        type            empty;
    }
}


// ************************************************************************* //
