/*--------------------------------*- C++ -*----------------------------------*\
  =========                 |
  \\      /  F ield         | OpenFOAM: The Open Source CFD Toolbox
   \\    /   O peration     | Website:  https://openfoam.org
    \\  /    A nd           | Version:  10
     \\/     M anipulation  |
\*---------------------------------------------------------------------------*/
FoamFile
{
    format      ascii;
    class       volVectorField;
    location    "0.595";
    object      Ua;
}
// * * * * * * * * * * * * * * * * * * * * * * * * * * * * * * * * * * * * * //

dimensions      [0 1 -1 0 0 0 0];

internalField   nonuniform List<vector> 
100
(
(0.00710642 0 0)
(0.014177 0 0)
(0.0141053 0 0)
(0.0140333 0 0)
(0.0139614 0 0)
(0.0138897 0 0)
(0.0138181 0 0)
(0.0137466 0 0)
(0.0136751 0 0)
(0.0136038 0 0)
(0.0135324 0 0)
(0.013461 0 0)
(0.0133895 0 0)
(0.0133179 0 0)
(0.0132462 0 0)
(0.0131742 0 0)
(0.013102 0 0)
(0.0130296 0 0)
(0.0129569 0 0)
(0.0128838 0 0)
(0.0128103 0 0)
(0.0127363 0 0)
(0.0126619 0 0)
(0.0125869 0 0)
(0.0125114 0 0)
(0.0124351 0 0)
(0.0123581 0 0)
(0.0122802 0 0)
(0.0122014 0 0)
(0.0121215 0 0)
(0.0120403 0 0)
(0.0119578 0 0)
(0.0118736 0 0)
(0.0117876 0 0)
(0.0116992 0 0)
(0.0116082 0 0)
(0.0115139 0 0)
(0.0114156 0 0)
(0.0113121 0 0)
(0.0112018 0 0)
(0.0110827 0 0)
(0.0109511 0 0)
(0.0108015 0 0)
(0.0106243 0 0)
(0.0104014 0 0)
(0.0100944 0 0)
(0.0096062 0 0)
(0.00860769 0 0)
(0.00562136 0 0)
(0.00166657 0 0)
(3.37442e-06 0 0)
(1.61329e-16 0 0)
(0 0 0)
(0 0 0)
(0 0 0)
(0 0 0)
(0 0 0)
(0 0 0)
(0 0 0)
(0 0 0)
(0 0 0)
(0 0 0)
(0 0 0)
(0 0 0)
(0 0 0)
(0 0 0)
(0 0 0)
(0 0 0)
(0 0 0)
(0 0 0)
(0 0 0)
(0 0 0)
(0 0 0)
(0 0 0)
(0 0 0)
(0 0 0)
(0 0 0)
(0 0 0)
(0 0 0)
(0 0 0)
(0 0 0)
(0 0 0)
(0 0 0)
(0 0 0)
(0 0 0)
(0 0 0)
(0 0 0)
(0 0 0)
(0 0 0)
(0 0 0)
(0 0 0)
(0 0 0)
(0 0 0)
(0 0 0)
(0 0 0)
(0 0 0)
(0 0 0)
(0 0 0)
(0 0 0)
(0 0 0)
)
;

boundaryField
{
    inlet
    {
        type            fixedValue;
        value           uniform (0 0 0);
    }
    outlet
    {
        type            zeroGradient;
    }
    yzfaces
    {
        type            empty;
    }
}


// ************************************************************************* //
