/*--------------------------------*- C++ -*----------------------------------*\
  =========                 |
  \\      /  F ield         | OpenFOAM: The Open Source CFD Toolbox
   \\    /   O peration     | Website:  https://openfoam.org
    \\  /    A nd           | Version:  10
     \\/     M anipulation  |
\*---------------------------------------------------------------------------*/
FoamFile
{
    format      ascii;
    class       volVectorField;
    location    "0.595";
    object      Ub;
}
// * * * * * * * * * * * * * * * * * * * * * * * * * * * * * * * * * * * * * //

dimensions      [0 1 -1 0 0 0 0];

internalField   nonuniform List<vector> 
100
(
(3.4737e-05 0 0)
(0.000105271 0 0)
(0.000177059 0 0)
(0.000249028 0 0)
(0.000320916 0 0)
(0.000392662 0 0)
(0.000464267 0 0)
(0.000535757 0 0)
(0.000607169 0 0)
(0.000678541 0 0)
(0.000749912 0 0)
(0.000821322 0 0)
(0.000892808 0 0)
(0.00096441 0 0)
(0.00103616 0 0)
(0.00110811 0 0)
(0.00118028 0 0)
(0.00125272 0 0)
(0.00132547 0 0)
(0.00139856 0 0)
(0.00147205 0 0)
(0.00154598 0 0)
(0.0016204 0 0)
(0.00169537 0 0)
(0.00177095 0 0)
(0.00184721 0 0)
(0.00192423 0 0)
(0.00200211 0 0)
(0.00208093 0 0)
(0.00216084 0 0)
(0.00224198 0 0)
(0.00232452 0 0)
(0.00240869 0 0)
(0.00249476 0 0)
(0.00258309 0 0)
(0.0026741 0 0)
(0.00276839 0 0)
(0.00286675 0 0)
(0.00297027 0 0)
(0.00308047 0 0)
(0.00319962 0 0)
(0.0033312 0 0)
(0.00348078 0 0)
(0.00365799 0 0)
(0.00388092 0 0)
(0.00418788 0 0)
(0.00467612 0 0)
(0.00567462 0 0)
(0.00866096 0 0)
(0.0126158 0 0)
(0.0142789 0 0)
(0.0142823 0 0)
(0.0142823 0 0)
(0.0142823 0 0)
(0.0142823 0 0)
(0.0142823 0 0)
(0.0142823 0 0)
(0.0142823 0 0)
(0.0142823 0 0)
(0.0142823 0 0)
(0.0142823 0 0)
(0.0142823 0 0)
(0.0142823 0 0)
(0.0142823 0 0)
(0.0142823 0 0)
(0.0142823 0 0)
(0.0142823 0 0)
(0.0142823 0 0)
(0.0142823 0 0)
(0.0142823 0 0)
(0.0142823 0 0)
(0.0142823 0 0)
(0.0142823 0 0)
(0.0142823 0 0)
(0.0142823 0 0)
(0.0142823 0 0)
(0.0142823 0 0)
(0.0142823 0 0)
(0.0142823 0 0)
(0.0142823 0 0)
(0.0142823 0 0)
(0.0142823 0 0)
(0.0142823 0 0)
(0.0142823 0 0)
(0.0142823 0 0)
(0.0142823 0 0)
(0.0142823 0 0)
(0.0142823 0 0)
(0.0142823 0 0)
(0.0142823 0 0)
(0.0142823 0 0)
(0.0142823 0 0)
(0.0142823 0 0)
(0.0142823 0 0)
(0.0142823 0 0)
(0.0142823 0 0)
(0.0142823 0 0)
(0.0142823 0 0)
(0.0142823 0 0)
(0.0142823 0 0)
)
;

boundaryField
{
    inlet
    {
        type            fixedValue;
        value           uniform (0 0 0);
    }
    outlet
    {
        type            zeroGradient;
    }
    yzfaces
    {
        type            empty;
    }
}


// ************************************************************************* //
