/*--------------------------------*- C++ -*----------------------------------*\
  =========                 |
  \\      /  F ield         | OpenFOAM: The Open Source CFD Toolbox
   \\    /   O peration     | Website:  https://openfoam.org
    \\  /    A nd           | Version:  10
     \\/     M anipulation  |
\*---------------------------------------------------------------------------*/
FoamFile
{
    format      ascii;
    class       volVectorField;
    location    "0.665";
    object      Ua;
}
// * * * * * * * * * * * * * * * * * * * * * * * * * * * * * * * * * * * * * //

dimensions      [0 1 -1 0 0 0 0];

internalField   nonuniform List<vector> 
100
(
(0.00711004 0 0)
(0.0141881 0 0)
(0.0141239 0 0)
(0.0140595 0 0)
(0.0139951 0 0)
(0.0139309 0 0)
(0.0138667 0 0)
(0.0138027 0 0)
(0.0137388 0 0)
(0.013675 0 0)
(0.0136112 0 0)
(0.0135474 0 0)
(0.0134836 0 0)
(0.0134198 0 0)
(0.0133559 0 0)
(0.0132919 0 0)
(0.0132278 0 0)
(0.0131635 0 0)
(0.0130991 0 0)
(0.0130344 0 0)
(0.0129696 0 0)
(0.0129044 0 0)
(0.012839 0 0)
(0.0127733 0 0)
(0.0127072 0 0)
(0.0126407 0 0)
(0.0125737 0 0)
(0.0125064 0 0)
(0.0124384 0 0)
(0.01237 0 0)
(0.0123008 0 0)
(0.012231 0 0)
(0.0121604 0 0)
(0.0120889 0 0)
(0.0120164 0 0)
(0.0119428 0 0)
(0.0118679 0 0)
(0.0117916 0 0)
(0.0117135 0 0)
(0.0116335 0 0)
(0.011551 0 0)
(0.0114657 0 0)
(0.0113768 0 0)
(0.0112835 0 0)
(0.0111844 0 0)
(0.0110778 0 0)
(0.010961 0 0)
(0.0108296 0 0)
(0.0106768 0 0)
(0.0104898 0 0)
(0.010244 0 0)
(0.00988314 0 0)
(0.00924814 0 0)
(0.0077006 0 0)
(0.00361726 0 0)
(0.000332778 0 0)
(2.94063e-09 0 0)
(0 0 0)
(0 0 0)
(0 0 0)
(0 0 0)
(0 0 0)
(0 0 0)
(0 0 0)
(0 0 0)
(0 0 0)
(0 0 0)
(0 0 0)
(0 0 0)
(0 0 0)
(0 0 0)
(0 0 0)
(0 0 0)
(0 0 0)
(0 0 0)
(0 0 0)
(0 0 0)
(0 0 0)
(0 0 0)
(0 0 0)
(0 0 0)
(0 0 0)
(0 0 0)
(0 0 0)
(0 0 0)
(0 0 0)
(0 0 0)
(0 0 0)
(0 0 0)
(0 0 0)
(0 0 0)
(0 0 0)
(0 0 0)
(0 0 0)
(0 0 0)
(0 0 0)
(0 0 0)
(0 0 0)
(0 0 0)
(0 0 0)
)
;

boundaryField
{
    inlet
    {
        type            fixedValue;
        value           uniform (0 0 0);
    }
    outlet
    {
        type            zeroGradient;
    }
    yzfaces
    {
        type            empty;
    }
}


// ************************************************************************* //
