/*--------------------------------*- C++ -*----------------------------------*\
  =========                 |
  \\      /  F ield         | OpenFOAM: The Open Source CFD Toolbox
   \\    /   O peration     | Website:  https://openfoam.org
    \\  /    A nd           | Version:  10
     \\/     M anipulation  |
\*---------------------------------------------------------------------------*/
FoamFile
{
    format      ascii;
    class       volVectorField;
    location    "0.665";
    object      Ub;
}
// * * * * * * * * * * * * * * * * * * * * * * * * * * * * * * * * * * * * * //

dimensions      [0 1 -1 0 0 0 0];

internalField   nonuniform List<vector> 
100
(
(3.09223e-05 0 0)
(9.38225e-05 0 0)
(0.000158001 0 0)
(0.000222416 0 0)
(0.000286792 0 0)
(0.000351048 0 0)
(0.000415173 0 0)
(0.000479176 0 0)
(0.000543081 0 0)
(0.000606916 0 0)
(0.000670708 0 0)
(0.000734485 0 0)
(0.000798277 0 0)
(0.00086211 0 0)
(0.000926012 0 0)
(0.00099001 0 0)
(0.00105413 0 0)
(0.0011184 0 0)
(0.00118284 0 0)
(0.00124749 0 0)
(0.00131236 0 0)
(0.0013775 0 0)
(0.00144292 0 0)
(0.00150866 0 0)
(0.00157476 0 0)
(0.00164125 0 0)
(0.00170817 0 0)
(0.00177556 0 0)
(0.00184348 0 0)
(0.00191197 0 0)
(0.00198109 0 0)
(0.00205092 0 0)
(0.00212153 0 0)
(0.00219303 0 0)
(0.00226551 0 0)
(0.00233911 0 0)
(0.00241398 0 0)
(0.00249032 0 0)
(0.00256837 0 0)
(0.00264842 0 0)
(0.00273087 0 0)
(0.0028162 0 0)
(0.00290509 0 0)
(0.00299844 0 0)
(0.0030975 0 0)
(0.00320409 0 0)
(0.00332094 0 0)
(0.00345228 0 0)
(0.00360515 0 0)
(0.00379212 0 0)
(0.00403792 0 0)
(0.00439878 0 0)
(0.00503378 0 0)
(0.00658131 0 0)
(0.0106647 0 0)
(0.0139491 0 0)
(0.0142819 0 0)
(0.0142819 0 0)
(0.0142819 0 0)
(0.0142819 0 0)
(0.0142819 0 0)
(0.0142819 0 0)
(0.0142819 0 0)
(0.0142819 0 0)
(0.0142819 0 0)
(0.0142819 0 0)
(0.0142819 0 0)
(0.0142819 0 0)
(0.0142819 0 0)
(0.0142819 0 0)
(0.0142819 0 0)
(0.0142819 0 0)
(0.0142819 0 0)
(0.0142819 0 0)
(0.0142819 0 0)
(0.0142819 0 0)
(0.0142819 0 0)
(0.0142819 0 0)
(0.0142819 0 0)
(0.0142819 0 0)
(0.0142819 0 0)
(0.0142819 0 0)
(0.0142819 0 0)
(0.0142819 0 0)
(0.0142819 0 0)
(0.0142819 0 0)
(0.0142819 0 0)
(0.0142819 0 0)
(0.0142819 0 0)
(0.0142819 0 0)
(0.0142819 0 0)
(0.0142819 0 0)
(0.0142819 0 0)
(0.0142819 0 0)
(0.0142819 0 0)
(0.0142819 0 0)
(0.0142819 0 0)
(0.0142819 0 0)
(0.0142819 0 0)
(0.0142819 0 0)
)
;

boundaryField
{
    inlet
    {
        type            fixedValue;
        value           uniform (0 0 0);
    }
    outlet
    {
        type            zeroGradient;
    }
    yzfaces
    {
        type            empty;
    }
}


// ************************************************************************* //
