/*--------------------------------*- C++ -*----------------------------------*\
  =========                 |
  \\      /  F ield         | OpenFOAM: The Open Source CFD Toolbox
   \\    /   O peration     | Website:  https://openfoam.org
    \\  /    A nd           | Version:  10
     \\/     M anipulation  |
\*---------------------------------------------------------------------------*/
FoamFile
{
    format      ascii;
    class       volVectorField;
    location    "0.455";
    object      Ua;
}
// * * * * * * * * * * * * * * * * * * * * * * * * * * * * * * * * * * * * * //

dimensions      [0 1 -1 0 0 0 0];

internalField   nonuniform List<vector> 
100
(
(0.00709566 0 0)
(0.0141444 0 0)
(0.0140504 0 0)
(0.0139564 0 0)
(0.0138625 0 0)
(0.0137688 0 0)
(0.0136752 0 0)
(0.0135816 0 0)
(0.0134879 0 0)
(0.013394 0 0)
(0.0132999 0 0)
(0.0132054 0 0)
(0.0131105 0 0)
(0.0130151 0 0)
(0.0129191 0 0)
(0.0128223 0 0)
(0.0127247 0 0)
(0.0126261 0 0)
(0.0125264 0 0)
(0.0124254 0 0)
(0.0123229 0 0)
(0.0122187 0 0)
(0.0121125 0 0)
(0.0120039 0 0)
(0.0118924 0 0)
(0.0117774 0 0)
(0.011658 0 0)
(0.0115332 0 0)
(0.0114013 0 0)
(0.01126 0 0)
(0.0111054 0 0)
(0.0109317 0 0)
(0.0107283 0 0)
(0.0104754 0 0)
(0.01013 0 0)
(0.00957909 0 0)
(0.00841997 0 0)
(0.00496606 0 0)
(0.0011624 0 0)
(5.50341e-07 0 0)
(0 0 0)
(0 0 0)
(0 0 0)
(0 0 0)
(0 0 0)
(0 0 0)
(0 0 0)
(0 0 0)
(0 0 0)
(0 0 0)
(0 0 0)
(0 0 0)
(0 0 0)
(0 0 0)
(0 0 0)
(0 0 0)
(0 0 0)
(0 0 0)
(0 0 0)
(0 0 0)
(0 0 0)
(0 0 0)
(0 0 0)
(0 0 0)
(0 0 0)
(0 0 0)
(0 0 0)
(0 0 0)
(0 0 0)
(0 0 0)
(0 0 0)
(0 0 0)
(0 0 0)
(0 0 0)
(0 0 0)
(0 0 0)
(0 0 0)
(0 0 0)
(0 0 0)
(0 0 0)
(0 0 0)
(0 0 0)
(0 0 0)
(0 0 0)
(0 0 0)
(0 0 0)
(0 0 0)
(0 0 0)
(0 0 0)
(0 0 0)
(0 0 0)
(0 0 0)
(0 0 0)
(0 0 0)
(0 0 0)
(0 0 0)
(0 0 0)
(0 0 0)
(0 0 0)
(0 0 0)
)
;

boundaryField
{
    inlet
    {
        type            fixedValue;
        value           uniform (0 0 0);
    }
    outlet
    {
        type            zeroGradient;
    }
    yzfaces
    {
        type            empty;
    }
}


// ************************************************************************* //
