/*--------------------------------*- C++ -*----------------------------------*\
  =========                 |
  \\      /  F ield         | OpenFOAM: The Open Source CFD Toolbox
   \\    /   O peration     | Website:  https://openfoam.org
    \\  /    A nd           | Version:  10
     \\/     M anipulation  |
\*---------------------------------------------------------------------------*/
FoamFile
{
    format      ascii;
    class       volVectorField;
    location    "0.455";
    object      Ub;
}
// * * * * * * * * * * * * * * * * * * * * * * * * * * * * * * * * * * * * * //

dimensions      [0 1 -1 0 0 0 0];

internalField   nonuniform List<vector> 
100
(
(4.59007e-05 0 0)
(0.000138736 0 0)
(0.000232713 0 0)
(0.000326731 0 0)
(0.000420595 0 0)
(0.000514309 0 0)
(0.000607935 0 0)
(0.000701556 0 0)
(0.000795257 0 0)
(0.000889124 0 0)
(0.000983246 0 0)
(0.00107771 0 0)
(0.0011726 0 0)
(0.00126802 0 0)
(0.00136406 0 0)
(0.00146082 0 0)
(0.00155843 0 0)
(0.00165701 0 0)
(0.00175671 0 0)
(0.00185769 0 0)
(0.00196017 0 0)
(0.00206437 0 0)
(0.00217061 0 0)
(0.00227924 0 0)
(0.00239075 0 0)
(0.00250575 0 0)
(0.00262508 0 0)
(0.00274988 0 0)
(0.00288177 0 0)
(0.00302315 0 0)
(0.00317772 0 0)
(0.00335146 0 0)
(0.00355481 0 0)
(0.00380767 0 0)
(0.00415311 0 0)
(0.00470403 0 0)
(0.00586315 0 0)
(0.00931705 0 0)
(0.0131207 0 0)
(0.0142826 0 0)
(0.0142831 0 0)
(0.0142831 0 0)
(0.0142831 0 0)
(0.0142831 0 0)
(0.0142831 0 0)
(0.0142831 0 0)
(0.0142831 0 0)
(0.0142831 0 0)
(0.0142831 0 0)
(0.0142831 0 0)
(0.0142831 0 0)
(0.0142831 0 0)
(0.0142831 0 0)
(0.0142831 0 0)
(0.0142831 0 0)
(0.0142831 0 0)
(0.0142831 0 0)
(0.0142831 0 0)
(0.0142831 0 0)
(0.0142831 0 0)
(0.0142831 0 0)
(0.0142831 0 0)
(0.0142831 0 0)
(0.0142831 0 0)
(0.0142831 0 0)
(0.0142831 0 0)
(0.0142831 0 0)
(0.0142831 0 0)
(0.0142831 0 0)
(0.0142831 0 0)
(0.0142831 0 0)
(0.0142831 0 0)
(0.0142831 0 0)
(0.0142831 0 0)
(0.0142831 0 0)
(0.0142831 0 0)
(0.0142831 0 0)
(0.0142831 0 0)
(0.0142831 0 0)
(0.0142831 0 0)
(0.0142831 0 0)
(0.0142831 0 0)
(0.0142831 0 0)
(0.0142831 0 0)
(0.0142831 0 0)
(0.0142831 0 0)
(0.0142831 0 0)
(0.0142831 0 0)
(0.0142831 0 0)
(0.0142831 0 0)
(0.0142831 0 0)
(0.0142831 0 0)
(0.0142831 0 0)
(0.0142831 0 0)
(0.0142831 0 0)
(0.0142831 0 0)
(0.0142831 0 0)
(0.0142831 0 0)
(0.0142831 0 0)
(0.0142831 0 0)
)
;

boundaryField
{
    inlet
    {
        type            fixedValue;
        value           uniform (0 0 0);
    }
    outlet
    {
        type            zeroGradient;
    }
    yzfaces
    {
        type            empty;
    }
}


// ************************************************************************* //
