/*--------------------------------*- C++ -*----------------------------------*\
  =========                 |
  \\      /  F ield         | OpenFOAM: The Open Source CFD Toolbox
   \\    /   O peration     | Website:  https://openfoam.org
    \\  /    A nd           | Version:  10
     \\/     M anipulation  |
\*---------------------------------------------------------------------------*/
FoamFile
{
    format      ascii;
    class       volVectorField;
    location    "0.46";
    object      Ub;
}
// * * * * * * * * * * * * * * * * * * * * * * * * * * * * * * * * * * * * * //

dimensions      [0 1 -1 0 0 0 0];

internalField   nonuniform List<vector> 
100
(
(4.53847e-05 0 0)
(0.00013719 0 0)
(0.000230144 0 0)
(0.000323143 0 0)
(0.00041599 0 0)
(0.000508684 0 0)
(0.000601286 0 0)
(0.000693874 0 0)
(0.00078653 0 0)
(0.00087934 0 0)
(0.000972386 0 0)
(0.00106575 0 0)
(0.00115953 0 0)
(0.0012538 0 0)
(0.00134866 0 0)
(0.00144421 0 0)
(0.00154056 0 0)
(0.00163783 0 0)
(0.00173617 0 0)
(0.00183571 0 0)
(0.00193667 0 0)
(0.00203925 0 0)
(0.00214373 0 0)
(0.00225045 0 0)
(0.00235984 0 0)
(0.00247244 0 0)
(0.00258901 0 0)
(0.00271054 0 0)
(0.00283843 0 0)
(0.00297474 0 0)
(0.00312254 0 0)
(0.00328675 0 0)
(0.00347565 0 0)
(0.00370444 0 0)
(0.0040042 0 0)
(0.00444965 0 0)
(0.00527227 0 0)
(0.00750301 0 0)
(0.0116894 0 0)
(0.0142392 0 0)
(0.0142831 0 0)
(0.0142831 0 0)
(0.0142831 0 0)
(0.0142831 0 0)
(0.0142831 0 0)
(0.0142831 0 0)
(0.0142831 0 0)
(0.0142831 0 0)
(0.0142831 0 0)
(0.0142831 0 0)
(0.0142831 0 0)
(0.0142831 0 0)
(0.0142831 0 0)
(0.0142831 0 0)
(0.0142831 0 0)
(0.0142831 0 0)
(0.0142831 0 0)
(0.0142831 0 0)
(0.0142831 0 0)
(0.0142831 0 0)
(0.0142831 0 0)
(0.0142831 0 0)
(0.0142831 0 0)
(0.0142831 0 0)
(0.0142831 0 0)
(0.0142831 0 0)
(0.0142831 0 0)
(0.0142831 0 0)
(0.0142831 0 0)
(0.0142831 0 0)
(0.0142831 0 0)
(0.0142831 0 0)
(0.0142831 0 0)
(0.0142831 0 0)
(0.0142831 0 0)
(0.0142831 0 0)
(0.0142831 0 0)
(0.0142831 0 0)
(0.0142831 0 0)
(0.0142831 0 0)
(0.0142831 0 0)
(0.0142831 0 0)
(0.0142831 0 0)
(0.0142831 0 0)
(0.0142831 0 0)
(0.0142831 0 0)
(0.0142831 0 0)
(0.0142831 0 0)
(0.0142831 0 0)
(0.0142831 0 0)
(0.0142831 0 0)
(0.0142831 0 0)
(0.0142831 0 0)
(0.0142831 0 0)
(0.0142831 0 0)
(0.0142831 0 0)
(0.0142831 0 0)
(0.0142831 0 0)
(0.0142831 0 0)
(0.0142831 0 0)
)
;

boundaryField
{
    inlet
    {
        type            fixedValue;
        value           uniform (0 0 0);
    }
    outlet
    {
        type            zeroGradient;
    }
    yzfaces
    {
        type            empty;
    }
}


// ************************************************************************* //
