/*--------------------------------*- C++ -*----------------------------------*\
  =========                 |
  \\      /  F ield         | OpenFOAM: The Open Source CFD Toolbox
   \\    /   O peration     | Website:  https://openfoam.org
    \\  /    A nd           | Version:  10
     \\/     M anipulation  |
\*---------------------------------------------------------------------------*/
FoamFile
{
    format      ascii;
    class       volVectorField;
    location    "0.81";
    object      Ua;
}
// * * * * * * * * * * * * * * * * * * * * * * * * * * * * * * * * * * * * * //

dimensions      [0 1 -1 0 0 0 0];

internalField   nonuniform List<vector> 
100
(
(0.00711542 0 0)
(0.0142047 0 0)
(0.0141521 0 0)
(0.0140992 0 0)
(0.0140463 0 0)
(0.0139934 0 0)
(0.0139407 0 0)
(0.013888 0 0)
(0.0138355 0 0)
(0.013783 0 0)
(0.0137306 0 0)
(0.0136783 0 0)
(0.013626 0 0)
(0.0135737 0 0)
(0.0135215 0 0)
(0.0134692 0 0)
(0.0134169 0 0)
(0.0133646 0 0)
(0.0133122 0 0)
(0.0132598 0 0)
(0.0132073 0 0)
(0.0131547 0 0)
(0.013102 0 0)
(0.0130491 0 0)
(0.0129962 0 0)
(0.012943 0 0)
(0.0128897 0 0)
(0.0128363 0 0)
(0.0127826 0 0)
(0.0127287 0 0)
(0.0126746 0 0)
(0.0126202 0 0)
(0.0125656 0 0)
(0.0125106 0 0)
(0.0124554 0 0)
(0.0123997 0 0)
(0.0123438 0 0)
(0.0122874 0 0)
(0.0122305 0 0)
(0.0121732 0 0)
(0.0121154 0 0)
(0.0120569 0 0)
(0.0119979 0 0)
(0.0119381 0 0)
(0.0118775 0 0)
(0.011816 0 0)
(0.0117536 0 0)
(0.0116899 0 0)
(0.011625 0 0)
(0.0115586 0 0)
(0.0114903 0 0)
(0.0114199 0 0)
(0.011347 0 0)
(0.0112709 0 0)
(0.0111909 0 0)
(0.011106 0 0)
(0.0110145 0 0)
(0.0109144 0 0)
(0.0108023 0 0)
(0.0106726 0 0)
(0.0105161 0 0)
(0.0103155 0 0)
(0.0100343 0 0)
(0.00958113 0 0)
(0.00865405 0 0)
(0.00588367 0 0)
(0.00188383 0 0)
(6.71091e-06 0 0)
(1.85095e-15 0 0)
(0 0 0)
(0 0 0)
(0 0 0)
(0 0 0)
(0 0 0)
(0 0 0)
(0 0 0)
(0 0 0)
(0 0 0)
(0 0 0)
(0 0 0)
(0 0 0)
(0 0 0)
(0 0 0)
(0 0 0)
(0 0 0)
(0 0 0)
(0 0 0)
(0 0 0)
(0 0 0)
(0 0 0)
(0 0 0)
(0 0 0)
(0 0 0)
(0 0 0)
(0 0 0)
(0 0 0)
(0 0 0)
(0 0 0)
(0 0 0)
(0 0 0)
)
;

boundaryField
{
    inlet
    {
        type            fixedValue;
        value           uniform (0 0 0);
    }
    outlet
    {
        type            zeroGradient;
    }
    yzfaces
    {
        type            empty;
    }
}


// ************************************************************************* //
