/*--------------------------------*- C++ -*----------------------------------*\
  =========                 |
  \\      /  F ield         | OpenFOAM: The Open Source CFD Toolbox
   \\    /   O peration     | Website:  https://openfoam.org
    \\  /    A nd           | Version:  10
     \\/     M anipulation  |
\*---------------------------------------------------------------------------*/
FoamFile
{
    format      ascii;
    class       volVectorField;
    location    "0.81";
    object      Ub;
}
// * * * * * * * * * * * * * * * * * * * * * * * * * * * * * * * * * * * * * //

dimensions      [0 1 -1 0 0 0 0];

internalField   nonuniform List<vector> 
100
(
(2.5127e-05 0 0)
(7.64088e-05 0 0)
(0.000128983 0 0)
(0.000181875 0 0)
(0.000234801 0 0)
(0.00028766 0 0)
(0.000340419 0 0)
(0.000393071 0 0)
(0.000445623 0 0)
(0.000498086 0 0)
(0.000550475 0 0)
(0.000602807 0 0)
(0.000655097 0 0)
(0.000707362 0 0)
(0.000759618 0 0)
(0.00081188 0 0)
(0.000864164 0 0)
(0.000916483 0 0)
(0.000968853 0 0)
(0.00102129 0 0)
(0.0010738 0 0)
(0.00112641 0 0)
(0.00117913 0 0)
(0.00123196 0 0)
(0.00128494 0 0)
(0.00133806 0 0)
(0.00139135 0 0)
(0.00144483 0 0)
(0.0014985 0 0)
(0.00155238 0 0)
(0.0016065 0 0)
(0.00166088 0 0)
(0.00171553 0 0)
(0.00177047 0 0)
(0.00182573 0 0)
(0.00188134 0 0)
(0.00193733 0 0)
(0.00199372 0 0)
(0.00205055 0 0)
(0.00210787 0 0)
(0.00216572 0 0)
(0.00222415 0 0)
(0.00228322 0 0)
(0.00234301 0 0)
(0.00240358 0 0)
(0.00246505 0 0)
(0.00252752 0 0)
(0.00259114 0 0)
(0.00265607 0 0)
(0.00272254 0 0)
(0.00279079 0 0)
(0.00286117 0 0)
(0.00293411 0 0)
(0.00301019 0 0)
(0.00309017 0 0)
(0.00317512 0 0)
(0.00326654 0 0)
(0.00336665 0 0)
(0.00347882 0 0)
(0.00360849 0 0)
(0.00376494 0 0)
(0.00396555 0 0)
(0.0042468 0 0)
(0.00469996 0 0)
(0.00562704 0 0)
(0.00839742 0 0)
(0.0123973 0 0)
(0.0142744 0 0)
(0.0142811 0 0)
(0.0142811 0 0)
(0.0142811 0 0)
(0.0142811 0 0)
(0.0142811 0 0)
(0.0142811 0 0)
(0.0142811 0 0)
(0.0142811 0 0)
(0.0142811 0 0)
(0.0142811 0 0)
(0.0142811 0 0)
(0.0142811 0 0)
(0.0142811 0 0)
(0.0142811 0 0)
(0.0142811 0 0)
(0.0142811 0 0)
(0.0142811 0 0)
(0.0142811 0 0)
(0.0142811 0 0)
(0.0142811 0 0)
(0.0142811 0 0)
(0.0142811 0 0)
(0.0142811 0 0)
(0.0142811 0 0)
(0.0142811 0 0)
(0.0142811 0 0)
(0.0142811 0 0)
(0.0142811 0 0)
(0.0142811 0 0)
(0.0142811 0 0)
(0.0142811 0 0)
(0.0142811 0 0)
)
;

boundaryField
{
    inlet
    {
        type            fixedValue;
        value           uniform (0 0 0);
    }
    outlet
    {
        type            zeroGradient;
    }
    yzfaces
    {
        type            empty;
    }
}


// ************************************************************************* //
