/*--------------------------------*- C++ -*----------------------------------*\
  =========                 |
  \\      /  F ield         | OpenFOAM: The Open Source CFD Toolbox
   \\    /   O peration     | Website:  https://openfoam.org
    \\  /    A nd           | Version:  10
     \\/     M anipulation  |
\*---------------------------------------------------------------------------*/
FoamFile
{
    format      ascii;
    class       volVectorField;
    location    "1.12";
    object      Ua;
}
// * * * * * * * * * * * * * * * * * * * * * * * * * * * * * * * * * * * * * //

dimensions      [0 1 -1 0 0 0 0];

internalField   nonuniform List<vector> 
100
(
(0.00712186 0 0)
(0.014225 0 0)
(0.0141872 0 0)
(0.014149 0 0)
(0.0141107 0 0)
(0.0140723 0 0)
(0.014034 0 0)
(0.0139958 0 0)
(0.0139576 0 0)
(0.0139195 0 0)
(0.0138815 0 0)
(0.0138435 0 0)
(0.0138056 0 0)
(0.0137677 0 0)
(0.0137299 0 0)
(0.0136921 0 0)
(0.0136543 0 0)
(0.0136166 0 0)
(0.0135789 0 0)
(0.0135412 0 0)
(0.0135035 0 0)
(0.0134659 0 0)
(0.0134282 0 0)
(0.0133905 0 0)
(0.0133528 0 0)
(0.013315 0 0)
(0.0132773 0 0)
(0.0132395 0 0)
(0.0132017 0 0)
(0.0131638 0 0)
(0.0131259 0 0)
(0.0130879 0 0)
(0.0130499 0 0)
(0.0130118 0 0)
(0.0129737 0 0)
(0.0129355 0 0)
(0.0128972 0 0)
(0.0128588 0 0)
(0.0128204 0 0)
(0.0127818 0 0)
(0.0127432 0 0)
(0.0127044 0 0)
(0.0126655 0 0)
(0.0126265 0 0)
(0.0125874 0 0)
(0.0125482 0 0)
(0.0125088 0 0)
(0.0124693 0 0)
(0.0124296 0 0)
(0.0123898 0 0)
(0.0123498 0 0)
(0.0123096 0 0)
(0.0122692 0 0)
(0.0122286 0 0)
(0.0121878 0 0)
(0.0121467 0 0)
(0.0121054 0 0)
(0.0120638 0 0)
(0.012022 0 0)
(0.0119798 0 0)
(0.0119373 0 0)
(0.0118945 0 0)
(0.0118512 0 0)
(0.0118076 0 0)
(0.0117635 0 0)
(0.0117189 0 0)
(0.0116737 0 0)
(0.0116279 0 0)
(0.0115814 0 0)
(0.0115341 0 0)
(0.011486 0 0)
(0.0114368 0 0)
(0.0113865 0 0)
(0.0113348 0 0)
(0.0112816 0 0)
(0.0112265 0 0)
(0.0111692 0 0)
(0.0111091 0 0)
(0.0110457 0 0)
(0.0109779 0 0)
(0.0109047 0 0)
(0.0108241 0 0)
(0.0107335 0 0)
(0.0106288 0 0)
(0.0105031 0 0)
(0.010344 0 0)
(0.0101277 0 0)
(0.00980017 0 0)
(0.00921043 0 0)
(0.00776402 0 0)
(0.00377043 0 0)
(0.000417305 0 0)
(7.30854e-09 0 0)
(0 0 0)
(0 0 0)
(0 0 0)
(0 0 0)
(0 0 0)
(0 0 0)
(0 0 0)
)
;

boundaryField
{
    inlet
    {
        type            fixedValue;
        value           uniform (0 0 0);
    }
    outlet
    {
        type            zeroGradient;
    }
    yzfaces
    {
        type            empty;
    }
}


// ************************************************************************* //
