/*--------------------------------*- C++ -*----------------------------------*\
  =========                 |
  \\      /  F ield         | OpenFOAM: The Open Source CFD Toolbox
   \\    /   O peration     | Website:  https://openfoam.org
    \\  /    A nd           | Version:  10
     \\/     M anipulation  |
\*---------------------------------------------------------------------------*/
FoamFile
{
    format      ascii;
    class       volVectorField;
    location    "1.12";
    object      Ub;
}
// * * * * * * * * * * * * * * * * * * * * * * * * * * * * * * * * * * * * * //

dimensions      [0 1 -1 0 0 0 0];

internalField   nonuniform List<vector> 
100
(
(1.78007e-05 0 0)
(5.43428e-05 0 0)
(9.21261e-05 0 0)
(0.000130315 0 0)
(0.000168634 0 0)
(0.000206972 0 0)
(0.000245275 0 0)
(0.00028352 0 0)
(0.000321697 0 0)
(0.000359806 0 0)
(0.000397846 0 0)
(0.000435824 0 0)
(0.000473743 0 0)
(0.000511611 0 0)
(0.000549433 0 0)
(0.000587217 0 0)
(0.000624968 0 0)
(0.000662693 0 0)
(0.000700399 0 0)
(0.000738091 0 0)
(0.000775775 0 0)
(0.000813458 0 0)
(0.000851144 0 0)
(0.00088884 0 0)
(0.000926551 0 0)
(0.000964282 0 0)
(0.00100204 0 0)
(0.00103983 0 0)
(0.00107765 0 0)
(0.00111551 0 0)
(0.00115342 0 0)
(0.00119138 0 0)
(0.0012294 0 0)
(0.00126747 0 0)
(0.00130562 0 0)
(0.00134383 0 0)
(0.00138212 0 0)
(0.0014205 0 0)
(0.00145896 0 0)
(0.00149751 0 0)
(0.00153616 0 0)
(0.00157492 0 0)
(0.00161378 0 0)
(0.00165277 0 0)
(0.00169188 0 0)
(0.00173111 0 0)
(0.00177049 0 0)
(0.00181002 0 0)
(0.0018497 0 0)
(0.00188954 0 0)
(0.00192955 0 0)
(0.00196975 0 0)
(0.00201015 0 0)
(0.00205075 0 0)
(0.00209157 0 0)
(0.00213262 0 0)
(0.00217392 0 0)
(0.00221549 0 0)
(0.00225734 0 0)
(0.0022995 0 0)
(0.00234199 0 0)
(0.00238484 0 0)
(0.00242807 0 0)
(0.00247173 0 0)
(0.00251584 0 0)
(0.00256046 0 0)
(0.00260565 0 0)
(0.00265145 0 0)
(0.00269794 0 0)
(0.00274521 0 0)
(0.00279336 0 0)
(0.00284252 0 0)
(0.00289283 0 0)
(0.00294448 0 0)
(0.0029977 0 0)
(0.00305279 0 0)
(0.00311013 0 0)
(0.00317019 0 0)
(0.00323365 0 0)
(0.00330139 0 0)
(0.00337465 0 0)
(0.00345522 0 0)
(0.00354578 0 0)
(0.0036505 0 0)
(0.00377626 0 0)
(0.0039353 0 0)
(0.00415159 0 0)
(0.00447914 0 0)
(0.00506888 0 0)
(0.0065153 0 0)
(0.0105089 0 0)
(0.013862 0 0)
(0.0142793 0 0)
(0.0142793 0 0)
(0.0142793 0 0)
(0.0142793 0 0)
(0.0142793 0 0)
(0.0142793 0 0)
(0.0142793 0 0)
(0.0142793 0 0)
)
;

boundaryField
{
    inlet
    {
        type            fixedValue;
        value           uniform (0 0 0);
    }
    outlet
    {
        type            zeroGradient;
    }
    yzfaces
    {
        type            empty;
    }
}


// ************************************************************************* //
