/*--------------------------------*- C++ -*----------------------------------*\
  =========                 |
  \\      /  F ield         | OpenFOAM: The Open Source CFD Toolbox
   \\    /   O peration     | Website:  https://openfoam.org
    \\  /    A nd           | Version:  10
     \\/     M anipulation  |
\*---------------------------------------------------------------------------*/
FoamFile
{
    format      ascii;
    class       volVectorField;
    location    "0.175";
    object      Ub;
}
// * * * * * * * * * * * * * * * * * * * * * * * * * * * * * * * * * * * * * //

dimensions      [0 1 -1 0 0 0 0];

internalField   nonuniform List<vector> 
100
(
(0.000121982 0 0)
(0.000366879 0 0)
(0.000613439 0 0)
(0.000862151 0 0)
(0.00111458 0 0)
(0.00137264 0 0)
(0.00163878 0 0)
(0.00191629 0 0)
(0.00221007 0 0)
(0.00252801 0 0)
(0.00288408 0 0)
(0.00330614 0 0)
(0.00385918 0 0)
(0.00473608 0 0)
(0.00676348 0 0)
(0.0111295 0 0)
(0.0141545 0 0)
(0.0142847 0 0)
(0.0142847 0 0)
(0.0142847 0 0)
(0.0142847 0 0)
(0.0142847 0 0)
(0.0142847 0 0)
(0.0142847 0 0)
(0.0142847 0 0)
(0.0142847 0 0)
(0.0142847 0 0)
(0.0142847 0 0)
(0.0142847 0 0)
(0.0142847 0 0)
(0.0142847 0 0)
(0.0142847 0 0)
(0.0142847 0 0)
(0.0142847 0 0)
(0.0142847 0 0)
(0.0142847 0 0)
(0.0142847 0 0)
(0.0142847 0 0)
(0.0142847 0 0)
(0.0142847 0 0)
(0.0142847 0 0)
(0.0142847 0 0)
(0.0142847 0 0)
(0.0142847 0 0)
(0.0142847 0 0)
(0.0142847 0 0)
(0.0142847 0 0)
(0.0142847 0 0)
(0.0142847 0 0)
(0.0142847 0 0)
(0.0142847 0 0)
(0.0142847 0 0)
(0.0142847 0 0)
(0.0142847 0 0)
(0.0142847 0 0)
(0.0142847 0 0)
(0.0142847 0 0)
(0.0142847 0 0)
(0.0142847 0 0)
(0.0142847 0 0)
(0.0142847 0 0)
(0.0142847 0 0)
(0.0142847 0 0)
(0.0142847 0 0)
(0.0142847 0 0)
(0.0142847 0 0)
(0.0142847 0 0)
(0.0142847 0 0)
(0.0142847 0 0)
(0.0142847 0 0)
(0.0142847 0 0)
(0.0142847 0 0)
(0.0142847 0 0)
(0.0142847 0 0)
(0.0142847 0 0)
(0.0142847 0 0)
(0.0142847 0 0)
(0.0142847 0 0)
(0.0142847 0 0)
(0.0142847 0 0)
(0.0142847 0 0)
(0.0142847 0 0)
(0.0142847 0 0)
(0.0142847 0 0)
(0.0142847 0 0)
(0.0142847 0 0)
(0.0142847 0 0)
(0.0142847 0 0)
(0.0142847 0 0)
(0.0142847 0 0)
(0.0142847 0 0)
(0.0142847 0 0)
(0.0142847 0 0)
(0.0142847 0 0)
(0.0142847 0 0)
(0.0142847 0 0)
(0.0142847 0 0)
(0.0142847 0 0)
(0.0142847 0 0)
(0.0142847 0 0)
)
;

boundaryField
{
    inlet
    {
        type            fixedValue;
        value           uniform (0 0 0);
    }
    outlet
    {
        type            zeroGradient;
    }
    yzfaces
    {
        type            empty;
    }
}


// ************************************************************************* //
