/*--------------------------------*- C++ -*----------------------------------*\
  =========                 |
  \\      /  F ield         | OpenFOAM: The Open Source CFD Toolbox
   \\    /   O peration     | Website:  https://openfoam.org
    \\  /    A nd           | Version:  10
     \\/     M anipulation  |
\*---------------------------------------------------------------------------*/
FoamFile
{
    format      ascii;
    class       volVectorField;
    location    "0.325";
    object      Ub;
}
// * * * * * * * * * * * * * * * * * * * * * * * * * * * * * * * * * * * * * //

dimensions      [0 1 -1 0 0 0 0];

internalField   nonuniform List<vector> 
100
(
(6.48958e-05 0 0)
(0.000195616 0 0)
(0.000327281 0 0)
(0.000458905 0 0)
(0.000590486 0 0)
(0.000722211 0 0)
(0.000854308 0 0)
(0.000987021 0 0)
(0.0011206 0 0)
(0.00125532 0 0)
(0.00139148 0 0)
(0.00152939 0 0)
(0.00166945 0 0)
(0.00181212 0 0)
(0.00195797 0 0)
(0.00210773 0 0)
(0.00226239 0 0)
(0.00242328 0 0)
(0.0025923 0 0)
(0.00277228 0 0)
(0.00296765 0 0)
(0.00318574 0 0)
(0.00343974 0 0)
(0.00375586 0 0)
(0.00419462 0 0)
(0.00493147 0 0)
(0.00669474 0 0)
(0.0109221 0 0)
(0.0140731 0 0)
(0.0142839 0 0)
(0.0142839 0 0)
(0.0142839 0 0)
(0.0142839 0 0)
(0.0142839 0 0)
(0.0142839 0 0)
(0.0142839 0 0)
(0.0142839 0 0)
(0.0142839 0 0)
(0.0142839 0 0)
(0.0142839 0 0)
(0.0142839 0 0)
(0.0142839 0 0)
(0.0142839 0 0)
(0.0142839 0 0)
(0.0142839 0 0)
(0.0142839 0 0)
(0.0142839 0 0)
(0.0142839 0 0)
(0.0142839 0 0)
(0.0142839 0 0)
(0.0142839 0 0)
(0.0142839 0 0)
(0.0142839 0 0)
(0.0142839 0 0)
(0.0142839 0 0)
(0.0142839 0 0)
(0.0142839 0 0)
(0.0142839 0 0)
(0.0142839 0 0)
(0.0142839 0 0)
(0.0142839 0 0)
(0.0142839 0 0)
(0.0142839 0 0)
(0.0142839 0 0)
(0.0142839 0 0)
(0.0142839 0 0)
(0.0142839 0 0)
(0.0142839 0 0)
(0.0142839 0 0)
(0.0142839 0 0)
(0.0142839 0 0)
(0.0142839 0 0)
(0.0142839 0 0)
(0.0142839 0 0)
(0.0142839 0 0)
(0.0142839 0 0)
(0.0142839 0 0)
(0.0142839 0 0)
(0.0142839 0 0)
(0.0142839 0 0)
(0.0142839 0 0)
(0.0142839 0 0)
(0.0142839 0 0)
(0.0142839 0 0)
(0.0142839 0 0)
(0.0142839 0 0)
(0.0142839 0 0)
(0.0142839 0 0)
(0.0142839 0 0)
(0.0142839 0 0)
(0.0142839 0 0)
(0.0142839 0 0)
(0.0142839 0 0)
(0.0142839 0 0)
(0.0142839 0 0)
(0.0142839 0 0)
(0.0142839 0 0)
(0.0142839 0 0)
(0.0142839 0 0)
(0.0142839 0 0)
)
;

boundaryField
{
    inlet
    {
        type            fixedValue;
        value           uniform (0 0 0);
    }
    outlet
    {
        type            zeroGradient;
    }
    yzfaces
    {
        type            empty;
    }
}


// ************************************************************************* //
