/*--------------------------------*- C++ -*----------------------------------*\
  =========                 |
  \\      /  F ield         | OpenFOAM: The Open Source CFD Toolbox
   \\    /   O peration     | Website:  https://openfoam.org
    \\  /    A nd           | Version:  10
     \\/     M anipulation  |
\*---------------------------------------------------------------------------*/
FoamFile
{
    format      ascii;
    class       volVectorField;
    location    "1.065";
    object      Ua;
}
// * * * * * * * * * * * * * * * * * * * * * * * * * * * * * * * * * * * * * //

dimensions      [0 1 -1 0 0 0 0];

internalField   nonuniform List<vector> 
100
(
(0.00712103 0 0)
(0.0142223 0 0)
(0.0141825 0 0)
(0.0141424 0 0)
(0.0141021 0 0)
(0.0140618 0 0)
(0.0140215 0 0)
(0.0139813 0 0)
(0.0139412 0 0)
(0.0139011 0 0)
(0.0138612 0 0)
(0.0138213 0 0)
(0.0137814 0 0)
(0.0137416 0 0)
(0.0137019 0 0)
(0.0136621 0 0)
(0.0136224 0 0)
(0.0135828 0 0)
(0.0135431 0 0)
(0.0135035 0 0)
(0.0134638 0 0)
(0.0134242 0 0)
(0.0133845 0 0)
(0.0133448 0 0)
(0.0133051 0 0)
(0.0132654 0 0)
(0.0132256 0 0)
(0.0131858 0 0)
(0.0131459 0 0)
(0.013106 0 0)
(0.013066 0 0)
(0.013026 0 0)
(0.0129859 0 0)
(0.0129457 0 0)
(0.0129054 0 0)
(0.012865 0 0)
(0.0128245 0 0)
(0.0127839 0 0)
(0.0127433 0 0)
(0.0127024 0 0)
(0.0126615 0 0)
(0.0126204 0 0)
(0.0125792 0 0)
(0.0125379 0 0)
(0.0124964 0 0)
(0.0124547 0 0)
(0.0124128 0 0)
(0.0123708 0 0)
(0.0123285 0 0)
(0.0122861 0 0)
(0.0122434 0 0)
(0.0122004 0 0)
(0.0121572 0 0)
(0.0121138 0 0)
(0.01207 0 0)
(0.0120259 0 0)
(0.0119815 0 0)
(0.0119367 0 0)
(0.0118915 0 0)
(0.0118458 0 0)
(0.0117997 0 0)
(0.011753 0 0)
(0.0117058 0 0)
(0.0116579 0 0)
(0.0116092 0 0)
(0.0115598 0 0)
(0.0115094 0 0)
(0.011458 0 0)
(0.0114053 0 0)
(0.0113512 0 0)
(0.0112954 0 0)
(0.0112377 0 0)
(0.0111775 0 0)
(0.0111144 0 0)
(0.0110476 0 0)
(0.0109761 0 0)
(0.0108985 0 0)
(0.0108128 0 0)
(0.0107159 0 0)
(0.0106028 0 0)
(0.0104652 0 0)
(0.0102877 0 0)
(0.0100391 0 0)
(0.00964427 0 0)
(0.00887003 0 0)
(0.00667929 0 0)
(0.00254943 0 0)
(4.17676e-05 0 0)
(1.30341e-12 0 0)
(0 0 0)
(0 0 0)
(0 0 0)
(0 0 0)
(0 0 0)
(0 0 0)
(0 0 0)
(0 0 0)
(0 0 0)
(0 0 0)
(0 0 0)
)
;

boundaryField
{
    inlet
    {
        type            fixedValue;
        value           uniform (0 0 0);
    }
    outlet
    {
        type            zeroGradient;
    }
    yzfaces
    {
        type            empty;
    }
}


// ************************************************************************* //
