/*--------------------------------*- C++ -*----------------------------------*\
  =========                 |
  \\      /  F ield         | OpenFOAM: The Open Source CFD Toolbox
   \\    /   O peration     | Website:  https://openfoam.org
    \\  /    A nd           | Version:  10
     \\/     M anipulation  |
\*---------------------------------------------------------------------------*/
FoamFile
{
    format      ascii;
    class       volVectorField;
    location    "1.065";
    object      Ub;
}
// * * * * * * * * * * * * * * * * * * * * * * * * * * * * * * * * * * * * * //

dimensions      [0 1 -1 0 0 0 0];

internalField   nonuniform List<vector> 
100
(
(1.87862e-05 0 0)
(5.73156e-05 0 0)
(9.70989e-05 0 0)
(0.000137278 0 0)
(0.000177576 0 0)
(0.000217879 0 0)
(0.000258137 0 0)
(0.00029833 0 0)
(0.000338449 0 0)
(0.000378494 0 0)
(0.000418468 0 0)
(0.000458376 0 0)
(0.000498226 0 0)
(0.000538025 0 0)
(0.000577781 0 0)
(0.000617499 0 0)
(0.000657189 0 0)
(0.000696858 0 0)
(0.000736512 0 0)
(0.000776158 0 0)
(0.000815804 0 0)
(0.000855455 0 0)
(0.000895119 0 0)
(0.000934801 0 0)
(0.000974509 0 0)
(0.00101425 0 0)
(0.00105402 0 0)
(0.00109384 0 0)
(0.00113371 0 0)
(0.00117363 0 0)
(0.00121361 0 0)
(0.00125366 0 0)
(0.00129378 0 0)
(0.00133398 0 0)
(0.00137427 0 0)
(0.00141464 0 0)
(0.00145511 0 0)
(0.00149569 0 0)
(0.00153638 0 0)
(0.00157719 0 0)
(0.00161812 0 0)
(0.00165918 0 0)
(0.00170039 0 0)
(0.00174175 0 0)
(0.00178326 0 0)
(0.00182494 0 0)
(0.0018668 0 0)
(0.00190885 0 0)
(0.00195111 0 0)
(0.00199357 0 0)
(0.00203626 0 0)
(0.0020792 0 0)
(0.00212239 0 0)
(0.00216586 0 0)
(0.00220963 0 0)
(0.00225372 0 0)
(0.00229815 0 0)
(0.00234296 0 0)
(0.00238817 0 0)
(0.00243382 0 0)
(0.00247995 0 0)
(0.00252661 0 0)
(0.00257387 0 0)
(0.00262177 0 0)
(0.0026704 0 0)
(0.00271985 0 0)
(0.00277023 0 0)
(0.00282167 0 0)
(0.00287434 0 0)
(0.00292843 0 0)
(0.00298419 0 0)
(0.00304196 0 0)
(0.00310213 0 0)
(0.00316525 0 0)
(0.00323205 0 0)
(0.00330353 0 0)
(0.00338109 0 0)
(0.00346679 0 0)
(0.00356372 0 0)
(0.00367684 0 0)
(0.00381448 0 0)
(0.00399194 0 0)
(0.0042405 0 0)
(0.00463536 0 0)
(0.0054096 0 0)
(0.00760034 0 0)
(0.0117302 0 0)
(0.0142379 0 0)
(0.0142796 0 0)
(0.0142796 0 0)
(0.0142796 0 0)
(0.0142796 0 0)
(0.0142796 0 0)
(0.0142796 0 0)
(0.0142796 0 0)
(0.0142796 0 0)
(0.0142796 0 0)
(0.0142796 0 0)
(0.0142796 0 0)
(0.0142796 0 0)
)
;

boundaryField
{
    inlet
    {
        type            fixedValue;
        value           uniform (0 0 0);
    }
    outlet
    {
        type            zeroGradient;
    }
    yzfaces
    {
        type            empty;
    }
}


// ************************************************************************* //
