/*--------------------------------*- C++ -*----------------------------------*\
  =========                 |
  \\      /  F ield         | OpenFOAM: The Open Source CFD Toolbox
   \\    /   O peration     | Website:  https://openfoam.org
    \\  /    A nd           | Version:  10
     \\/     M anipulation  |
\*---------------------------------------------------------------------------*/
FoamFile
{
    format      ascii;
    class       volVectorField;
    location    "0.95";
    object      Ub;
}
// * * * * * * * * * * * * * * * * * * * * * * * * * * * * * * * * * * * * * //

dimensions      [0 1 -1 0 0 0 0];

internalField   nonuniform List<vector> 
100
(
(2.12203e-05 0 0)
(6.46513e-05 0 0)
(0.000109359 0 0)
(0.000154436 0 0)
(0.000199599 0 0)
(0.000244738 0 0)
(0.00028981 0 0)
(0.000334797 0 0)
(0.000379697 0 0)
(0.000424514 0 0)
(0.000469255 0 0)
(0.000513929 0 0)
(0.000558547 0 0)
(0.000603119 0 0)
(0.000647654 0 0)
(0.000692165 0 0)
(0.000736659 0 0)
(0.000781148 0 0)
(0.00082564 0 0)
(0.000870145 0 0)
(0.000914672 0 0)
(0.00095923 0 0)
(0.00100383 0 0)
(0.00104847 0 0)
(0.00109318 0 0)
(0.00113794 0 0)
(0.00118279 0 0)
(0.00122771 0 0)
(0.00127273 0 0)
(0.00131784 0 0)
(0.00136306 0 0)
(0.0014084 0 0)
(0.00145387 0 0)
(0.00149948 0 0)
(0.00154523 0 0)
(0.00159114 0 0)
(0.00163722 0 0)
(0.00168347 0 0)
(0.00172992 0 0)
(0.00177658 0 0)
(0.00182345 0 0)
(0.00187056 0 0)
(0.00191792 0 0)
(0.00196555 0 0)
(0.00201347 0 0)
(0.00206169 0 0)
(0.00211025 0 0)
(0.00215917 0 0)
(0.00220848 0 0)
(0.00225821 0 0)
(0.0023084 0 0)
(0.00235909 0 0)
(0.00241033 0 0)
(0.00246219 0 0)
(0.00251472 0 0)
(0.00256801 0 0)
(0.00262215 0 0)
(0.00267725 0 0)
(0.00273345 0 0)
(0.00279091 0 0)
(0.00284985 0 0)
(0.00291051 0 0)
(0.00297322 0 0)
(0.00303842 0 0)
(0.00310665 0 0)
(0.00317867 0 0)
(0.00325551 0 0)
(0.00333863 0 0)
(0.00343016 0 0)
(0.00353335 0 0)
(0.00365338 0 0)
(0.00379911 0 0)
(0.00398689 0 0)
(0.00425061 0 0)
(0.00467353 0 0)
(0.00552253 0 0)
(0.00800645 0 0)
(0.0120771 0 0)
(0.0142635 0 0)
(0.0142803 0 0)
(0.0142803 0 0)
(0.0142803 0 0)
(0.0142803 0 0)
(0.0142803 0 0)
(0.0142803 0 0)
(0.0142803 0 0)
(0.0142803 0 0)
(0.0142803 0 0)
(0.0142803 0 0)
(0.0142803 0 0)
(0.0142803 0 0)
(0.0142803 0 0)
(0.0142803 0 0)
(0.0142803 0 0)
(0.0142803 0 0)
(0.0142803 0 0)
(0.0142803 0 0)
(0.0142803 0 0)
(0.0142803 0 0)
(0.0142803 0 0)
)
;

boundaryField
{
    inlet
    {
        type            fixedValue;
        value           uniform (0 0 0);
    }
    outlet
    {
        type            zeroGradient;
    }
    yzfaces
    {
        type            empty;
    }
}


// ************************************************************************* //
