/*--------------------------------*- C++ -*----------------------------------*\
  =========                 |
  \\      /  F ield         | OpenFOAM: The Open Source CFD Toolbox
   \\    /   O peration     | Website:  https://openfoam.org
    \\  /    A nd           | Version:  10
     \\/     M anipulation  |
\*---------------------------------------------------------------------------*/
FoamFile
{
    format      ascii;
    class       volVectorField;
    location    "0.415";
    object      Ua;
}
// * * * * * * * * * * * * * * * * * * * * * * * * * * * * * * * * * * * * * //

dimensions      [0 1 -1 0 0 0 0];

internalField   nonuniform List<vector> 
100
(
(0.0070912 0 0)
(0.0141309 0 0)
(0.0140278 0 0)
(0.0139248 0 0)
(0.0138219 0 0)
(0.0137191 0 0)
(0.0136164 0 0)
(0.0135135 0 0)
(0.0134105 0 0)
(0.0133071 0 0)
(0.0132034 0 0)
(0.013099 0 0)
(0.012994 0 0)
(0.0128882 0 0)
(0.0127814 0 0)
(0.0126735 0 0)
(0.0125643 0 0)
(0.0124535 0 0)
(0.0123409 0 0)
(0.0122263 0 0)
(0.0121091 0 0)
(0.0119889 0 0)
(0.0118651 0 0)
(0.0117366 0 0)
(0.0116024 0 0)
(0.0114607 0 0)
(0.0113088 0 0)
(0.0111428 0 0)
(0.0109559 0 0)
(0.0107366 0 0)
(0.0104621 0 0)
(0.0100815 0 0)
(0.00945528 0 0)
(0.00804657 0 0)
(0.00409526 0 0)
(0.000576074 0 0)
(2.56105e-08 0 0)
(0 0 0)
(0 0 0)
(0 0 0)
(0 0 0)
(0 0 0)
(0 0 0)
(0 0 0)
(0 0 0)
(0 0 0)
(0 0 0)
(0 0 0)
(0 0 0)
(0 0 0)
(0 0 0)
(0 0 0)
(0 0 0)
(0 0 0)
(0 0 0)
(0 0 0)
(0 0 0)
(0 0 0)
(0 0 0)
(0 0 0)
(0 0 0)
(0 0 0)
(0 0 0)
(0 0 0)
(0 0 0)
(0 0 0)
(0 0 0)
(0 0 0)
(0 0 0)
(0 0 0)
(0 0 0)
(0 0 0)
(0 0 0)
(0 0 0)
(0 0 0)
(0 0 0)
(0 0 0)
(0 0 0)
(0 0 0)
(0 0 0)
(0 0 0)
(0 0 0)
(0 0 0)
(0 0 0)
(0 0 0)
(0 0 0)
(0 0 0)
(0 0 0)
(0 0 0)
(0 0 0)
(0 0 0)
(0 0 0)
(0 0 0)
(0 0 0)
(0 0 0)
(0 0 0)
(0 0 0)
(0 0 0)
(0 0 0)
(0 0 0)
)
;

boundaryField
{
    inlet
    {
        type            fixedValue;
        value           uniform (0 0 0);
    }
    outlet
    {
        type            zeroGradient;
    }
    yzfaces
    {
        type            empty;
    }
}


// ************************************************************************* //
