/*--------------------------------*- C++ -*----------------------------------*\
  =========                 |
  \\      /  F ield         | OpenFOAM: The Open Source CFD Toolbox
   \\    /   O peration     | Website:  https://openfoam.org
    \\  /    A nd           | Version:  10
     \\/     M anipulation  |
\*---------------------------------------------------------------------------*/
FoamFile
{
    format      ascii;
    class       volVectorField;
    location    "0.415";
    object      Ub;
}
// * * * * * * * * * * * * * * * * * * * * * * * * * * * * * * * * * * * * * //

dimensions      [0 1 -1 0 0 0 0];

internalField   nonuniform List<vector> 
100
(
(5.04767e-05 0 0)
(0.000152442 0 0)
(0.000255498 0 0)
(0.000358552 0 0)
(0.000461448 0 0)
(0.000564224 0 0)
(0.000666976 0 0)
(0.000769813 0 0)
(0.00087285 0 0)
(0.000976203 0 0)
(0.00107999 0 0)
(0.00118432 0 0)
(0.00128934 0 0)
(0.00139517 0 0)
(0.00150196 0 0)
(0.00160987 0 0)
(0.00171909 0 0)
(0.00182985 0 0)
(0.0019424 0 0)
(0.00205706 0 0)
(0.00217423 0 0)
(0.00229442 0 0)
(0.00241828 0 0)
(0.0025467 0 0)
(0.00268092 0 0)
(0.00282267 0 0)
(0.00297455 0 0)
(0.00314059 0 0)
(0.00332741 0 0)
(0.0035467 0 0)
(0.00382123 0 0)
(0.0042018 0 0)
(0.00482806 0 0)
(0.00623677 0 0)
(0.0101881 0 0)
(0.0137073 0 0)
(0.0142833 0 0)
(0.0142833 0 0)
(0.0142833 0 0)
(0.0142833 0 0)
(0.0142833 0 0)
(0.0142833 0 0)
(0.0142833 0 0)
(0.0142833 0 0)
(0.0142833 0 0)
(0.0142833 0 0)
(0.0142833 0 0)
(0.0142833 0 0)
(0.0142833 0 0)
(0.0142833 0 0)
(0.0142833 0 0)
(0.0142833 0 0)
(0.0142833 0 0)
(0.0142833 0 0)
(0.0142833 0 0)
(0.0142833 0 0)
(0.0142833 0 0)
(0.0142833 0 0)
(0.0142833 0 0)
(0.0142833 0 0)
(0.0142833 0 0)
(0.0142833 0 0)
(0.0142833 0 0)
(0.0142833 0 0)
(0.0142833 0 0)
(0.0142833 0 0)
(0.0142833 0 0)
(0.0142833 0 0)
(0.0142833 0 0)
(0.0142833 0 0)
(0.0142833 0 0)
(0.0142833 0 0)
(0.0142833 0 0)
(0.0142833 0 0)
(0.0142833 0 0)
(0.0142833 0 0)
(0.0142833 0 0)
(0.0142833 0 0)
(0.0142833 0 0)
(0.0142833 0 0)
(0.0142833 0 0)
(0.0142833 0 0)
(0.0142833 0 0)
(0.0142833 0 0)
(0.0142833 0 0)
(0.0142833 0 0)
(0.0142833 0 0)
(0.0142833 0 0)
(0.0142833 0 0)
(0.0142833 0 0)
(0.0142833 0 0)
(0.0142833 0 0)
(0.0142833 0 0)
(0.0142833 0 0)
(0.0142833 0 0)
(0.0142833 0 0)
(0.0142833 0 0)
(0.0142833 0 0)
(0.0142833 0 0)
(0.0142833 0 0)
)
;

boundaryField
{
    inlet
    {
        type            fixedValue;
        value           uniform (0 0 0);
    }
    outlet
    {
        type            zeroGradient;
    }
    yzfaces
    {
        type            empty;
    }
}


// ************************************************************************* //
