/*--------------------------------*- C++ -*----------------------------------*\
  =========                 |
  \\      /  F ield         | OpenFOAM: The Open Source CFD Toolbox
   \\    /   O peration     | Website:  https://openfoam.org
    \\  /    A nd           | Version:  10
     \\/     M anipulation  |
\*---------------------------------------------------------------------------*/
FoamFile
{
    format      ascii;
    class       volVectorField;
    location    "0.66";
    object      Ua;
}
// * * * * * * * * * * * * * * * * * * * * * * * * * * * * * * * * * * * * * //

dimensions      [0 1 -1 0 0 0 0];

internalField   nonuniform List<vector> 
100
(
(0.00710981 0 0)
(0.0141874 0 0)
(0.0141227 0 0)
(0.0140578 0 0)
(0.013993 0 0)
(0.0139282 0 0)
(0.0138636 0 0)
(0.0137991 0 0)
(0.0137347 0 0)
(0.0136704 0 0)
(0.0136061 0 0)
(0.0135419 0 0)
(0.0134776 0 0)
(0.0134133 0 0)
(0.0133489 0 0)
(0.0132844 0 0)
(0.0132197 0 0)
(0.0131549 0 0)
(0.01309 0 0)
(0.0130248 0 0)
(0.0129594 0 0)
(0.0128937 0 0)
(0.0128277 0 0)
(0.0127614 0 0)
(0.0126947 0 0)
(0.0126276 0 0)
(0.0125601 0 0)
(0.0124921 0 0)
(0.0124235 0 0)
(0.0123543 0 0)
(0.0122845 0 0)
(0.0122139 0 0)
(0.0121425 0 0)
(0.0120702 0 0)
(0.0119969 0 0)
(0.0119223 0 0)
(0.0118465 0 0)
(0.011769 0 0)
(0.0116898 0 0)
(0.0116084 0 0)
(0.0115244 0 0)
(0.0114373 0 0)
(0.0113463 0 0)
(0.0112504 0 0)
(0.0111481 0 0)
(0.0110374 0 0)
(0.0109149 0 0)
(0.0107756 0 0)
(0.0106107 0 0)
(0.010404 0 0)
(0.0101218 0 0)
(0.00968198 0 0)
(0.00882161 0 0)
(0.00635047 0 0)
(0.00225154 0 0)
(1.87772e-05 0 0)
(7.16406e-14 0 0)
(0 0 0)
(0 0 0)
(0 0 0)
(0 0 0)
(0 0 0)
(0 0 0)
(0 0 0)
(0 0 0)
(0 0 0)
(0 0 0)
(0 0 0)
(0 0 0)
(0 0 0)
(0 0 0)
(0 0 0)
(0 0 0)
(0 0 0)
(0 0 0)
(0 0 0)
(0 0 0)
(0 0 0)
(0 0 0)
(0 0 0)
(0 0 0)
(0 0 0)
(0 0 0)
(0 0 0)
(0 0 0)
(0 0 0)
(0 0 0)
(0 0 0)
(0 0 0)
(0 0 0)
(0 0 0)
(0 0 0)
(0 0 0)
(0 0 0)
(0 0 0)
(0 0 0)
(0 0 0)
(0 0 0)
(0 0 0)
(0 0 0)
)
;

boundaryField
{
    inlet
    {
        type            fixedValue;
        value           uniform (0 0 0);
    }
    outlet
    {
        type            zeroGradient;
    }
    yzfaces
    {
        type            empty;
    }
}


// ************************************************************************* //
