/*--------------------------------*- C++ -*----------------------------------*\
  =========                 |
  \\      /  F ield         | OpenFOAM: The Open Source CFD Toolbox
   \\    /   O peration     | Website:  https://openfoam.org
    \\  /    A nd           | Version:  10
     \\/     M anipulation  |
\*---------------------------------------------------------------------------*/
FoamFile
{
    format      ascii;
    class       volVectorField;
    location    "0.66";
    object      Ub;
}
// * * * * * * * * * * * * * * * * * * * * * * * * * * * * * * * * * * * * * //

dimensions      [0 1 -1 0 0 0 0];

internalField   nonuniform List<vector> 
100
(
(3.11678e-05 0 0)
(9.45597e-05 0 0)
(0.000159229 0 0)
(0.00022413 0 0)
(0.00028899 0 0)
(0.000353729 0 0)
(0.000418334 0 0)
(0.000482819 0 0)
(0.000547207 0 0)
(0.000611524 0 0)
(0.000675802 0 0)
(0.000740068 0 0)
(0.000804351 0 0)
(0.00086868 0 0)
(0.000933083 0 0)
(0.000997586 0 0)
(0.00106222 0 0)
(0.001127 0 0)
(0.00119197 0 0)
(0.00125715 0 0)
(0.00132257 0 0)
(0.00138825 0 0)
(0.00145424 0 0)
(0.00152055 0 0)
(0.00158724 0 0)
(0.00165433 0 0)
(0.00172186 0 0)
(0.00178989 0 0)
(0.00185846 0 0)
(0.00192763 0 0)
(0.00199746 0 0)
(0.00206803 0 0)
(0.00213942 0 0)
(0.00221173 0 0)
(0.00228508 0 0)
(0.0023596 0 0)
(0.00243548 0 0)
(0.00251291 0 0)
(0.00259217 0 0)
(0.00267357 0 0)
(0.00275755 0 0)
(0.00284466 0 0)
(0.00293566 0 0)
(0.00303156 0 0)
(0.00313382 0 0)
(0.00324456 0 0)
(0.003367 0 0)
(0.0035063 0 0)
(0.00367122 0 0)
(0.00387797 0 0)
(0.00416014 0 0)
(0.00459997 0 0)
(0.00546033 0 0)
(0.00793148 0 0)
(0.0120304 0 0)
(0.0142632 0 0)
(0.0142819 0 0)
(0.0142819 0 0)
(0.0142819 0 0)
(0.0142819 0 0)
(0.0142819 0 0)
(0.0142819 0 0)
(0.0142819 0 0)
(0.0142819 0 0)
(0.0142819 0 0)
(0.0142819 0 0)
(0.0142819 0 0)
(0.0142819 0 0)
(0.0142819 0 0)
(0.0142819 0 0)
(0.0142819 0 0)
(0.0142819 0 0)
(0.0142819 0 0)
(0.0142819 0 0)
(0.0142819 0 0)
(0.0142819 0 0)
(0.0142819 0 0)
(0.0142819 0 0)
(0.0142819 0 0)
(0.0142819 0 0)
(0.0142819 0 0)
(0.0142819 0 0)
(0.0142819 0 0)
(0.0142819 0 0)
(0.0142819 0 0)
(0.0142819 0 0)
(0.0142819 0 0)
(0.0142819 0 0)
(0.0142819 0 0)
(0.0142819 0 0)
(0.0142819 0 0)
(0.0142819 0 0)
(0.0142819 0 0)
(0.0142819 0 0)
(0.0142819 0 0)
(0.0142819 0 0)
(0.0142819 0 0)
(0.0142819 0 0)
(0.0142819 0 0)
(0.0142819 0 0)
)
;

boundaryField
{
    inlet
    {
        type            fixedValue;
        value           uniform (0 0 0);
    }
    outlet
    {
        type            zeroGradient;
    }
    yzfaces
    {
        type            empty;
    }
}


// ************************************************************************* //
