/*--------------------------------*- C++ -*----------------------------------*\
  =========                 |
  \\      /  F ield         | OpenFOAM: The Open Source CFD Toolbox
   \\    /   O peration     | Website:  https://openfoam.org
    \\  /    A nd           | Version:  10
     \\/     M anipulation  |
\*---------------------------------------------------------------------------*/
FoamFile
{
    format      ascii;
    class       volVectorField;
    location    "1.22";
    object      Ua;
}
// * * * * * * * * * * * * * * * * * * * * * * * * * * * * * * * * * * * * * //

dimensions      [0 1 -1 0 0 0 0];

internalField   nonuniform List<vector> 
100
(
(0.00712313 0 0)
(0.0142291 0 0)
(0.0141945 0 0)
(0.0141595 0 0)
(0.0141243 0 0)
(0.0140891 0 0)
(0.0140539 0 0)
(0.0140188 0 0)
(0.0139837 0 0)
(0.0139486 0 0)
(0.0139137 0 0)
(0.0138787 0 0)
(0.0138439 0 0)
(0.0138091 0 0)
(0.0137743 0 0)
(0.0137396 0 0)
(0.0137049 0 0)
(0.0136703 0 0)
(0.0136356 0 0)
(0.013601 0 0)
(0.0135664 0 0)
(0.0135319 0 0)
(0.0134973 0 0)
(0.0134627 0 0)
(0.0134282 0 0)
(0.0133936 0 0)
(0.013359 0 0)
(0.0133244 0 0)
(0.0132898 0 0)
(0.0132551 0 0)
(0.0132204 0 0)
(0.0131857 0 0)
(0.013151 0 0)
(0.0131162 0 0)
(0.0130814 0 0)
(0.0130465 0 0)
(0.0130116 0 0)
(0.0129767 0 0)
(0.0129416 0 0)
(0.0129065 0 0)
(0.0128714 0 0)
(0.0128362 0 0)
(0.0128009 0 0)
(0.0127655 0 0)
(0.01273 0 0)
(0.0126945 0 0)
(0.0126589 0 0)
(0.0126231 0 0)
(0.0125873 0 0)
(0.0125514 0 0)
(0.0125153 0 0)
(0.0124791 0 0)
(0.0124428 0 0)
(0.0124064 0 0)
(0.0123699 0 0)
(0.0123332 0 0)
(0.0122963 0 0)
(0.0122593 0 0)
(0.0122221 0 0)
(0.0121847 0 0)
(0.0121471 0 0)
(0.0121094 0 0)
(0.0120714 0 0)
(0.0120332 0 0)
(0.0119947 0 0)
(0.011956 0 0)
(0.011917 0 0)
(0.0118778 0 0)
(0.0118381 0 0)
(0.0117982 0 0)
(0.0117578 0 0)
(0.0117171 0 0)
(0.0116759 0 0)
(0.0116342 0 0)
(0.0115919 0 0)
(0.011549 0 0)
(0.0115055 0 0)
(0.0114611 0 0)
(0.0114159 0 0)
(0.0113697 0 0)
(0.0113223 0 0)
(0.0112736 0 0)
(0.0112233 0 0)
(0.0111711 0 0)
(0.0111166 0 0)
(0.0110594 0 0)
(0.0109987 0 0)
(0.0109336 0 0)
(0.0108629 0 0)
(0.0107847 0 0)
(0.0106962 0 0)
(0.0105931 0 0)
(0.0104681 0 0)
(0.0103082 0 0)
(0.0100879 0 0)
(0.00974827 0 0)
(0.00912103 0 0)
(0.00751865 0 0)
(0.00342151 0 0)
(0.000254759 0 0)
)
;

boundaryField
{
    inlet
    {
        type            fixedValue;
        value           uniform (0 0 0);
    }
    outlet
    {
        type            zeroGradient;
    }
    yzfaces
    {
        type            empty;
    }
}


// ************************************************************************* //
