/*--------------------------------*- C++ -*----------------------------------*\
  =========                 |
  \\      /  F ield         | OpenFOAM: The Open Source CFD Toolbox
   \\    /   O peration     | Website:  https://openfoam.org
    \\  /    A nd           | Version:  10
     \\/     M anipulation  |
\*---------------------------------------------------------------------------*/
FoamFile
{
    format      ascii;
    class       volVectorField;
    location    "1.22";
    object      Ub;
}
// * * * * * * * * * * * * * * * * * * * * * * * * * * * * * * * * * * * * * //

dimensions      [0 1 -1 0 0 0 0];

internalField   nonuniform List<vector> 
100
(
(1.62393e-05 0 0)
(4.96295e-05 0 0)
(8.42356e-05 0 0)
(0.00011926 0 0)
(0.000154435 0 0)
(0.000189647 0 0)
(0.00022484 0 0)
(0.00025999 0 0)
(0.000295083 0 0)
(0.000330115 0 0)
(0.000365087 0 0)
(0.0004 0 0)
(0.000434857 0 0)
(0.000469663 0 0)
(0.000504424 0 0)
(0.000539143 0 0)
(0.000573826 0 0)
(0.000608479 0 0)
(0.000643106 0 0)
(0.000677712 0 0)
(0.000712302 0 0)
(0.000746881 0 0)
(0.000781453 0 0)
(0.000816023 0 0)
(0.000850596 0 0)
(0.000885174 0 0)
(0.000919764 0 0)
(0.000954368 0 0)
(0.000988991 0 0)
(0.00102364 0 0)
(0.00105831 0 0)
(0.00109301 0 0)
(0.00112775 0 0)
(0.00116252 0 0)
(0.00119734 0 0)
(0.00123221 0 0)
(0.00126712 0 0)
(0.00130209 0 0)
(0.00133711 0 0)
(0.0013722 0 0)
(0.00140735 0 0)
(0.00144257 0 0)
(0.00147787 0 0)
(0.00151324 0 0)
(0.0015487 0 0)
(0.00158424 0 0)
(0.00161988 0 0)
(0.00165561 0 0)
(0.00169144 0 0)
(0.00172738 0 0)
(0.00176343 0 0)
(0.0017996 0 0)
(0.0018359 0 0)
(0.00187232 0 0)
(0.00190889 0 0)
(0.00194559 0 0)
(0.00198245 0 0)
(0.00201948 0 0)
(0.00205667 0 0)
(0.00209404 0 0)
(0.0021316 0 0)
(0.00216936 0 0)
(0.00220734 0 0)
(0.00224555 0 0)
(0.002284 0 0)
(0.00232271 0 0)
(0.0023617 0 0)
(0.00240099 0 0)
(0.0024406 0 0)
(0.00248056 0 0)
(0.0025209 0 0)
(0.00256166 0 0)
(0.00260287 0 0)
(0.00264458 0 0)
(0.00268685 0 0)
(0.00272972 0 0)
(0.00277329 0 0)
(0.00281763 0 0)
(0.00286285 0 0)
(0.00290907 0 0)
(0.00295645 0 0)
(0.00300517 0 0)
(0.00305548 0 0)
(0.00310767 0 0)
(0.00316214 0 0)
(0.00321937 0 0)
(0.00328006 0 0)
(0.00334511 0 0)
(0.00341581 0 0)
(0.00349401 0 0)
(0.0035825 0 0)
(0.00368564 0 0)
(0.00381065 0 0)
(0.00397051 0 0)
(0.00419087 0 0)
(0.00453048 0 0)
(0.00515771 0 0)
(0.0067601 0 0)
(0.0108572 0 0)
(0.014024 0 0)
)
;

boundaryField
{
    inlet
    {
        type            fixedValue;
        value           uniform (0 0 0);
    }
    outlet
    {
        type            zeroGradient;
    }
    yzfaces
    {
        type            empty;
    }
}


// ************************************************************************* //
