/*--------------------------------*- C++ -*----------------------------------*\
  =========                 |
  \\      /  F ield         | OpenFOAM: The Open Source CFD Toolbox
   \\    /   O peration     | Website:  https://openfoam.org
    \\  /    A nd           | Version:  10
     \\/     M anipulation  |
\*---------------------------------------------------------------------------*/
FoamFile
{
    format      ascii;
    class       volVectorField;
    location    "0.33";
    object      Ub;
}
// * * * * * * * * * * * * * * * * * * * * * * * * * * * * * * * * * * * * * //

dimensions      [0 1 -1 0 0 0 0];

internalField   nonuniform List<vector> 
100
(
(6.38882e-05 0 0)
(0.000192599 0 0)
(0.000322264 0 0)
(0.000451884 0 0)
(0.000581446 0 0)
(0.000711124 0 0)
(0.000841135 0 0)
(0.000971711 0 0)
(0.00110309 0 0)
(0.00123553 0 0)
(0.0013693 0 0)
(0.00150472 0 0)
(0.00164213 0 0)
(0.00178195 0 0)
(0.00192472 0 0)
(0.00207108 0 0)
(0.00222191 0 0)
(0.00237837 0 0)
(0.0025421 0 0)
(0.0027155 0 0)
(0.00290225 0 0)
(0.00310829 0 0)
(0.00334393 0 0)
(0.0036288 0 0)
(0.00400526 0 0)
(0.00458393 0 0)
(0.00575709 0 0)
(0.00919345 0 0)
(0.0130496 0 0)
(0.0142831 0 0)
(0.0142838 0 0)
(0.0142838 0 0)
(0.0142838 0 0)
(0.0142838 0 0)
(0.0142838 0 0)
(0.0142838 0 0)
(0.0142838 0 0)
(0.0142838 0 0)
(0.0142838 0 0)
(0.0142838 0 0)
(0.0142838 0 0)
(0.0142838 0 0)
(0.0142838 0 0)
(0.0142838 0 0)
(0.0142838 0 0)
(0.0142838 0 0)
(0.0142838 0 0)
(0.0142838 0 0)
(0.0142838 0 0)
(0.0142838 0 0)
(0.0142838 0 0)
(0.0142838 0 0)
(0.0142838 0 0)
(0.0142838 0 0)
(0.0142838 0 0)
(0.0142838 0 0)
(0.0142838 0 0)
(0.0142838 0 0)
(0.0142838 0 0)
(0.0142838 0 0)
(0.0142838 0 0)
(0.0142838 0 0)
(0.0142838 0 0)
(0.0142838 0 0)
(0.0142838 0 0)
(0.0142838 0 0)
(0.0142838 0 0)
(0.0142838 0 0)
(0.0142838 0 0)
(0.0142838 0 0)
(0.0142838 0 0)
(0.0142838 0 0)
(0.0142838 0 0)
(0.0142838 0 0)
(0.0142838 0 0)
(0.0142838 0 0)
(0.0142838 0 0)
(0.0142838 0 0)
(0.0142838 0 0)
(0.0142838 0 0)
(0.0142838 0 0)
(0.0142838 0 0)
(0.0142838 0 0)
(0.0142838 0 0)
(0.0142838 0 0)
(0.0142838 0 0)
(0.0142838 0 0)
(0.0142838 0 0)
(0.0142838 0 0)
(0.0142838 0 0)
(0.0142838 0 0)
(0.0142838 0 0)
(0.0142838 0 0)
(0.0142838 0 0)
(0.0142838 0 0)
(0.0142838 0 0)
(0.0142838 0 0)
(0.0142838 0 0)
(0.0142838 0 0)
(0.0142838 0 0)
)
;

boundaryField
{
    inlet
    {
        type            fixedValue;
        value           uniform (0 0 0);
    }
    outlet
    {
        type            zeroGradient;
    }
    yzfaces
    {
        type            empty;
    }
}


// ************************************************************************* //
