/*--------------------------------*- C++ -*----------------------------------*\
  =========                 |
  \\      /  F ield         | OpenFOAM: The Open Source CFD Toolbox
   \\    /   O peration     | Website:  https://openfoam.org
    \\  /    A nd           | Version:  10
     \\/     M anipulation  |
\*---------------------------------------------------------------------------*/
FoamFile
{
    format      ascii;
    class       volVectorField;
    location    "1.29";
    object      Ua;
}
// * * * * * * * * * * * * * * * * * * * * * * * * * * * * * * * * * * * * * //

dimensions      [0 1 -1 0 0 0 0];

internalField   nonuniform List<vector> 
100
(
(0.00712388 0 0)
(0.0142316 0 0)
(0.0141989 0 0)
(0.0141658 0 0)
(0.0141325 0 0)
(0.0140992 0 0)
(0.0140659 0 0)
(0.0140327 0 0)
(0.0139995 0 0)
(0.0139663 0 0)
(0.0139332 0 0)
(0.0139001 0 0)
(0.0138671 0 0)
(0.0138342 0 0)
(0.0138013 0 0)
(0.0137684 0 0)
(0.0137356 0 0)
(0.0137028 0 0)
(0.0136701 0 0)
(0.0136373 0 0)
(0.0136046 0 0)
(0.0135719 0 0)
(0.0135392 0 0)
(0.0135065 0 0)
(0.0134738 0 0)
(0.0134412 0 0)
(0.0134085 0 0)
(0.0133758 0 0)
(0.0133431 0 0)
(0.0133104 0 0)
(0.0132776 0 0)
(0.0132449 0 0)
(0.0132121 0 0)
(0.0131793 0 0)
(0.0131465 0 0)
(0.0131136 0 0)
(0.0130807 0 0)
(0.0130477 0 0)
(0.0130147 0 0)
(0.0129817 0 0)
(0.0129486 0 0)
(0.0129155 0 0)
(0.0128823 0 0)
(0.012849 0 0)
(0.0128157 0 0)
(0.0127823 0 0)
(0.0127489 0 0)
(0.0127153 0 0)
(0.0126817 0 0)
(0.012648 0 0)
(0.0126143 0 0)
(0.0125804 0 0)
(0.0125464 0 0)
(0.0125124 0 0)
(0.0124782 0 0)
(0.0124439 0 0)
(0.0124096 0 0)
(0.0123751 0 0)
(0.0123404 0 0)
(0.0123057 0 0)
(0.0122708 0 0)
(0.0122357 0 0)
(0.0122005 0 0)
(0.0121651 0 0)
(0.0121296 0 0)
(0.0120939 0 0)
(0.012058 0 0)
(0.0120219 0 0)
(0.0119855 0 0)
(0.011949 0 0)
(0.0119122 0 0)
(0.0118751 0 0)
(0.0118377 0 0)
(0.0118001 0 0)
(0.0117621 0 0)
(0.0117238 0 0)
(0.011685 0 0)
(0.0116459 0 0)
(0.0116062 0 0)
(0.0115661 0 0)
(0.0115254 0 0)
(0.011484 0 0)
(0.0114419 0 0)
(0.0113991 0 0)
(0.0113552 0 0)
(0.0113104 0 0)
(0.0112642 0 0)
(0.0112167 0 0)
(0.0111674 0 0)
(0.0111161 0 0)
(0.0110623 0 0)
(0.0110055 0 0)
(0.0109448 0 0)
(0.0108793 0 0)
(0.0108073 0 0)
(0.0107266 0 0)
(0.0106339 0 0)
(0.0105237 0 0)
(0.0103865 0 0)
(0.0102049 0 0)
)
;

boundaryField
{
    inlet
    {
        type            fixedValue;
        value           uniform (0 0 0);
    }
    outlet
    {
        type            zeroGradient;
    }
    yzfaces
    {
        type            empty;
    }
}


// ************************************************************************* //
