/*--------------------------------*- C++ -*----------------------------------*\
  =========                 |
  \\      /  F ield         | OpenFOAM: The Open Source CFD Toolbox
   \\    /   O peration     | Website:  https://openfoam.org
    \\  /    A nd           | Version:  10
     \\/     M anipulation  |
\*---------------------------------------------------------------------------*/
FoamFile
{
    format      ascii;
    class       volVectorField;
    location    "0.765";
    object      Ua;
}
// * * * * * * * * * * * * * * * * * * * * * * * * * * * * * * * * * * * * * //

dimensions      [0 1 -1 0 0 0 0];

internalField   nonuniform List<vector> 
100
(
(0.00711398 0 0)
(0.0142002 0 0)
(0.0141445 0 0)
(0.0140885 0 0)
(0.0140325 0 0)
(0.0139766 0 0)
(0.0139207 0 0)
(0.013865 0 0)
(0.0138094 0 0)
(0.0137539 0 0)
(0.0136985 0 0)
(0.013643 0 0)
(0.0135877 0 0)
(0.0135323 0 0)
(0.0134769 0 0)
(0.0134216 0 0)
(0.0133661 0 0)
(0.0133106 0 0)
(0.0132551 0 0)
(0.0131994 0 0)
(0.0131436 0 0)
(0.0130877 0 0)
(0.0130317 0 0)
(0.0129754 0 0)
(0.0129191 0 0)
(0.0128625 0 0)
(0.0128056 0 0)
(0.0127486 0 0)
(0.0126913 0 0)
(0.0126337 0 0)
(0.0125758 0 0)
(0.0125175 0 0)
(0.0124589 0 0)
(0.0123999 0 0)
(0.0123405 0 0)
(0.0122806 0 0)
(0.0122202 0 0)
(0.0121592 0 0)
(0.0120976 0 0)
(0.0120353 0 0)
(0.0119722 0 0)
(0.0119083 0 0)
(0.0118434 0 0)
(0.0117775 0 0)
(0.0117102 0 0)
(0.0116415 0 0)
(0.0115712 0 0)
(0.0114988 0 0)
(0.0114241 0 0)
(0.0113465 0 0)
(0.0112653 0 0)
(0.0111797 0 0)
(0.0110883 0 0)
(0.0109892 0 0)
(0.0108797 0 0)
(0.0107554 0 0)
(0.010609 0 0)
(0.0104274 0 0)
(0.0101845 0 0)
(0.00982071 0 0)
(0.00916363 0 0)
(0.00750423 0 0)
(0.00336845 0 0)
(0.000228857 0 0)
(6.99164e-10 0 0)
(0 0 0)
(0 0 0)
(0 0 0)
(0 0 0)
(0 0 0)
(0 0 0)
(0 0 0)
(0 0 0)
(0 0 0)
(0 0 0)
(0 0 0)
(0 0 0)
(0 0 0)
(0 0 0)
(0 0 0)
(0 0 0)
(0 0 0)
(0 0 0)
(0 0 0)
(0 0 0)
(0 0 0)
(0 0 0)
(0 0 0)
(0 0 0)
(0 0 0)
(0 0 0)
(0 0 0)
(0 0 0)
(0 0 0)
(0 0 0)
(0 0 0)
(0 0 0)
(0 0 0)
(0 0 0)
(0 0 0)
)
;

boundaryField
{
    inlet
    {
        type            fixedValue;
        value           uniform (0 0 0);
    }
    outlet
    {
        type            zeroGradient;
    }
    yzfaces
    {
        type            empty;
    }
}


// ************************************************************************* //
