/*--------------------------------*- C++ -*----------------------------------*\
  =========                 |
  \\      /  F ield         | OpenFOAM: The Open Source CFD Toolbox
   \\    /   O peration     | Website:  https://openfoam.org
    \\  /    A nd           | Version:  10
     \\/     M anipulation  |
\*---------------------------------------------------------------------------*/
FoamFile
{
    format      ascii;
    class       volVectorField;
    location    "0.765";
    object      Ub;
}
// * * * * * * * * * * * * * * * * * * * * * * * * * * * * * * * * * * * * * //

dimensions      [0 1 -1 0 0 0 0];

internalField   nonuniform List<vector> 
100
(
(2.6689e-05 0 0)
(8.11053e-05 0 0)
(0.000136813 0 0)
(0.000192818 0 0)
(0.000248836 0 0)
(0.000304773 0 0)
(0.000360597 0 0)
(0.000416309 0 0)
(0.000471918 0 0)
(0.00052744 0 0)
(0.000582893 0 0)
(0.000638296 0 0)
(0.000693669 0 0)
(0.00074903 0 0)
(0.000804397 0 0)
(0.00085979 0 0)
(0.000915225 0 0)
(0.00097072 0 0)
(0.00102629 0 0)
(0.00108196 0 0)
(0.00113773 0 0)
(0.00119364 0 0)
(0.00124969 0 0)
(0.0013059 0 0)
(0.00136229 0 0)
(0.00141889 0 0)
(0.0014757 0 0)
(0.00153275 0 0)
(0.00159006 0 0)
(0.00164766 0 0)
(0.00170556 0 0)
(0.0017638 0 0)
(0.0018224 0 0)
(0.0018814 0 0)
(0.00194084 0 0)
(0.00200074 0 0)
(0.00206116 0 0)
(0.00212214 0 0)
(0.00218375 0 0)
(0.00224604 0 0)
(0.0023091 0 0)
(0.00237302 0 0)
(0.00243791 0 0)
(0.00250389 0 0)
(0.00257112 0 0)
(0.0026398 0 0)
(0.00271016 0 0)
(0.00278251 0 0)
(0.00285723 0 0)
(0.00293484 0 0)
(0.003016 0 0)
(0.00310165 0 0)
(0.00319307 0 0)
(0.00329212 0 0)
(0.0034016 0 0)
(0.0035259 0 0)
(0.00367232 0 0)
(0.00385395 0 0)
(0.0040968 0 0)
(0.00446063 0 0)
(0.00511772 0 0)
(0.00677712 0 0)
(0.0109129 0 0)
(0.0140525 0 0)
(0.0142813 0 0)
(0.0142813 0 0)
(0.0142813 0 0)
(0.0142813 0 0)
(0.0142813 0 0)
(0.0142813 0 0)
(0.0142813 0 0)
(0.0142813 0 0)
(0.0142813 0 0)
(0.0142813 0 0)
(0.0142813 0 0)
(0.0142813 0 0)
(0.0142813 0 0)
(0.0142813 0 0)
(0.0142813 0 0)
(0.0142813 0 0)
(0.0142813 0 0)
(0.0142813 0 0)
(0.0142813 0 0)
(0.0142813 0 0)
(0.0142813 0 0)
(0.0142813 0 0)
(0.0142813 0 0)
(0.0142813 0 0)
(0.0142813 0 0)
(0.0142813 0 0)
(0.0142813 0 0)
(0.0142813 0 0)
(0.0142813 0 0)
(0.0142813 0 0)
(0.0142813 0 0)
(0.0142813 0 0)
(0.0142813 0 0)
(0.0142813 0 0)
(0.0142813 0 0)
(0.0142813 0 0)
)
;

boundaryField
{
    inlet
    {
        type            fixedValue;
        value           uniform (0 0 0);
    }
    outlet
    {
        type            zeroGradient;
    }
    yzfaces
    {
        type            empty;
    }
}


// ************************************************************************* //
