/*--------------------------------*- C++ -*----------------------------------*\
  =========                 |
  \\      /  F ield         | OpenFOAM: The Open Source CFD Toolbox
   \\    /   O peration     | Website:  https://openfoam.org
    \\  /    A nd           | Version:  10
     \\/     M anipulation  |
\*---------------------------------------------------------------------------*/
FoamFile
{
    format      ascii;
    class       volVectorField;
    location    "1.46";
    object      Ua;
}
// * * * * * * * * * * * * * * * * * * * * * * * * * * * * * * * * * * * * * //

dimensions      [0 1 -1 0 0 0 0];

internalField   nonuniform List<vector> 
100
(
(0.00712531 0 0)
(0.0142364 0 0)
(0.0142077 0 0)
(0.0141785 0 0)
(0.0141491 0 0)
(0.0141197 0 0)
(0.0140902 0 0)
(0.0140608 0 0)
(0.0140314 0 0)
(0.014002 0 0)
(0.0139727 0 0)
(0.0139435 0 0)
(0.0139142 0 0)
(0.0138851 0 0)
(0.0138559 0 0)
(0.0138268 0 0)
(0.0137978 0 0)
(0.0137688 0 0)
(0.0137398 0 0)
(0.0137108 0 0)
(0.0136819 0 0)
(0.0136529 0 0)
(0.013624 0 0)
(0.0135952 0 0)
(0.0135663 0 0)
(0.0135374 0 0)
(0.0135086 0 0)
(0.0134797 0 0)
(0.0134509 0 0)
(0.013422 0 0)
(0.0133932 0 0)
(0.0133643 0 0)
(0.0133354 0 0)
(0.0133066 0 0)
(0.0132777 0 0)
(0.0132488 0 0)
(0.0132199 0 0)
(0.0131909 0 0)
(0.013162 0 0)
(0.013133 0 0)
(0.013104 0 0)
(0.0130749 0 0)
(0.0130459 0 0)
(0.0130168 0 0)
(0.0129876 0 0)
(0.0129584 0 0)
(0.0129292 0 0)
(0.0129 0 0)
(0.0128707 0 0)
(0.0128414 0 0)
(0.012812 0 0)
(0.0127825 0 0)
(0.012753 0 0)
(0.0127235 0 0)
(0.0126939 0 0)
(0.0126642 0 0)
(0.0126345 0 0)
(0.0126047 0 0)
(0.0125748 0 0)
(0.0125449 0 0)
(0.0125149 0 0)
(0.0124848 0 0)
(0.0124547 0 0)
(0.0124244 0 0)
(0.0123941 0 0)
(0.0123637 0 0)
(0.0123331 0 0)
(0.0123025 0 0)
(0.0122718 0 0)
(0.012241 0 0)
(0.01221 0 0)
(0.012179 0 0)
(0.0121478 0 0)
(0.0121165 0 0)
(0.012085 0 0)
(0.0120534 0 0)
(0.0120217 0 0)
(0.0119898 0 0)
(0.0119577 0 0)
(0.0119255 0 0)
(0.011893 0 0)
(0.0118604 0 0)
(0.0118275 0 0)
(0.0117944 0 0)
(0.0117611 0 0)
(0.0117275 0 0)
(0.0116936 0 0)
(0.0116594 0 0)
(0.0116249 0 0)
(0.01159 0 0)
(0.0115548 0 0)
(0.011519 0 0)
(0.0114828 0 0)
(0.0114461 0 0)
(0.0114088 0 0)
(0.0113708 0 0)
(0.0113321 0 0)
(0.0112924 0 0)
(0.0112519 0 0)
(0.0112101 0 0)
)
;

boundaryField
{
    inlet
    {
        type            fixedValue;
        value           uniform (0 0 0);
    }
    outlet
    {
        type            zeroGradient;
    }
    yzfaces
    {
        type            empty;
    }
}


// ************************************************************************* //
