/*--------------------------------*- C++ -*----------------------------------*\
  =========                 |
  \\      /  F ield         | OpenFOAM: The Open Source CFD Toolbox
   \\    /   O peration     | Website:  https://openfoam.org
    \\  /    A nd           | Version:  10
     \\/     M anipulation  |
\*---------------------------------------------------------------------------*/
FoamFile
{
    format      ascii;
    class       volVectorField;
    location    "1.395";
    object      Ub;
}
// * * * * * * * * * * * * * * * * * * * * * * * * * * * * * * * * * * * * * //

dimensions      [0 1 -1 0 0 0 0];

internalField   nonuniform List<vector> 
100
(
(1.40526e-05 0 0)
(4.30206e-05 0 0)
(7.31572e-05 0 0)
(0.000103726 0 0)
(0.00013447 0 0)
(0.000165276 0 0)
(0.000196088 0 0)
(0.000226877 0 0)
(0.000257626 0 0)
(0.00028833 0 0)
(0.000318983 0 0)
(0.000349587 0 0)
(0.000380142 0 0)
(0.000410651 0 0)
(0.000441116 0 0)
(0.00047154 0 0)
(0.000501927 0 0)
(0.000532281 0 0)
(0.000562605 0 0)
(0.000592902 0 0)
(0.000623176 0 0)
(0.00065343 0 0)
(0.000683668 0 0)
(0.000713893 0 0)
(0.000744107 0 0)
(0.000774315 0 0)
(0.000804519 0 0)
(0.000834721 0 0)
(0.000864926 0 0)
(0.000895136 0 0)
(0.000925353 0 0)
(0.00095558 0 0)
(0.00098582 0 0)
(0.00101608 0 0)
(0.00104635 0 0)
(0.00107664 0 0)
(0.00110696 0 0)
(0.0011373 0 0)
(0.00116767 0 0)
(0.00119808 0 0)
(0.00122851 0 0)
(0.00125898 0 0)
(0.00128949 0 0)
(0.00132004 0 0)
(0.00135064 0 0)
(0.00138128 0 0)
(0.00141196 0 0)
(0.0014427 0 0)
(0.0014735 0 0)
(0.00150435 0 0)
(0.00153525 0 0)
(0.00156622 0 0)
(0.00159726 0 0)
(0.00162836 0 0)
(0.00165954 0 0)
(0.00169079 0 0)
(0.00172212 0 0)
(0.00175353 0 0)
(0.00178502 0 0)
(0.0018166 0 0)
(0.00184827 0 0)
(0.00188005 0 0)
(0.00191192 0 0)
(0.0019439 0 0)
(0.00197598 0 0)
(0.00200819 0 0)
(0.00204051 0 0)
(0.00207296 0 0)
(0.00210555 0 0)
(0.00213827 0 0)
(0.00217114 0 0)
(0.00220417 0 0)
(0.00223736 0 0)
(0.00227073 0 0)
(0.00230427 0 0)
(0.00233801 0 0)
(0.00237196 0 0)
(0.00240613 0 0)
(0.00244053 0 0)
(0.00247518 0 0)
(0.0025101 0 0)
(0.00254532 0 0)
(0.00258085 0 0)
(0.00261672 0 0)
(0.00265296 0 0)
(0.0026896 0 0)
(0.0027267 0 0)
(0.00276428 0 0)
(0.00280241 0 0)
(0.00284115 0 0)
(0.00288058 0 0)
(0.00292078 0 0)
(0.00296186 0 0)
(0.00300395 0 0)
(0.00304721 0 0)
(0.00309183 0 0)
(0.00313807 0 0)
(0.00318623 0 0)
(0.00323672 0 0)
(0.00329007 0 0)
)
;

boundaryField
{
    inlet
    {
        type            fixedValue;
        value           uniform (0 0 0);
    }
    outlet
    {
        type            zeroGradient;
    }
    yzfaces
    {
        type            empty;
    }
}


// ************************************************************************* //
