/*--------------------------------*- C++ -*----------------------------------*\
  =========                 |
  \\      /  F ield         | OpenFOAM: The Open Source CFD Toolbox
   \\    /   O peration     | Website:  https://openfoam.org
    \\  /    A nd           | Version:  10
     \\/     M anipulation  |
\*---------------------------------------------------------------------------*/
FoamFile
{
    format      ascii;
    class       volVectorField;
    location    "1.475";
    object      Ua;
}
// * * * * * * * * * * * * * * * * * * * * * * * * * * * * * * * * * * * * * //

dimensions      [0 1 -1 0 0 0 0];

internalField   nonuniform List<vector> 
100
(
(0.00712542 0 0)
(0.0142368 0 0)
(0.0142083 0 0)
(0.0141794 0 0)
(0.0141504 0 0)
(0.0141212 0 0)
(0.0140921 0 0)
(0.0140629 0 0)
(0.0140338 0 0)
(0.0140048 0 0)
(0.0139758 0 0)
(0.0139468 0 0)
(0.0139179 0 0)
(0.013889 0 0)
(0.0138601 0 0)
(0.0138313 0 0)
(0.0138026 0 0)
(0.0137738 0 0)
(0.0137451 0 0)
(0.0137165 0 0)
(0.0136878 0 0)
(0.0136592 0 0)
(0.0136306 0 0)
(0.013602 0 0)
(0.0135734 0 0)
(0.0135448 0 0)
(0.0135163 0 0)
(0.0134877 0 0)
(0.0134592 0 0)
(0.0134306 0 0)
(0.0134021 0 0)
(0.0133735 0 0)
(0.0133449 0 0)
(0.0133164 0 0)
(0.0132878 0 0)
(0.0132592 0 0)
(0.0132305 0 0)
(0.0132019 0 0)
(0.0131733 0 0)
(0.0131446 0 0)
(0.0131159 0 0)
(0.0130872 0 0)
(0.0130584 0 0)
(0.0130296 0 0)
(0.0130008 0 0)
(0.0129719 0 0)
(0.012943 0 0)
(0.0129141 0 0)
(0.0128851 0 0)
(0.0128561 0 0)
(0.0128271 0 0)
(0.012798 0 0)
(0.0127688 0 0)
(0.0127396 0 0)
(0.0127103 0 0)
(0.012681 0 0)
(0.0126516 0 0)
(0.0126222 0 0)
(0.0125927 0 0)
(0.0125631 0 0)
(0.0125334 0 0)
(0.0125037 0 0)
(0.0124739 0 0)
(0.0124441 0 0)
(0.0124141 0 0)
(0.012384 0 0)
(0.0123539 0 0)
(0.0123237 0 0)
(0.0122934 0 0)
(0.0122629 0 0)
(0.0122324 0 0)
(0.0122017 0 0)
(0.012171 0 0)
(0.0121401 0 0)
(0.0121091 0 0)
(0.0120779 0 0)
(0.0120466 0 0)
(0.0120152 0 0)
(0.0119836 0 0)
(0.0119518 0 0)
(0.0119199 0 0)
(0.0118877 0 0)
(0.0118554 0 0)
(0.0118229 0 0)
(0.0117901 0 0)
(0.0117571 0 0)
(0.0117239 0 0)
(0.0116903 0 0)
(0.0116565 0 0)
(0.0116223 0 0)
(0.0115878 0 0)
(0.0115529 0 0)
(0.0115175 0 0)
(0.0114817 0 0)
(0.0114454 0 0)
(0.0114085 0 0)
(0.0113709 0 0)
(0.0113326 0 0)
(0.0112934 0 0)
(0.0112533 0 0)
)
;

boundaryField
{
    inlet
    {
        type            fixedValue;
        value           uniform (0 0 0);
    }
    outlet
    {
        type            zeroGradient;
    }
    yzfaces
    {
        type            empty;
    }
}


// ************************************************************************* //
