/*--------------------------------*- C++ -*----------------------------------*\
  =========                 |
  \\      /  F ield         | OpenFOAM: The Open Source CFD Toolbox
   \\    /   O peration     | Website:  https://openfoam.org
    \\  /    A nd           | Version:  10
     \\/     M anipulation  |
\*---------------------------------------------------------------------------*/
FoamFile
{
    format      ascii;
    class       volVectorField;
    location    "1.475";
    object      Ub;
}
// * * * * * * * * * * * * * * * * * * * * * * * * * * * * * * * * * * * * * //

dimensions      [0 1 -1 0 0 0 0];

internalField   nonuniform List<vector> 
100
(
(1.32285e-05 0 0)
(4.0527e-05 0 0)
(6.89722e-05 0 0)
(9.78524e-05 0 0)
(0.000126917 0 0)
(0.000156053 0 0)
(0.000185204 0 0)
(0.000214339 0 0)
(0.000243442 0 0)
(0.000272505 0 0)
(0.000301523 0 0)
(0.000330496 0 0)
(0.000359423 0 0)
(0.000388306 0 0)
(0.000417147 0 0)
(0.000445949 0 0)
(0.000474715 0 0)
(0.000503447 0 0)
(0.000532148 0 0)
(0.000560822 0 0)
(0.000589471 0 0)
(0.000618099 0 0)
(0.000646708 0 0)
(0.000675301 0 0)
(0.000703881 0 0)
(0.00073245 0 0)
(0.000761012 0 0)
(0.000789568 0 0)
(0.000818122 0 0)
(0.000846675 0 0)
(0.000875231 0 0)
(0.000903791 0 0)
(0.000932358 0 0)
(0.000960934 0 0)
(0.000989522 0 0)
(0.00101812 0 0)
(0.00104674 0 0)
(0.00107537 0 0)
(0.00110403 0 0)
(0.00113271 0 0)
(0.00116141 0 0)
(0.00119014 0 0)
(0.00121889 0 0)
(0.00124768 0 0)
(0.0012765 0 0)
(0.00130535 0 0)
(0.00133424 0 0)
(0.00136317 0 0)
(0.00139214 0 0)
(0.00142116 0 0)
(0.00145022 0 0)
(0.00147933 0 0)
(0.00150849 0 0)
(0.0015377 0 0)
(0.00156696 0 0)
(0.00159628 0 0)
(0.00162567 0 0)
(0.00165511 0 0)
(0.00168462 0 0)
(0.0017142 0 0)
(0.00174384 0 0)
(0.00177356 0 0)
(0.00180336 0 0)
(0.00183324 0 0)
(0.0018632 0 0)
(0.00189324 0 0)
(0.00192338 0 0)
(0.00195361 0 0)
(0.00198394 0 0)
(0.00201437 0 0)
(0.0020449 0 0)
(0.00207555 0 0)
(0.00210632 0 0)
(0.00213721 0 0)
(0.00216822 0 0)
(0.00219937 0 0)
(0.00223067 0 0)
(0.00226211 0 0)
(0.00229371 0 0)
(0.00232547 0 0)
(0.00235742 0 0)
(0.00238954 0 0)
(0.00242187 0 0)
(0.00245441 0 0)
(0.00248717 0 0)
(0.00252017 0 0)
(0.00255343 0 0)
(0.00258698 0 0)
(0.00262082 0 0)
(0.00265499 0 0)
(0.00268951 0 0)
(0.00272443 0 0)
(0.00275977 0 0)
(0.00279558 0 0)
(0.00283192 0 0)
(0.00286883 0 0)
(0.0029064 0 0)
(0.00294471 0 0)
(0.00298386 0 0)
(0.00302396 0 0)
)
;

boundaryField
{
    inlet
    {
        type            fixedValue;
        value           uniform (0 0 0);
    }
    outlet
    {
        type            zeroGradient;
    }
    yzfaces
    {
        type            empty;
    }
}


// ************************************************************************* //
