/*--------------------------------*- C++ -*----------------------------------*\
  =========                 |
  \\      /  F ield         | OpenFOAM: The Open Source CFD Toolbox
   \\    /   O peration     | Website:  https://openfoam.org
    \\  /    A nd           | Version:  10
     \\/     M anipulation  |
\*---------------------------------------------------------------------------*/
FoamFile
{
    format      ascii;
    class       volVectorField;
    location    "0.695";
    object      Ua;
}
// * * * * * * * * * * * * * * * * * * * * * * * * * * * * * * * * * * * * * //

dimensions      [0 1 -1 0 0 0 0];

internalField   nonuniform List<vector> 
100
(
(0.00711135 0 0)
(0.0141921 0 0)
(0.0141307 0 0)
(0.0140691 0 0)
(0.0140075 0 0)
(0.013946 0 0)
(0.0138846 0 0)
(0.0138233 0 0)
(0.0137622 0 0)
(0.0137011 0 0)
(0.0136401 0 0)
(0.0135791 0 0)
(0.0135181 0 0)
(0.013457 0 0)
(0.013396 0 0)
(0.0133348 0 0)
(0.0132736 0 0)
(0.0132123 0 0)
(0.0131508 0 0)
(0.0130892 0 0)
(0.0130273 0 0)
(0.0129653 0 0)
(0.012903 0 0)
(0.0128405 0 0)
(0.0127777 0 0)
(0.0127146 0 0)
(0.0126511 0 0)
(0.0125872 0 0)
(0.012523 0 0)
(0.0124582 0 0)
(0.012393 0 0)
(0.0123272 0 0)
(0.0122608 0 0)
(0.0121938 0 0)
(0.012126 0 0)
(0.0120573 0 0)
(0.0119878 0 0)
(0.0119171 0 0)
(0.0118453 0 0)
(0.0117721 0 0)
(0.0116973 0 0)
(0.0116206 0 0)
(0.0115417 0 0)
(0.0114601 0 0)
(0.0113753 0 0)
(0.0112864 0 0)
(0.0111924 0 0)
(0.0110916 0 0)
(0.0109817 0 0)
(0.0108592 0 0)
(0.0107184 0 0)
(0.0105491 0 0)
(0.0103327 0 0)
(0.0100288 0 0)
(0.00953384 0 0)
(0.00848988 0 0)
(0.00532376 0 0)
(0.00144536 0 0)
(1.63064e-06 0 0)
(1.56125e-17 0 0)
(0 0 0)
(0 0 0)
(0 0 0)
(0 0 0)
(0 0 0)
(0 0 0)
(0 0 0)
(0 0 0)
(0 0 0)
(0 0 0)
(0 0 0)
(0 0 0)
(0 0 0)
(0 0 0)
(0 0 0)
(0 0 0)
(0 0 0)
(0 0 0)
(0 0 0)
(0 0 0)
(0 0 0)
(0 0 0)
(0 0 0)
(0 0 0)
(0 0 0)
(0 0 0)
(0 0 0)
(0 0 0)
(0 0 0)
(0 0 0)
(0 0 0)
(0 0 0)
(0 0 0)
(0 0 0)
(0 0 0)
(0 0 0)
(0 0 0)
(0 0 0)
(0 0 0)
(0 0 0)
)
;

boundaryField
{
    inlet
    {
        type            fixedValue;
        value           uniform (0 0 0);
    }
    outlet
    {
        type            zeroGradient;
    }
    yzfaces
    {
        type            empty;
    }
}


// ************************************************************************* //
