/*--------------------------------*- C++ -*----------------------------------*\
  =========                 |
  \\      /  F ield         | OpenFOAM: The Open Source CFD Toolbox
   \\    /   O peration     | Website:  https://openfoam.org
    \\  /    A nd           | Version:  10
     \\/     M anipulation  |
\*---------------------------------------------------------------------------*/
FoamFile
{
    format      ascii;
    class       volVectorField;
    location    "0.695";
    object      Ub;
}
// * * * * * * * * * * * * * * * * * * * * * * * * * * * * * * * * * * * * * //

dimensions      [0 1 -1 0 0 0 0];

internalField   nonuniform List<vector> 
100
(
(2.95237e-05 0 0)
(8.96225e-05 0 0)
(0.000151006 0 0)
(0.000212646 0 0)
(0.000274263 0 0)
(0.000335773 0 0)
(0.000397156 0 0)
(0.000458419 0 0)
(0.000519581 0 0)
(0.000580664 0 0)
(0.000641693 0 0)
(0.000702695 0 0)
(0.000763693 0 0)
(0.000824712 0 0)
(0.000885776 0 0)
(0.000946909 0 0)
(0.00100813 0 0)
(0.00106947 0 0)
(0.00113095 0 0)
(0.00119259 0 0)
(0.00125441 0 0)
(0.00131644 0 0)
(0.00137871 0 0)
(0.00144123 0 0)
(0.00150404 0 0)
(0.00156717 0 0)
(0.00163064 0 0)
(0.0016945 0 0)
(0.00175877 0 0)
(0.0018235 0 0)
(0.00188873 0 0)
(0.00195451 0 0)
(0.0020209 0 0)
(0.00208796 0 0)
(0.00215577 0 0)
(0.00222441 0 0)
(0.00229399 0 0)
(0.00236462 0 0)
(0.00243645 0 0)
(0.00250966 0 0)
(0.00258447 0 0)
(0.00266115 0 0)
(0.00274004 0 0)
(0.00282161 0 0)
(0.00290643 0 0)
(0.00299532 0 0)
(0.00308938 0 0)
(0.00319018 0 0)
(0.00330004 0 0)
(0.00342252 0 0)
(0.00356339 0 0)
(0.00373262 0 0)
(0.00394905 0 0)
(0.00425296 0 0)
(0.00474791 0 0)
(0.00579187 0 0)
(0.00895798 0 0)
(0.0128364 0 0)
(0.0142801 0 0)
(0.0142817 0 0)
(0.0142817 0 0)
(0.0142817 0 0)
(0.0142817 0 0)
(0.0142817 0 0)
(0.0142817 0 0)
(0.0142817 0 0)
(0.0142817 0 0)
(0.0142817 0 0)
(0.0142817 0 0)
(0.0142817 0 0)
(0.0142817 0 0)
(0.0142817 0 0)
(0.0142817 0 0)
(0.0142817 0 0)
(0.0142817 0 0)
(0.0142817 0 0)
(0.0142817 0 0)
(0.0142817 0 0)
(0.0142817 0 0)
(0.0142817 0 0)
(0.0142817 0 0)
(0.0142817 0 0)
(0.0142817 0 0)
(0.0142817 0 0)
(0.0142817 0 0)
(0.0142817 0 0)
(0.0142817 0 0)
(0.0142817 0 0)
(0.0142817 0 0)
(0.0142817 0 0)
(0.0142817 0 0)
(0.0142817 0 0)
(0.0142817 0 0)
(0.0142817 0 0)
(0.0142817 0 0)
(0.0142817 0 0)
(0.0142817 0 0)
(0.0142817 0 0)
(0.0142817 0 0)
(0.0142817 0 0)
)
;

boundaryField
{
    inlet
    {
        type            fixedValue;
        value           uniform (0 0 0);
    }
    outlet
    {
        type            zeroGradient;
    }
    yzfaces
    {
        type            empty;
    }
}


// ************************************************************************* //
