/*--------------------------------*- C++ -*----------------------------------*\
  =========                 |
  \\      /  F ield         | OpenFOAM: The Open Source CFD Toolbox
   \\    /   O peration     | Website:  https://openfoam.org
    \\  /    A nd           | Version:  10
     \\/     M anipulation  |
\*---------------------------------------------------------------------------*/
FoamFile
{
    format      ascii;
    class       volVectorField;
    location    "0.38";
    object      Ua;
}
// * * * * * * * * * * * * * * * * * * * * * * * * * * * * * * * * * * * * * //

dimensions      [0 1 -1 0 0 0 0];

internalField   nonuniform List<vector> 
100
(
(0.0070865 0 0)
(0.0141167 0 0)
(0.0140042 0 0)
(0.0138916 0 0)
(0.0137793 0 0)
(0.0136669 0 0)
(0.0135545 0 0)
(0.0134419 0 0)
(0.0133289 0 0)
(0.0132154 0 0)
(0.0131012 0 0)
(0.0129862 0 0)
(0.0128701 0 0)
(0.0127528 0 0)
(0.0126341 0 0)
(0.0125136 0 0)
(0.0123911 0 0)
(0.0122661 0 0)
(0.0121382 0 0)
(0.0120068 0 0)
(0.0118709 0 0)
(0.0117295 0 0)
(0.011581 0 0)
(0.0114228 0 0)
(0.0112514 0 0)
(0.0110609 0 0)
(0.0108408 0 0)
(0.0105716 0 0)
(0.0102107 0 0)
(0.00964738 0 0)
(0.00848831 0 0)
(0.00506441 0 0)
(0.00122416 0 0)
(6.92621e-07 0 0)
(3.46945e-18 0 0)
(0 0 0)
(0 0 0)
(0 0 0)
(0 0 0)
(0 0 0)
(0 0 0)
(0 0 0)
(0 0 0)
(0 0 0)
(0 0 0)
(0 0 0)
(0 0 0)
(0 0 0)
(0 0 0)
(0 0 0)
(0 0 0)
(0 0 0)
(0 0 0)
(0 0 0)
(0 0 0)
(0 0 0)
(0 0 0)
(0 0 0)
(0 0 0)
(0 0 0)
(0 0 0)
(0 0 0)
(0 0 0)
(0 0 0)
(0 0 0)
(0 0 0)
(0 0 0)
(0 0 0)
(0 0 0)
(0 0 0)
(0 0 0)
(0 0 0)
(0 0 0)
(0 0 0)
(0 0 0)
(0 0 0)
(0 0 0)
(0 0 0)
(0 0 0)
(0 0 0)
(0 0 0)
(0 0 0)
(0 0 0)
(0 0 0)
(0 0 0)
(0 0 0)
(0 0 0)
(0 0 0)
(0 0 0)
(0 0 0)
(0 0 0)
(0 0 0)
(0 0 0)
(0 0 0)
(0 0 0)
(0 0 0)
(0 0 0)
(0 0 0)
(0 0 0)
(0 0 0)
)
;

boundaryField
{
    inlet
    {
        type            fixedValue;
        value           uniform (0 0 0);
    }
    outlet
    {
        type            zeroGradient;
    }
    yzfaces
    {
        type            empty;
    }
}


// ************************************************************************* //
