/*--------------------------------*- C++ -*----------------------------------*\
  =========                 |
  \\      /  F ield         | OpenFOAM: The Open Source CFD Toolbox
   \\    /   O peration     | Website:  https://openfoam.org
    \\  /    A nd           | Version:  10
     \\/     M anipulation  |
\*---------------------------------------------------------------------------*/
FoamFile
{
    format      ascii;
    class       volVectorField;
    location    "0.38";
    object      Ub;
}
// * * * * * * * * * * * * * * * * * * * * * * * * * * * * * * * * * * * * * //

dimensions      [0 1 -1 0 0 0 0];

internalField   nonuniform List<vector> 
100
(
(5.52719e-05 0 0)
(0.000166801 0 0)
(0.000279368 0 0)
(0.000391902 0 0)
(0.000504293 0 0)
(0.000616622 0 0)
(0.000729022 0 0)
(0.00084164 0 0)
(0.000954626 0 0)
(0.00106813 0 0)
(0.00118232 0 0)
(0.00129736 0 0)
(0.00141342 0 0)
(0.00153072 0 0)
(0.00164947 0 0)
(0.00176995 0 0)
(0.00189247 0 0)
(0.00201743 0 0)
(0.00214531 0 0)
(0.00227676 0 0)
(0.0024126 0 0)
(0.00255401 0 0)
(0.00270259 0 0)
(0.00286074 0 0)
(0.00303212 0 0)
(0.00322269 0 0)
(0.00344276 0 0)
(0.00371199 0 0)
(0.00407283 0 0)
(0.00463617 0 0)
(0.00579524 0 0)
(0.00921913 0 0)
(0.0130594 0 0)
(0.0142829 0 0)
(0.0142835 0 0)
(0.0142835 0 0)
(0.0142835 0 0)
(0.0142835 0 0)
(0.0142835 0 0)
(0.0142835 0 0)
(0.0142835 0 0)
(0.0142835 0 0)
(0.0142835 0 0)
(0.0142835 0 0)
(0.0142835 0 0)
(0.0142835 0 0)
(0.0142835 0 0)
(0.0142835 0 0)
(0.0142835 0 0)
(0.0142835 0 0)
(0.0142835 0 0)
(0.0142835 0 0)
(0.0142835 0 0)
(0.0142835 0 0)
(0.0142835 0 0)
(0.0142835 0 0)
(0.0142835 0 0)
(0.0142835 0 0)
(0.0142835 0 0)
(0.0142835 0 0)
(0.0142835 0 0)
(0.0142835 0 0)
(0.0142835 0 0)
(0.0142835 0 0)
(0.0142835 0 0)
(0.0142835 0 0)
(0.0142835 0 0)
(0.0142835 0 0)
(0.0142835 0 0)
(0.0142835 0 0)
(0.0142835 0 0)
(0.0142835 0 0)
(0.0142835 0 0)
(0.0142835 0 0)
(0.0142835 0 0)
(0.0142835 0 0)
(0.0142835 0 0)
(0.0142835 0 0)
(0.0142835 0 0)
(0.0142835 0 0)
(0.0142835 0 0)
(0.0142835 0 0)
(0.0142835 0 0)
(0.0142835 0 0)
(0.0142835 0 0)
(0.0142835 0 0)
(0.0142835 0 0)
(0.0142835 0 0)
(0.0142835 0 0)
(0.0142835 0 0)
(0.0142835 0 0)
(0.0142835 0 0)
(0.0142835 0 0)
(0.0142835 0 0)
(0.0142835 0 0)
(0.0142835 0 0)
(0.0142835 0 0)
(0.0142835 0 0)
(0.0142835 0 0)
(0.0142835 0 0)
)
;

boundaryField
{
    inlet
    {
        type            fixedValue;
        value           uniform (0 0 0);
    }
    outlet
    {
        type            zeroGradient;
    }
    yzfaces
    {
        type            empty;
    }
}


// ************************************************************************* //
