/*--------------------------------*- C++ -*----------------------------------*\
  =========                 |
  \\      /  F ield         | OpenFOAM: The Open Source CFD Toolbox
   \\    /   O peration     | Website:  https://openfoam.org
    \\  /    A nd           | Version:  10
     \\/     M anipulation  |
\*---------------------------------------------------------------------------*/
FoamFile
{
    format      ascii;
    class       volVectorField;
    location    "0.845";
    object      Ua;
}
// * * * * * * * * * * * * * * * * * * * * * * * * * * * * * * * * * * * * * //

dimensions      [0 1 -1 0 0 0 0];

internalField   nonuniform List<vector> 
100
(
(0.00711642 0 0)
(0.0142078 0 0)
(0.0141574 0 0)
(0.0141067 0 0)
(0.014056 0 0)
(0.0140053 0 0)
(0.0139547 0 0)
(0.0139042 0 0)
(0.0138538 0 0)
(0.0138035 0 0)
(0.0137532 0 0)
(0.0137031 0 0)
(0.0136529 0 0)
(0.0136028 0 0)
(0.0135528 0 0)
(0.0135027 0 0)
(0.0134526 0 0)
(0.0134025 0 0)
(0.0133524 0 0)
(0.0133022 0 0)
(0.0132519 0 0)
(0.0132016 0 0)
(0.0131512 0 0)
(0.0131007 0 0)
(0.0130501 0 0)
(0.0129994 0 0)
(0.0129485 0 0)
(0.0128975 0 0)
(0.0128463 0 0)
(0.012795 0 0)
(0.0127434 0 0)
(0.0126917 0 0)
(0.0126397 0 0)
(0.0125875 0 0)
(0.012535 0 0)
(0.0124823 0 0)
(0.0124292 0 0)
(0.0123758 0 0)
(0.0123221 0 0)
(0.012268 0 0)
(0.0122135 0 0)
(0.0121585 0 0)
(0.0121031 0 0)
(0.0120471 0 0)
(0.0119905 0 0)
(0.0119333 0 0)
(0.0118753 0 0)
(0.0118166 0 0)
(0.0117569 0 0)
(0.0116962 0 0)
(0.0116344 0 0)
(0.0115712 0 0)
(0.0115064 0 0)
(0.0114398 0 0)
(0.0113709 0 0)
(0.0112995 0 0)
(0.0112247 0 0)
(0.0111458 0 0)
(0.0110617 0 0)
(0.0109706 0 0)
(0.0108703 0 0)
(0.0107569 0 0)
(0.0106244 0 0)
(0.010462 0 0)
(0.0102496 0 0)
(0.00994306 0 0)
(0.00942615 0 0)
(0.00828092 0 0)
(0.00479886 0 0)
(0.00106518 0 0)
(3.80042e-07 0 0)
(0 0 0)
(0 0 0)
(0 0 0)
(0 0 0)
(0 0 0)
(0 0 0)
(0 0 0)
(0 0 0)
(0 0 0)
(0 0 0)
(0 0 0)
(0 0 0)
(0 0 0)
(0 0 0)
(0 0 0)
(0 0 0)
(0 0 0)
(0 0 0)
(0 0 0)
(0 0 0)
(0 0 0)
(0 0 0)
(0 0 0)
(0 0 0)
(0 0 0)
(0 0 0)
(0 0 0)
(0 0 0)
(0 0 0)
)
;

boundaryField
{
    inlet
    {
        type            fixedValue;
        value           uniform (0 0 0);
    }
    outlet
    {
        type            zeroGradient;
    }
    yzfaces
    {
        type            empty;
    }
}


// ************************************************************************* //
