/*--------------------------------*- C++ -*----------------------------------*\
  =========                 |
  \\      /  F ield         | OpenFOAM: The Open Source CFD Toolbox
   \\    /   O peration     | Website:  https://openfoam.org
    \\  /    A nd           | Version:  10
     \\/     M anipulation  |
\*---------------------------------------------------------------------------*/
FoamFile
{
    format      ascii;
    class       volVectorField;
    location    "0.845";
    object      Ub;
}
// * * * * * * * * * * * * * * * * * * * * * * * * * * * * * * * * * * * * * //

dimensions      [0 1 -1 0 0 0 0];

internalField   nonuniform List<vector> 
100
(
(2.40279e-05 0 0)
(7.31028e-05 0 0)
(0.000123468 0 0)
(0.000174166 0 0)
(0.000224912 0 0)
(0.000275604 0 0)
(0.000326204 0 0)
(0.000376702 0 0)
(0.000427102 0 0)
(0.000477414 0 0)
(0.00052765 0 0)
(0.000577825 0 0)
(0.000627952 0 0)
(0.000678047 0 0)
(0.000728123 0 0)
(0.000778194 0 0)
(0.000828274 0 0)
(0.000878376 0 0)
(0.000928512 0 0)
(0.000978697 0 0)
(0.00102894 0 0)
(0.00107926 0 0)
(0.00112966 0 0)
(0.00118016 0 0)
(0.00123077 0 0)
(0.0012815 0 0)
(0.00133237 0 0)
(0.00138338 0 0)
(0.00143456 0 0)
(0.00148591 0 0)
(0.00153746 0 0)
(0.00158921 0 0)
(0.00164118 0 0)
(0.00169339 0 0)
(0.00174587 0 0)
(0.00179862 0 0)
(0.00185167 0 0)
(0.00190505 0 0)
(0.00195877 0 0)
(0.00201288 0 0)
(0.00206739 0 0)
(0.00212236 0 0)
(0.00217781 0 0)
(0.0022338 0 0)
(0.00229038 0 0)
(0.0023476 0 0)
(0.00240555 0 0)
(0.0024643 0 0)
(0.00252396 0 0)
(0.00258464 0 0)
(0.0026465 0 0)
(0.0027097 0 0)
(0.00277448 0 0)
(0.00284111 0 0)
(0.00290994 0 0)
(0.00298144 0 0)
(0.00305621 0 0)
(0.00313509 0 0)
(0.00321923 0 0)
(0.00331025 0 0)
(0.00341059 0 0)
(0.00352398 0 0)
(0.00365653 0 0)
(0.00381885 0 0)
(0.00403126 0 0)
(0.00433783 0 0)
(0.00485474 0 0)
(0.00599997 0 0)
(0.00948203 0 0)
(0.0132157 0 0)
(0.0142805 0 0)
(0.0142809 0 0)
(0.0142809 0 0)
(0.0142809 0 0)
(0.0142809 0 0)
(0.0142809 0 0)
(0.0142809 0 0)
(0.0142809 0 0)
(0.0142809 0 0)
(0.0142809 0 0)
(0.0142809 0 0)
(0.0142809 0 0)
(0.0142809 0 0)
(0.0142809 0 0)
(0.0142809 0 0)
(0.0142809 0 0)
(0.0142809 0 0)
(0.0142809 0 0)
(0.0142809 0 0)
(0.0142809 0 0)
(0.0142809 0 0)
(0.0142809 0 0)
(0.0142809 0 0)
(0.0142809 0 0)
(0.0142809 0 0)
(0.0142809 0 0)
(0.0142809 0 0)
(0.0142809 0 0)
(0.0142809 0 0)
(0.0142809 0 0)
)
;

boundaryField
{
    inlet
    {
        type            fixedValue;
        value           uniform (0 0 0);
    }
    outlet
    {
        type            zeroGradient;
    }
    yzfaces
    {
        type            empty;
    }
}


// ************************************************************************* //
