/*--------------------------------*- C++ -*----------------------------------*\
  =========                 |
  \\      /  F ield         | OpenFOAM: The Open Source CFD Toolbox
   \\    /   O peration     | Website:  https://openfoam.org
    \\  /    A nd           | Version:  10
     \\/     M anipulation  |
\*---------------------------------------------------------------------------*/
FoamFile
{
    format      ascii;
    class       volVectorField;
    location    "0.92";
    object      Ua;
}
// * * * * * * * * * * * * * * * * * * * * * * * * * * * * * * * * * * * * * //

dimensions      [0 1 -1 0 0 0 0];

internalField   nonuniform List<vector> 
100
(
(0.00711827 0 0)
(0.0142136 0 0)
(0.0141674 0 0)
(0.0141208 0 0)
(0.0140742 0 0)
(0.0140276 0 0)
(0.0139811 0 0)
(0.0139347 0 0)
(0.0138883 0 0)
(0.0138421 0 0)
(0.0137959 0 0)
(0.0137498 0 0)
(0.0137037 0 0)
(0.0136577 0 0)
(0.0136117 0 0)
(0.0135657 0 0)
(0.0135198 0 0)
(0.0134738 0 0)
(0.0134279 0 0)
(0.0133819 0 0)
(0.0133359 0 0)
(0.0132898 0 0)
(0.0132437 0 0)
(0.0131975 0 0)
(0.0131513 0 0)
(0.013105 0 0)
(0.0130586 0 0)
(0.0130121 0 0)
(0.0129655 0 0)
(0.0129188 0 0)
(0.0128719 0 0)
(0.0128249 0 0)
(0.0127778 0 0)
(0.0127305 0 0)
(0.012683 0 0)
(0.0126354 0 0)
(0.0125875 0 0)
(0.0125395 0 0)
(0.0124912 0 0)
(0.0124427 0 0)
(0.0123939 0 0)
(0.0123448 0 0)
(0.0122955 0 0)
(0.0122458 0 0)
(0.0121958 0 0)
(0.0121454 0 0)
(0.0120946 0 0)
(0.0120433 0 0)
(0.0119916 0 0)
(0.0119394 0 0)
(0.0118866 0 0)
(0.0118331 0 0)
(0.0117789 0 0)
(0.0117239 0 0)
(0.0116681 0 0)
(0.0116112 0 0)
(0.0115532 0 0)
(0.0114938 0 0)
(0.0114328 0 0)
(0.01137 0 0)
(0.011305 0 0)
(0.0112373 0 0)
(0.0111663 0 0)
(0.0110912 0 0)
(0.0110108 0 0)
(0.0109233 0 0)
(0.0108264 0 0)
(0.0107162 0 0)
(0.0105864 0 0)
(0.0104259 0 0)
(0.0102137 0 0)
(0.00990322 0 0)
(0.0093706 0 0)
(0.00815927 0 0)
(0.00451688 0 0)
(0.000870671 0 0)
(1.5412e-07 0 0)
(0 0 0)
(0 0 0)
(0 0 0)
(0 0 0)
(0 0 0)
(0 0 0)
(0 0 0)
(0 0 0)
(0 0 0)
(0 0 0)
(0 0 0)
(0 0 0)
(0 0 0)
(0 0 0)
(0 0 0)
(0 0 0)
(0 0 0)
(0 0 0)
(0 0 0)
(0 0 0)
(0 0 0)
(0 0 0)
(0 0 0)
)
;

boundaryField
{
    inlet
    {
        type            fixedValue;
        value           uniform (0 0 0);
    }
    outlet
    {
        type            zeroGradient;
    }
    yzfaces
    {
        type            empty;
    }
}


// ************************************************************************* //
