/*--------------------------------*- C++ -*----------------------------------*\
  =========                 |
  \\      /  F ield         | OpenFOAM: The Open Source CFD Toolbox
   \\    /   O peration     | Website:  https://openfoam.org
    \\  /    A nd           | Version:  10
     \\/     M anipulation  |
\*---------------------------------------------------------------------------*/
FoamFile
{
    format      ascii;
    class       volVectorField;
    location    "0.92";
    object      Ub;
}
// * * * * * * * * * * * * * * * * * * * * * * * * * * * * * * * * * * * * * //

dimensions      [0 1 -1 0 0 0 0];

internalField   nonuniform List<vector> 
100
(
(2.19565e-05 0 0)
(6.68684e-05 0 0)
(0.000113062 0 0)
(0.000159615 0 0)
(0.000206245 0 0)
(0.000252842 0 0)
(0.000299366 0 0)
(0.000345799 0 0)
(0.000392143 0 0)
(0.000438401 0 0)
(0.000484582 0 0)
(0.000530698 0 0)
(0.000576759 0 0)
(0.000622776 0 0)
(0.000668761 0 0)
(0.000714725 0 0)
(0.000760679 0 0)
(0.000806633 0 0)
(0.000852598 0 0)
(0.000898584 0 0)
(0.0009446 0 0)
(0.000990656 0 0)
(0.00103676 0 0)
(0.00108293 0 0)
(0.00112916 0 0)
(0.00117548 0 0)
(0.00122188 0 0)
(0.00126838 0 0)
(0.00131498 0 0)
(0.0013617 0 0)
(0.00140855 0 0)
(0.00145554 0 0)
(0.00150267 0 0)
(0.00154997 0 0)
(0.00159743 0 0)
(0.00164508 0 0)
(0.00169292 0 0)
(0.00174098 0 0)
(0.00178926 0 0)
(0.00183778 0 0)
(0.00188656 0 0)
(0.00193562 0 0)
(0.00198498 0 0)
(0.00203466 0 0)
(0.00208468 0 0)
(0.00213507 0 0)
(0.00218587 0 0)
(0.00223712 0 0)
(0.00228884 0 0)
(0.00234108 0 0)
(0.00239391 0 0)
(0.00244737 0 0)
(0.00250154 0 0)
(0.00255651 0 0)
(0.00261238 0 0)
(0.00266926 0 0)
(0.0027273 0 0)
(0.00278669 0 0)
(0.00284764 0 0)
(0.00291045 0 0)
(0.00297546 0 0)
(0.00304314 0 0)
(0.00311413 0 0)
(0.00318926 0 0)
(0.0032697 0 0)
(0.00335714 0 0)
(0.00345404 0 0)
(0.00356427 0 0)
(0.00369411 0 0)
(0.00385456 0 0)
(0.00406681 0 0)
(0.00437724 0 0)
(0.00490986 0 0)
(0.00612119 0 0)
(0.00976358 0 0)
(0.0134098 0 0)
(0.0142803 0 0)
(0.0142805 0 0)
(0.0142805 0 0)
(0.0142805 0 0)
(0.0142805 0 0)
(0.0142805 0 0)
(0.0142805 0 0)
(0.0142805 0 0)
(0.0142805 0 0)
(0.0142805 0 0)
(0.0142805 0 0)
(0.0142805 0 0)
(0.0142805 0 0)
(0.0142805 0 0)
(0.0142805 0 0)
(0.0142805 0 0)
(0.0142805 0 0)
(0.0142805 0 0)
(0.0142805 0 0)
(0.0142805 0 0)
(0.0142805 0 0)
(0.0142805 0 0)
(0.0142805 0 0)
(0.0142805 0 0)
)
;

boundaryField
{
    inlet
    {
        type            fixedValue;
        value           uniform (0 0 0);
    }
    outlet
    {
        type            zeroGradient;
    }
    yzfaces
    {
        type            empty;
    }
}


// ************************************************************************* //
