/*--------------------------------*- C++ -*----------------------------------*\
  =========                 |
  \\      /  F ield         | OpenFOAM: The Open Source CFD Toolbox
   \\    /   O peration     | Website:  https://openfoam.org
    \\  /    A nd           | Version:  10
     \\/     M anipulation  |
\*---------------------------------------------------------------------------*/
FoamFile
{
    format      ascii;
    class       volVectorField;
    location    "0.3";
    object      Ub;
}
// * * * * * * * * * * * * * * * * * * * * * * * * * * * * * * * * * * * * * //

dimensions      [0 1 -1 0 0 0 0];

internalField   nonuniform List<vector> 
100
(
(7.04378e-05 0 0)
(0.000212211 0 0)
(0.000354891 0 0)
(0.00049756 0 0)
(0.000640295 0 0)
(0.000783355 0 0)
(0.000927039 0 0)
(0.00107167 0 0)
(0.00121758 0 0)
(0.00136514 0 0)
(0.00151478 0 0)
(0.00166698 0 0)
(0.00182234 0 0)
(0.00198163 0 0)
(0.00214584 0 0)
(0.00231633 0 0)
(0.00249501 0 0)
(0.00268473 0 0)
(0.00288994 0 0)
(0.00311798 0 0)
(0.00338206 0 0)
(0.00370847 0 0)
(0.00415786 0 0)
(0.00490638 0 0)
(0.00668622 0 0)
(0.0109268 0 0)
(0.0140769 0 0)
(0.014284 0 0)
(0.014284 0 0)
(0.014284 0 0)
(0.014284 0 0)
(0.014284 0 0)
(0.014284 0 0)
(0.014284 0 0)
(0.014284 0 0)
(0.014284 0 0)
(0.014284 0 0)
(0.014284 0 0)
(0.014284 0 0)
(0.014284 0 0)
(0.014284 0 0)
(0.014284 0 0)
(0.014284 0 0)
(0.014284 0 0)
(0.014284 0 0)
(0.014284 0 0)
(0.014284 0 0)
(0.014284 0 0)
(0.014284 0 0)
(0.014284 0 0)
(0.014284 0 0)
(0.014284 0 0)
(0.014284 0 0)
(0.014284 0 0)
(0.014284 0 0)
(0.014284 0 0)
(0.014284 0 0)
(0.014284 0 0)
(0.014284 0 0)
(0.014284 0 0)
(0.014284 0 0)
(0.014284 0 0)
(0.014284 0 0)
(0.014284 0 0)
(0.014284 0 0)
(0.014284 0 0)
(0.014284 0 0)
(0.014284 0 0)
(0.014284 0 0)
(0.014284 0 0)
(0.014284 0 0)
(0.014284 0 0)
(0.014284 0 0)
(0.014284 0 0)
(0.014284 0 0)
(0.014284 0 0)
(0.014284 0 0)
(0.014284 0 0)
(0.014284 0 0)
(0.014284 0 0)
(0.014284 0 0)
(0.014284 0 0)
(0.014284 0 0)
(0.014284 0 0)
(0.014284 0 0)
(0.014284 0 0)
(0.014284 0 0)
(0.014284 0 0)
(0.014284 0 0)
(0.014284 0 0)
(0.014284 0 0)
(0.014284 0 0)
(0.014284 0 0)
(0.014284 0 0)
(0.014284 0 0)
(0.014284 0 0)
(0.014284 0 0)
(0.014284 0 0)
(0.014284 0 0)
(0.014284 0 0)
)
;

boundaryField
{
    inlet
    {
        type            fixedValue;
        value           uniform (0 0 0);
    }
    outlet
    {
        type            zeroGradient;
    }
    yzfaces
    {
        type            empty;
    }
}


// ************************************************************************* //
