/*--------------------------------*- C++ -*----------------------------------*\
  =========                 |
  \\      /  F ield         | OpenFOAM: The Open Source CFD Toolbox
   \\    /   O peration     | Website:  https://openfoam.org
    \\  /    A nd           | Version:  10
     \\/     M anipulation  |
\*---------------------------------------------------------------------------*/
FoamFile
{
    format      ascii;
    class       volVectorField;
    location    "1.435";
    object      Ua;
}
// * * * * * * * * * * * * * * * * * * * * * * * * * * * * * * * * * * * * * //

dimensions      [0 1 -1 0 0 0 0];

internalField   nonuniform List<vector> 
100
(
(0.00712513 0 0)
(0.0142358 0 0)
(0.0142065 0 0)
(0.0141768 0 0)
(0.0141469 0 0)
(0.014117 0 0)
(0.014087 0 0)
(0.0140571 0 0)
(0.0140272 0 0)
(0.0139973 0 0)
(0.0139675 0 0)
(0.0139377 0 0)
(0.013908 0 0)
(0.0138783 0 0)
(0.0138487 0 0)
(0.0138191 0 0)
(0.0137896 0 0)
(0.0137601 0 0)
(0.0137306 0 0)
(0.0137011 0 0)
(0.0136717 0 0)
(0.0136422 0 0)
(0.0136128 0 0)
(0.0135835 0 0)
(0.0135541 0 0)
(0.0135247 0 0)
(0.0134954 0 0)
(0.013466 0 0)
(0.0134367 0 0)
(0.0134073 0 0)
(0.0133779 0 0)
(0.0133486 0 0)
(0.0133192 0 0)
(0.0132898 0 0)
(0.0132604 0 0)
(0.013231 0 0)
(0.0132015 0 0)
(0.0131721 0 0)
(0.0131426 0 0)
(0.0131131 0 0)
(0.0130835 0 0)
(0.013054 0 0)
(0.0130243 0 0)
(0.0129947 0 0)
(0.012965 0 0)
(0.0129353 0 0)
(0.0129055 0 0)
(0.0128757 0 0)
(0.0128459 0 0)
(0.012816 0 0)
(0.012786 0 0)
(0.012756 0 0)
(0.012726 0 0)
(0.0126958 0 0)
(0.0126657 0 0)
(0.0126354 0 0)
(0.0126051 0 0)
(0.0125747 0 0)
(0.0125442 0 0)
(0.0125137 0 0)
(0.0124831 0 0)
(0.0124524 0 0)
(0.0124216 0 0)
(0.0123907 0 0)
(0.0123597 0 0)
(0.0123286 0 0)
(0.0122974 0 0)
(0.0122662 0 0)
(0.0122347 0 0)
(0.0122032 0 0)
(0.0121716 0 0)
(0.0121398 0 0)
(0.0121079 0 0)
(0.0120758 0 0)
(0.0120436 0 0)
(0.0120112 0 0)
(0.0119787 0 0)
(0.011946 0 0)
(0.011913 0 0)
(0.0118799 0 0)
(0.0118466 0 0)
(0.011813 0 0)
(0.0117792 0 0)
(0.0117452 0 0)
(0.0117108 0 0)
(0.0116761 0 0)
(0.0116411 0 0)
(0.0116058 0 0)
(0.01157 0 0)
(0.0115338 0 0)
(0.0114971 0 0)
(0.0114599 0 0)
(0.0114221 0 0)
(0.0113837 0 0)
(0.0113444 0 0)
(0.0113043 0 0)
(0.0112633 0 0)
(0.0112211 0 0)
(0.0111775 0 0)
(0.0111324 0 0)
)
;

boundaryField
{
    inlet
    {
        type            fixedValue;
        value           uniform (0 0 0);
    }
    outlet
    {
        type            zeroGradient;
    }
    yzfaces
    {
        type            empty;
    }
}


// ************************************************************************* //
