/*--------------------------------*- C++ -*----------------------------------*\
  =========                 |
  \\      /  F ield         | OpenFOAM: The Open Source CFD Toolbox
   \\    /   O peration     | Website:  https://openfoam.org
    \\  /    A nd           | Version:  10
     \\/     M anipulation  |
\*---------------------------------------------------------------------------*/
FoamFile
{
    format      ascii;
    class       volVectorField;
    location    "1.305";
    object      Ua;
}
// * * * * * * * * * * * * * * * * * * * * * * * * * * * * * * * * * * * * * //

dimensions      [0 1 -1 0 0 0 0];

internalField   nonuniform List<vector> 
100
(
(0.00712403 0 0)
(0.0142321 0 0)
(0.0141998 0 0)
(0.0141671 0 0)
(0.0141342 0 0)
(0.0141013 0 0)
(0.0140683 0 0)
(0.0140355 0 0)
(0.0140026 0 0)
(0.0139698 0 0)
(0.0139371 0 0)
(0.0139044 0 0)
(0.0138718 0 0)
(0.0138392 0 0)
(0.0138067 0 0)
(0.0137742 0 0)
(0.0137418 0 0)
(0.0137093 0 0)
(0.0136769 0 0)
(0.0136446 0 0)
(0.0136122 0 0)
(0.0135799 0 0)
(0.0135476 0 0)
(0.0135153 0 0)
(0.013483 0 0)
(0.0134507 0 0)
(0.0134184 0 0)
(0.0133861 0 0)
(0.0133537 0 0)
(0.0133214 0 0)
(0.0132891 0 0)
(0.0132567 0 0)
(0.0132243 0 0)
(0.0131919 0 0)
(0.0131595 0 0)
(0.013127 0 0)
(0.0130945 0 0)
(0.0130619 0 0)
(0.0130293 0 0)
(0.0129967 0 0)
(0.012964 0 0)
(0.0129313 0 0)
(0.0128985 0 0)
(0.0128657 0 0)
(0.0128328 0 0)
(0.0127998 0 0)
(0.0127668 0 0)
(0.0127337 0 0)
(0.0127005 0 0)
(0.0126673 0 0)
(0.012634 0 0)
(0.0126005 0 0)
(0.012567 0 0)
(0.0125334 0 0)
(0.0124997 0 0)
(0.0124659 0 0)
(0.012432 0 0)
(0.012398 0 0)
(0.0123639 0 0)
(0.0123296 0 0)
(0.0122952 0 0)
(0.0122607 0 0)
(0.012226 0 0)
(0.0121912 0 0)
(0.0121562 0 0)
(0.0121211 0 0)
(0.0120857 0 0)
(0.0120502 0 0)
(0.0120145 0 0)
(0.0119785 0 0)
(0.0119424 0 0)
(0.011906 0 0)
(0.0118693 0 0)
(0.0118324 0 0)
(0.0117951 0 0)
(0.0117576 0 0)
(0.0117196 0 0)
(0.0116814 0 0)
(0.0116426 0 0)
(0.0116035 0 0)
(0.0115638 0 0)
(0.0115235 0 0)
(0.0114827 0 0)
(0.0114411 0 0)
(0.0113988 0 0)
(0.0113555 0 0)
(0.0113112 0 0)
(0.0112657 0 0)
(0.0112188 0 0)
(0.0111703 0 0)
(0.0111198 0 0)
(0.0110668 0 0)
(0.011011 0 0)
(0.0109515 0 0)
(0.0108873 0 0)
(0.010817 0 0)
(0.0107386 0 0)
(0.0106489 0 0)
(0.0105428 0 0)
(0.010412 0 0)
)
;

boundaryField
{
    inlet
    {
        type            fixedValue;
        value           uniform (0 0 0);
    }
    outlet
    {
        type            zeroGradient;
    }
    yzfaces
    {
        type            empty;
    }
}


// ************************************************************************* //
