/*--------------------------------*- C++ -*----------------------------------*\
  =========                 |
  \\      /  F ield         | OpenFOAM: The Open Source CFD Toolbox
   \\    /   O peration     | Website:  https://openfoam.org
    \\  /    A nd           | Version:  10
     \\/     M anipulation  |
\*---------------------------------------------------------------------------*/
FoamFile
{
    format      ascii;
    class       volVectorField;
    location    "1.135";
    object      Ua;
}
// * * * * * * * * * * * * * * * * * * * * * * * * * * * * * * * * * * * * * //

dimensions      [0 1 -1 0 0 0 0];

internalField   nonuniform List<vector> 
100
(
(0.00712207 0 0)
(0.0142256 0 0)
(0.0141884 0 0)
(0.0141507 0 0)
(0.0141129 0 0)
(0.0140751 0 0)
(0.0140373 0 0)
(0.0139995 0 0)
(0.0139618 0 0)
(0.0139242 0 0)
(0.0138867 0 0)
(0.0138492 0 0)
(0.0138118 0 0)
(0.0137744 0 0)
(0.0137371 0 0)
(0.0136998 0 0)
(0.0136625 0 0)
(0.0136253 0 0)
(0.0135881 0 0)
(0.0135509 0 0)
(0.0135137 0 0)
(0.0134765 0 0)
(0.0134393 0 0)
(0.0134021 0 0)
(0.0133649 0 0)
(0.0133277 0 0)
(0.0132905 0 0)
(0.0132532 0 0)
(0.0132159 0 0)
(0.0131786 0 0)
(0.0131412 0 0)
(0.0131037 0 0)
(0.0130663 0 0)
(0.0130287 0 0)
(0.0129911 0 0)
(0.0129535 0 0)
(0.0129157 0 0)
(0.0128779 0 0)
(0.01284 0 0)
(0.012802 0 0)
(0.0127639 0 0)
(0.0127258 0 0)
(0.0126875 0 0)
(0.0126491 0 0)
(0.0126106 0 0)
(0.012572 0 0)
(0.0125332 0 0)
(0.0124943 0 0)
(0.0124553 0 0)
(0.0124161 0 0)
(0.0123767 0 0)
(0.0123372 0 0)
(0.0122975 0 0)
(0.0122576 0 0)
(0.0122175 0 0)
(0.0121772 0 0)
(0.0121366 0 0)
(0.0120958 0 0)
(0.0120548 0 0)
(0.0120134 0 0)
(0.0119718 0 0)
(0.0119298 0 0)
(0.0118875 0 0)
(0.0118448 0 0)
(0.0118017 0 0)
(0.0117582 0 0)
(0.0117141 0 0)
(0.0116695 0 0)
(0.0116243 0 0)
(0.0115785 0 0)
(0.0115318 0 0)
(0.0114843 0 0)
(0.0114359 0 0)
(0.0113863 0 0)
(0.0113354 0 0)
(0.011283 0 0)
(0.0112287 0 0)
(0.0111723 0 0)
(0.0111133 0 0)
(0.0110511 0 0)
(0.0109847 0 0)
(0.0109131 0 0)
(0.0108346 0 0)
(0.0107466 0 0)
(0.0106455 0 0)
(0.0105249 0 0)
(0.0103739 0 0)
(0.0101715 0 0)
(0.00987207 0 0)
(0.00935349 0 0)
(0.00816958 0 0)
(0.00457792 0 0)
(0.000916983 0 0)
(1.95233e-07 0 0)
(0 0 0)
(0 0 0)
(0 0 0)
(0 0 0)
(0 0 0)
(0 0 0)
)
;

boundaryField
{
    inlet
    {
        type            fixedValue;
        value           uniform (0 0 0);
    }
    outlet
    {
        type            zeroGradient;
    }
    yzfaces
    {
        type            empty;
    }
}


// ************************************************************************* //
