/*--------------------------------*- C++ -*----------------------------------*\
  =========                 |
  \\      /  F ield         | OpenFOAM: The Open Source CFD Toolbox
   \\    /   O peration     | Website:  https://openfoam.org
    \\  /    A nd           | Version:  10
     \\/     M anipulation  |
\*---------------------------------------------------------------------------*/
FoamFile
{
    format      ascii;
    class       volVectorField;
    location    "1.135";
    object      Ub;
}
// * * * * * * * * * * * * * * * * * * * * * * * * * * * * * * * * * * * * * //

dimensions      [0 1 -1 0 0 0 0];

internalField   nonuniform List<vector> 
100
(
(1.75487e-05 0 0)
(5.35825e-05 0 0)
(9.08537e-05 0 0)
(0.000128533 0 0)
(0.000166346 0 0)
(0.000204179 0 0)
(0.000241981 0 0)
(0.000279728 0 0)
(0.000317408 0 0)
(0.000355021 0 0)
(0.000392567 0 0)
(0.00043005 0 0)
(0.000467476 0 0)
(0.00050485 0 0)
(0.000542178 0 0)
(0.000579467 0 0)
(0.000616723 0 0)
(0.000653952 0 0)
(0.00069116 0 0)
(0.000728353 0 0)
(0.000765537 0 0)
(0.000802717 0 0)
(0.0008399 0 0)
(0.00087709 0 0)
(0.000914292 0 0)
(0.000951512 0 0)
(0.000988755 0 0)
(0.00102603 0 0)
(0.00106333 0 0)
(0.00110067 0 0)
(0.00113805 0 0)
(0.00117548 0 0)
(0.00121297 0 0)
(0.00125051 0 0)
(0.00128811 0 0)
(0.00132577 0 0)
(0.00136351 0 0)
(0.00140133 0 0)
(0.00143923 0 0)
(0.00147721 0 0)
(0.00151529 0 0)
(0.00155347 0 0)
(0.00159175 0 0)
(0.00163014 0 0)
(0.00166864 0 0)
(0.00170727 0 0)
(0.00174603 0 0)
(0.00178493 0 0)
(0.00182397 0 0)
(0.00186316 0 0)
(0.00190252 0 0)
(0.00194205 0 0)
(0.00198175 0 0)
(0.00202165 0 0)
(0.00206175 0 0)
(0.00210207 0 0)
(0.00214262 0 0)
(0.00218341 0 0)
(0.00222446 0 0)
(0.0022658 0 0)
(0.00230743 0 0)
(0.00234939 0 0)
(0.0023917 0 0)
(0.00243439 0 0)
(0.00247749 0 0)
(0.00252105 0 0)
(0.0025651 0 0)
(0.00260969 0 0)
(0.00265489 0 0)
(0.00270077 0 0)
(0.00274741 0 0)
(0.0027949 0 0)
(0.00284338 0 0)
(0.00289297 0 0)
(0.00294386 0 0)
(0.00299628 0 0)
(0.0030505 0 0)
(0.00310689 0 0)
(0.0031659 0 0)
(0.00322816 0 0)
(0.00329452 0 0)
(0.00336612 0 0)
(0.00344466 0 0)
(0.00353259 0 0)
(0.00363373 0 0)
(0.00375435 0 0)
(0.00390535 0 0)
(0.00410768 0 0)
(0.00440716 0 0)
(0.00492574 0 0)
(0.00610965 0 0)
(0.00970131 0 0)
(0.0133622 0 0)
(0.014279 0 0)
(0.0142792 0 0)
(0.0142792 0 0)
(0.0142792 0 0)
(0.0142792 0 0)
(0.0142792 0 0)
(0.0142792 0 0)
)
;

boundaryField
{
    inlet
    {
        type            fixedValue;
        value           uniform (0 0 0);
    }
    outlet
    {
        type            zeroGradient;
    }
    yzfaces
    {
        type            empty;
    }
}


// ************************************************************************* //
