/*--------------------------------*- C++ -*----------------------------------*\
  =========                 |
  \\      /  F ield         | OpenFOAM: The Open Source CFD Toolbox
   \\    /   O peration     | Website:  https://openfoam.org
    \\  /    A nd           | Version:  10
     \\/     M anipulation  |
\*---------------------------------------------------------------------------*/
FoamFile
{
    format      ascii;
    class       volVectorField;
    location    "0.79";
    object      Ub;
}
// * * * * * * * * * * * * * * * * * * * * * * * * * * * * * * * * * * * * * //

dimensions      [0 1 -1 0 0 0 0];

internalField   nonuniform List<vector> 
100
(
(2.57991e-05 0 0)
(7.84299e-05 0 0)
(0.000132353 0 0)
(0.000186585 0 0)
(0.000240842 0 0)
(0.000295026 0 0)
(0.000349105 0 0)
(0.000403074 0 0)
(0.00045694 0 0)
(0.000510719 0 0)
(0.000564426 0 0)
(0.000618079 0 0)
(0.000671694 0 0)
(0.000725289 0 0)
(0.000778882 0 0)
(0.000832489 0 0)
(0.000886125 0 0)
(0.000939807 0 0)
(0.000993551 0 0)
(0.00104737 0 0)
(0.00110128 0 0)
(0.0011553 0 0)
(0.00120945 0 0)
(0.00126373 0 0)
(0.00131816 0 0)
(0.00137277 0 0)
(0.00142757 0 0)
(0.00148257 0 0)
(0.00153779 0 0)
(0.00159325 0 0)
(0.00164898 0 0)
(0.001705 0 0)
(0.00176133 0 0)
(0.00181799 0 0)
(0.00187501 0 0)
(0.00193243 0 0)
(0.00199028 0 0)
(0.0020486 0 0)
(0.00210743 0 0)
(0.00216683 0 0)
(0.00222684 0 0)
(0.00228754 0 0)
(0.002349 0 0)
(0.00241132 0 0)
(0.00247459 0 0)
(0.00253896 0 0)
(0.00260457 0 0)
(0.00267162 0 0)
(0.00274035 0 0)
(0.00281107 0 0)
(0.00288416 0 0)
(0.00296014 0 0)
(0.00303968 0 0)
(0.00312371 0 0)
(0.00321353 0 0)
(0.00331101 0 0)
(0.00341898 0 0)
(0.00354186 0 0)
(0.00368702 0 0)
(0.00386771 0 0)
(0.00411029 0 0)
(0.00447551 0 0)
(0.00513945 0 0)
(0.00683163 0 0)
(0.010977 0 0)
(0.0140757 0 0)
(0.0142812 0 0)
(0.0142812 0 0)
(0.0142812 0 0)
(0.0142812 0 0)
(0.0142812 0 0)
(0.0142812 0 0)
(0.0142812 0 0)
(0.0142812 0 0)
(0.0142812 0 0)
(0.0142812 0 0)
(0.0142812 0 0)
(0.0142812 0 0)
(0.0142812 0 0)
(0.0142812 0 0)
(0.0142812 0 0)
(0.0142812 0 0)
(0.0142812 0 0)
(0.0142812 0 0)
(0.0142812 0 0)
(0.0142812 0 0)
(0.0142812 0 0)
(0.0142812 0 0)
(0.0142812 0 0)
(0.0142812 0 0)
(0.0142812 0 0)
(0.0142812 0 0)
(0.0142812 0 0)
(0.0142812 0 0)
(0.0142812 0 0)
(0.0142812 0 0)
(0.0142812 0 0)
(0.0142812 0 0)
(0.0142812 0 0)
(0.0142812 0 0)
)
;

boundaryField
{
    inlet
    {
        type            fixedValue;
        value           uniform (0 0 0);
    }
    outlet
    {
        type            zeroGradient;
    }
    yzfaces
    {
        type            empty;
    }
}


// ************************************************************************* //
