/*--------------------------------*- C++ -*----------------------------------*\
  =========                 |
  \\      /  F ield         | OpenFOAM: The Open Source CFD Toolbox
   \\    /   O peration     | Website:  https://openfoam.org
    \\  /    A nd           | Version:  10
     \\/     M anipulation  |
\*---------------------------------------------------------------------------*/
FoamFile
{
    format      ascii;
    class       volVectorField;
    location    "1.4";
    object      Ua;
}
// * * * * * * * * * * * * * * * * * * * * * * * * * * * * * * * * * * * * * //

dimensions      [0 1 -1 0 0 0 0];

internalField   nonuniform List<vector> 
100
(
(0.00712486 0 0)
(0.0142349 0 0)
(0.0142048 0 0)
(0.0141744 0 0)
(0.0141437 0 0)
(0.014113 0 0)
(0.0140823 0 0)
(0.0140517 0 0)
(0.014021 0 0)
(0.0139904 0 0)
(0.0139599 0 0)
(0.0139294 0 0)
(0.0138989 0 0)
(0.0138685 0 0)
(0.0138382 0 0)
(0.0138079 0 0)
(0.0137776 0 0)
(0.0137473 0 0)
(0.0137171 0 0)
(0.0136869 0 0)
(0.0136568 0 0)
(0.0136266 0 0)
(0.0135965 0 0)
(0.0135664 0 0)
(0.0135363 0 0)
(0.0135062 0 0)
(0.0134761 0 0)
(0.013446 0 0)
(0.0134159 0 0)
(0.0133858 0 0)
(0.0133557 0 0)
(0.0133256 0 0)
(0.0132954 0 0)
(0.0132653 0 0)
(0.0132351 0 0)
(0.0132049 0 0)
(0.0131747 0 0)
(0.0131445 0 0)
(0.0131142 0 0)
(0.013084 0 0)
(0.0130536 0 0)
(0.0130233 0 0)
(0.0129929 0 0)
(0.0129624 0 0)
(0.012932 0 0)
(0.0129015 0 0)
(0.0128709 0 0)
(0.0128403 0 0)
(0.0128096 0 0)
(0.0127789 0 0)
(0.0127481 0 0)
(0.0127172 0 0)
(0.0126863 0 0)
(0.0126553 0 0)
(0.0126243 0 0)
(0.0125932 0 0)
(0.012562 0 0)
(0.0125307 0 0)
(0.0124993 0 0)
(0.0124679 0 0)
(0.0124364 0 0)
(0.0124047 0 0)
(0.012373 0 0)
(0.0123412 0 0)
(0.0123092 0 0)
(0.0122772 0 0)
(0.012245 0 0)
(0.0122127 0 0)
(0.0121802 0 0)
(0.0121477 0 0)
(0.012115 0 0)
(0.0120821 0 0)
(0.0120491 0 0)
(0.0120159 0 0)
(0.0119825 0 0)
(0.011949 0 0)
(0.0119152 0 0)
(0.0118812 0 0)
(0.011847 0 0)
(0.0118126 0 0)
(0.0117779 0 0)
(0.0117429 0 0)
(0.0117076 0 0)
(0.0116719 0 0)
(0.0116359 0 0)
(0.0115996 0 0)
(0.0115628 0 0)
(0.0115255 0 0)
(0.0114877 0 0)
(0.0114493 0 0)
(0.0114103 0 0)
(0.0113705 0 0)
(0.0113299 0 0)
(0.0112883 0 0)
(0.0112456 0 0)
(0.0112017 0 0)
(0.0111562 0 0)
(0.011109 0 0)
(0.0110596 0 0)
(0.0110075 0 0)
)
;

boundaryField
{
    inlet
    {
        type            fixedValue;
        value           uniform (0 0 0);
    }
    outlet
    {
        type            zeroGradient;
    }
    yzfaces
    {
        type            empty;
    }
}


// ************************************************************************* //
