/*--------------------------------*- C++ -*----------------------------------*\
  =========                 |
  \\      /  F ield         | OpenFOAM: The Open Source CFD Toolbox
   \\    /   O peration     | Website:  https://openfoam.org
    \\  /    A nd           | Version:  10
     \\/     M anipulation  |
\*---------------------------------------------------------------------------*/
FoamFile
{
    format      ascii;
    class       volVectorField;
    location    "1.4";
    object      Ub;
}
// * * * * * * * * * * * * * * * * * * * * * * * * * * * * * * * * * * * * * //

dimensions      [0 1 -1 0 0 0 0];

internalField   nonuniform List<vector> 
100
(
(1.39983e-05 0 0)
(4.28563e-05 0 0)
(7.28815e-05 0 0)
(0.000103339 0 0)
(0.000133973 0 0)
(0.000164669 0 0)
(0.000195372 0 0)
(0.000226051 0 0)
(0.000256693 0 0)
(0.000287288 0 0)
(0.000317834 0 0)
(0.000348331 0 0)
(0.000378778 0 0)
(0.00040918 0 0)
(0.000439538 0 0)
(0.000469856 0 0)
(0.000500136 0 0)
(0.000530383 0 0)
(0.0005606 0 0)
(0.00059079 0 0)
(0.000620957 0 0)
(0.000651104 0 0)
(0.000681234 0 0)
(0.000711351 0 0)
(0.000741458 0 0)
(0.000771558 0 0)
(0.000801653 0 0)
(0.000831747 0 0)
(0.000861843 0 0)
(0.000891943 0 0)
(0.00092205 0 0)
(0.000952167 0 0)
(0.000982296 0 0)
(0.00101244 0 0)
(0.0010426 0 0)
(0.00107279 0 0)
(0.00110299 0 0)
(0.00113322 0 0)
(0.00116348 0 0)
(0.00119377 0 0)
(0.00122409 0 0)
(0.00125444 0 0)
(0.00128483 0 0)
(0.00131527 0 0)
(0.00134574 0 0)
(0.00137626 0 0)
(0.00140683 0 0)
(0.00143745 0 0)
(0.00146812 0 0)
(0.00149885 0 0)
(0.00152964 0 0)
(0.00156048 0 0)
(0.00159139 0 0)
(0.00162237 0 0)
(0.00165342 0 0)
(0.00168454 0 0)
(0.00171574 0 0)
(0.00174701 0 0)
(0.00177837 0 0)
(0.00180982 0 0)
(0.00184136 0 0)
(0.00187299 0 0)
(0.00190472 0 0)
(0.00193656 0 0)
(0.0019685 0 0)
(0.00200056 0 0)
(0.00203274 0 0)
(0.00206504 0 0)
(0.00209747 0 0)
(0.00213004 0 0)
(0.00216275 0 0)
(0.00219562 0 0)
(0.00222864 0 0)
(0.00226183 0 0)
(0.0022952 0 0)
(0.00232876 0 0)
(0.00236253 0 0)
(0.0023965 0 0)
(0.00243071 0 0)
(0.00246516 0 0)
(0.00249987 0 0)
(0.00253486 0 0)
(0.00257016 0 0)
(0.00260578 0 0)
(0.00264177 0 0)
(0.00267815 0 0)
(0.00271495 0 0)
(0.00275223 0 0)
(0.00279003 0 0)
(0.00282842 0 0)
(0.00286746 0 0)
(0.00290723 0 0)
(0.00294784 0 0)
(0.00298941 0 0)
(0.00303207 0 0)
(0.00307602 0 0)
(0.00312148 0 0)
(0.00316873 0 0)
(0.00321814 0 0)
(0.00327017 0 0)
)
;

boundaryField
{
    inlet
    {
        type            fixedValue;
        value           uniform (0 0 0);
    }
    outlet
    {
        type            zeroGradient;
    }
    yzfaces
    {
        type            empty;
    }
}


// ************************************************************************* //
