/*--------------------------------*- C++ -*----------------------------------*\
  =========                 |
  \\      /  F ield         | OpenFOAM: The Open Source CFD Toolbox
   \\    /   O peration     | Website:  https://openfoam.org
    \\  /    A nd           | Version:  10
     \\/     M anipulation  |
\*---------------------------------------------------------------------------*/
FoamFile
{
    format      ascii;
    class       volVectorField;
    location    "0.42";
    object      Ua;
}
// * * * * * * * * * * * * * * * * * * * * * * * * * * * * * * * * * * * * * //

dimensions      [0 1 -1 0 0 0 0];

internalField   nonuniform List<vector> 
100
(
(0.0070918 0 0)
(0.0141327 0 0)
(0.0140309 0 0)
(0.0139291 0 0)
(0.0138274 0 0)
(0.0137259 0 0)
(0.0136243 0 0)
(0.0135228 0 0)
(0.013421 0 0)
(0.0133189 0 0)
(0.0132165 0 0)
(0.0131135 0 0)
(0.0130099 0 0)
(0.0129055 0 0)
(0.0128002 0 0)
(0.0126938 0 0)
(0.0125862 0 0)
(0.0124772 0 0)
(0.0123665 0 0)
(0.0122538 0 0)
(0.0121387 0 0)
(0.0120209 0 0)
(0.0118997 0 0)
(0.0117743 0 0)
(0.0116437 0 0)
(0.0115063 0 0)
(0.01136 0 0)
(0.0112013 0 0)
(0.011025 0 0)
(0.0108217 0 0)
(0.0105743 0 0)
(0.0102465 0 0)
(0.00974808 0 0)
(0.00878046 0 0)
(0.0059857 0 0)
(0.00193254 0 0)
(7.38818e-06 0 0)
(2.50841e-15 0 0)
(0 0 0)
(0 0 0)
(0 0 0)
(0 0 0)
(0 0 0)
(0 0 0)
(0 0 0)
(0 0 0)
(0 0 0)
(0 0 0)
(0 0 0)
(0 0 0)
(0 0 0)
(0 0 0)
(0 0 0)
(0 0 0)
(0 0 0)
(0 0 0)
(0 0 0)
(0 0 0)
(0 0 0)
(0 0 0)
(0 0 0)
(0 0 0)
(0 0 0)
(0 0 0)
(0 0 0)
(0 0 0)
(0 0 0)
(0 0 0)
(0 0 0)
(0 0 0)
(0 0 0)
(0 0 0)
(0 0 0)
(0 0 0)
(0 0 0)
(0 0 0)
(0 0 0)
(0 0 0)
(0 0 0)
(0 0 0)
(0 0 0)
(0 0 0)
(0 0 0)
(0 0 0)
(0 0 0)
(0 0 0)
(0 0 0)
(0 0 0)
(0 0 0)
(0 0 0)
(0 0 0)
(0 0 0)
(0 0 0)
(0 0 0)
(0 0 0)
(0 0 0)
(0 0 0)
(0 0 0)
(0 0 0)
(0 0 0)
)
;

boundaryField
{
    inlet
    {
        type            fixedValue;
        value           uniform (0 0 0);
    }
    outlet
    {
        type            zeroGradient;
    }
    yzfaces
    {
        type            empty;
    }
}


// ************************************************************************* //
