/*--------------------------------*- C++ -*----------------------------------*\
  =========                 |
  \\      /  F ield         | OpenFOAM: The Open Source CFD Toolbox
   \\    /   O peration     | Website:  https://openfoam.org
    \\  /    A nd           | Version:  10
     \\/     M anipulation  |
\*---------------------------------------------------------------------------*/
FoamFile
{
    format      ascii;
    class       volVectorField;
    location    "1.255";
    object      Ua;
}
// * * * * * * * * * * * * * * * * * * * * * * * * * * * * * * * * * * * * * //

dimensions      [0 1 -1 0 0 0 0];

internalField   nonuniform List<vector> 
100
(
(0.00712352 0 0)
(0.0142304 0 0)
(0.0141968 0 0)
(0.0141627 0 0)
(0.0141285 0 0)
(0.0140943 0 0)
(0.0140601 0 0)
(0.0140259 0 0)
(0.0139918 0 0)
(0.0139577 0 0)
(0.0139237 0 0)
(0.0138897 0 0)
(0.0138558 0 0)
(0.013822 0 0)
(0.0137882 0 0)
(0.0137544 0 0)
(0.0137207 0 0)
(0.013687 0 0)
(0.0136533 0 0)
(0.0136197 0 0)
(0.0135861 0 0)
(0.0135524 0 0)
(0.0135188 0 0)
(0.0134852 0 0)
(0.0134516 0 0)
(0.013418 0 0)
(0.0133844 0 0)
(0.0133508 0 0)
(0.0133172 0 0)
(0.0132835 0 0)
(0.0132499 0 0)
(0.0132162 0 0)
(0.0131824 0 0)
(0.0131487 0 0)
(0.0131149 0 0)
(0.013081 0 0)
(0.0130472 0 0)
(0.0130132 0 0)
(0.0129793 0 0)
(0.0129452 0 0)
(0.0129111 0 0)
(0.012877 0 0)
(0.0128428 0 0)
(0.0128085 0 0)
(0.0127742 0 0)
(0.0127397 0 0)
(0.0127052 0 0)
(0.0126706 0 0)
(0.012636 0 0)
(0.0126012 0 0)
(0.0125663 0 0)
(0.0125313 0 0)
(0.0124963 0 0)
(0.0124611 0 0)
(0.0124257 0 0)
(0.0123903 0 0)
(0.0123547 0 0)
(0.012319 0 0)
(0.0122832 0 0)
(0.0122472 0 0)
(0.012211 0 0)
(0.0121746 0 0)
(0.0121381 0 0)
(0.0121014 0 0)
(0.0120645 0 0)
(0.0120274 0 0)
(0.01199 0 0)
(0.0119524 0 0)
(0.0119145 0 0)
(0.0118764 0 0)
(0.0118379 0 0)
(0.0117992 0 0)
(0.01176 0 0)
(0.0117205 0 0)
(0.0116806 0 0)
(0.0116402 0 0)
(0.0115993 0 0)
(0.0115578 0 0)
(0.0115157 0 0)
(0.0114729 0 0)
(0.0114293 0 0)
(0.0113849 0 0)
(0.0113393 0 0)
(0.0112926 0 0)
(0.0112445 0 0)
(0.0111948 0 0)
(0.011143 0 0)
(0.011089 0 0)
(0.011032 0 0)
(0.0109713 0 0)
(0.0109061 0 0)
(0.0108348 0 0)
(0.0107555 0 0)
(0.0106651 0 0)
(0.0105586 0 0)
(0.0104279 0 0)
(0.010258 0 0)
(0.0100181 0 0)
(0.00963503 0 0)
(0.00888359 0 0)
)
;

boundaryField
{
    inlet
    {
        type            fixedValue;
        value           uniform (0 0 0);
    }
    outlet
    {
        type            zeroGradient;
    }
    yzfaces
    {
        type            empty;
    }
}


// ************************************************************************* //
