/*--------------------------------*- C++ -*----------------------------------*\
  =========                 |
  \\      /  F ield         | OpenFOAM: The Open Source CFD Toolbox
   \\    /   O peration     | Website:  https://openfoam.org
    \\  /    A nd           | Version:  10
     \\/     M anipulation  |
\*---------------------------------------------------------------------------*/
FoamFile
{
    format      ascii;
    class       volVectorField;
    location    "0.23";
    object      Ub;
}
// * * * * * * * * * * * * * * * * * * * * * * * * * * * * * * * * * * * * * //

dimensions      [0 1 -1 0 0 0 0];

internalField   nonuniform List<vector> 
100
(
(9.23769e-05 0 0)
(0.000277948 0 0)
(0.00046446 0 0)
(0.000651408 0 0)
(0.000839302 0 0)
(0.00102883 0 0)
(0.00122075 0 0)
(0.00141596 0 0)
(0.00161549 0 0)
(0.0018207 0 0)
(0.00203336 0 0)
(0.00225602 0 0)
(0.0024925 0 0)
(0.00274888 0 0)
(0.00303571 0 0)
(0.00337302 0 0)
(0.00380423 0 0)
(0.00444355 0 0)
(0.00570112 0 0)
(0.00928706 0 0)
(0.0131458 0 0)
(0.0142839 0 0)
(0.0142844 0 0)
(0.0142844 0 0)
(0.0142844 0 0)
(0.0142844 0 0)
(0.0142844 0 0)
(0.0142844 0 0)
(0.0142844 0 0)
(0.0142844 0 0)
(0.0142844 0 0)
(0.0142844 0 0)
(0.0142844 0 0)
(0.0142844 0 0)
(0.0142844 0 0)
(0.0142844 0 0)
(0.0142844 0 0)
(0.0142844 0 0)
(0.0142844 0 0)
(0.0142844 0 0)
(0.0142844 0 0)
(0.0142844 0 0)
(0.0142844 0 0)
(0.0142844 0 0)
(0.0142844 0 0)
(0.0142844 0 0)
(0.0142844 0 0)
(0.0142844 0 0)
(0.0142844 0 0)
(0.0142844 0 0)
(0.0142844 0 0)
(0.0142844 0 0)
(0.0142844 0 0)
(0.0142844 0 0)
(0.0142844 0 0)
(0.0142844 0 0)
(0.0142844 0 0)
(0.0142844 0 0)
(0.0142844 0 0)
(0.0142844 0 0)
(0.0142844 0 0)
(0.0142844 0 0)
(0.0142844 0 0)
(0.0142844 0 0)
(0.0142844 0 0)
(0.0142844 0 0)
(0.0142844 0 0)
(0.0142844 0 0)
(0.0142844 0 0)
(0.0142844 0 0)
(0.0142844 0 0)
(0.0142844 0 0)
(0.0142844 0 0)
(0.0142844 0 0)
(0.0142844 0 0)
(0.0142844 0 0)
(0.0142844 0 0)
(0.0142844 0 0)
(0.0142844 0 0)
(0.0142844 0 0)
(0.0142844 0 0)
(0.0142844 0 0)
(0.0142844 0 0)
(0.0142844 0 0)
(0.0142844 0 0)
(0.0142844 0 0)
(0.0142844 0 0)
(0.0142844 0 0)
(0.0142844 0 0)
(0.0142844 0 0)
(0.0142844 0 0)
(0.0142844 0 0)
(0.0142844 0 0)
(0.0142844 0 0)
(0.0142844 0 0)
(0.0142844 0 0)
(0.0142844 0 0)
(0.0142844 0 0)
(0.0142844 0 0)
(0.0142844 0 0)
)
;

boundaryField
{
    inlet
    {
        type            fixedValue;
        value           uniform (0 0 0);
    }
    outlet
    {
        type            zeroGradient;
    }
    yzfaces
    {
        type            empty;
    }
}


// ************************************************************************* //
