/*--------------------------------*- C++ -*----------------------------------*\
  =========                 |
  \\      /  F ield         | OpenFOAM: The Open Source CFD Toolbox
   \\    /   O peration     | Website:  https://openfoam.org
    \\  /    A nd           | Version:  10
     \\/     M anipulation  |
\*---------------------------------------------------------------------------*/
FoamFile
{
    format      ascii;
    class       volVectorField;
    location    "0.97";
    object      Ua;
}
// * * * * * * * * * * * * * * * * * * * * * * * * * * * * * * * * * * * * * //

dimensions      [0 1 -1 0 0 0 0];

internalField   nonuniform List<vector> 
100
(
(0.00711933 0 0)
(0.0142169 0 0)
(0.0141732 0 0)
(0.014129 0 0)
(0.0140848 0 0)
(0.0140406 0 0)
(0.0139964 0 0)
(0.0139523 0 0)
(0.0139083 0 0)
(0.0138644 0 0)
(0.0138206 0 0)
(0.0137768 0 0)
(0.0137331 0 0)
(0.0136895 0 0)
(0.0136459 0 0)
(0.0136023 0 0)
(0.0135587 0 0)
(0.0135151 0 0)
(0.0134716 0 0)
(0.013428 0 0)
(0.0133844 0 0)
(0.0133408 0 0)
(0.0132971 0 0)
(0.0132535 0 0)
(0.0132097 0 0)
(0.0131659 0 0)
(0.0131221 0 0)
(0.0130781 0 0)
(0.0130341 0 0)
(0.01299 0 0)
(0.0129458 0 0)
(0.0129015 0 0)
(0.012857 0 0)
(0.0128125 0 0)
(0.0127678 0 0)
(0.012723 0 0)
(0.012678 0 0)
(0.0126329 0 0)
(0.0125875 0 0)
(0.012542 0 0)
(0.0124963 0 0)
(0.0124504 0 0)
(0.0124043 0 0)
(0.0123579 0 0)
(0.0123113 0 0)
(0.0122644 0 0)
(0.0122172 0 0)
(0.0121697 0 0)
(0.0121218 0 0)
(0.0120736 0 0)
(0.0120249 0 0)
(0.0119759 0 0)
(0.0119263 0 0)
(0.0118763 0 0)
(0.0118256 0 0)
(0.0117744 0 0)
(0.0117224 0 0)
(0.0116697 0 0)
(0.011616 0 0)
(0.0115613 0 0)
(0.0115055 0 0)
(0.0114484 0 0)
(0.0113896 0 0)
(0.0113291 0 0)
(0.0112663 0 0)
(0.0112008 0 0)
(0.011132 0 0)
(0.011059 0 0)
(0.0109807 0 0)
(0.0108953 0 0)
(0.0108003 0 0)
(0.0106918 0 0)
(0.0105634 0 0)
(0.0104037 0 0)
(0.010191 0 0)
(0.00987723 0 0)
(0.00933243 0 0)
(0.0080708 0 0)
(0.004327 0 0)
(0.000745384 0 0)
(7.87709e-08 0 0)
(0 0 0)
(0 0 0)
(0 0 0)
(0 0 0)
(0 0 0)
(0 0 0)
(0 0 0)
(0 0 0)
(0 0 0)
(0 0 0)
(0 0 0)
(0 0 0)
(0 0 0)
(0 0 0)
(0 0 0)
(0 0 0)
(0 0 0)
(0 0 0)
(0 0 0)
)
;

boundaryField
{
    inlet
    {
        type            fixedValue;
        value           uniform (0 0 0);
    }
    outlet
    {
        type            zeroGradient;
    }
    yzfaces
    {
        type            empty;
    }
}


// ************************************************************************* //
