/*--------------------------------*- C++ -*----------------------------------*\
  =========                 |
  \\      /  F ield         | OpenFOAM: The Open Source CFD Toolbox
   \\    /   O peration     | Website:  https://openfoam.org
    \\  /    A nd           | Version:  10
     \\/     M anipulation  |
\*---------------------------------------------------------------------------*/
FoamFile
{
    format      ascii;
    class       volVectorField;
    location    "0.97";
    object      Ub;
}
// * * * * * * * * * * * * * * * * * * * * * * * * * * * * * * * * * * * * * //

dimensions      [0 1 -1 0 0 0 0];

internalField   nonuniform List<vector> 
100
(
(2.07551e-05 0 0)
(6.32499e-05 0 0)
(0.000107018 0 0)
(0.00015116 0 0)
(0.000195395 0 0)
(0.000239612 0 0)
(0.000283766 0 0)
(0.000327838 0 0)
(0.000371825 0 0)
(0.000415731 0 0)
(0.000459561 0 0)
(0.000503325 0 0)
(0.000547031 0 0)
(0.00059069 0 0)
(0.000634311 0 0)
(0.000677903 0 0)
(0.000721477 0 0)
(0.000765042 0 0)
(0.000808606 0 0)
(0.000852179 0 0)
(0.000895768 0 0)
(0.000939383 0 0)
(0.000983031 0 0)
(0.00102672 0 0)
(0.00107046 0 0)
(0.00111426 0 0)
(0.00115812 0 0)
(0.00120206 0 0)
(0.00124608 0 0)
(0.00129019 0 0)
(0.00133439 0 0)
(0.00137871 0 0)
(0.00142313 0 0)
(0.00146769 0 0)
(0.00151237 0 0)
(0.0015572 0 0)
(0.00160218 0 0)
(0.00164732 0 0)
(0.00169264 0 0)
(0.00173814 0 0)
(0.00178384 0 0)
(0.00182974 0 0)
(0.00187588 0 0)
(0.00192225 0 0)
(0.00196889 0 0)
(0.00201579 0 0)
(0.00206299 0 0)
(0.00211051 0 0)
(0.00215837 0 0)
(0.0022066 0 0)
(0.00225523 0 0)
(0.0023043 0 0)
(0.00235384 0 0)
(0.0024039 0 0)
(0.00245453 0 0)
(0.00250579 0 0)
(0.00255776 0 0)
(0.00261052 0 0)
(0.00266417 0 0)
(0.00271883 0 0)
(0.00277465 0 0)
(0.00283181 0 0)
(0.00289054 0 0)
(0.00295112 0 0)
(0.00301391 0 0)
(0.00307938 0 0)
(0.00314818 0 0)
(0.00322115 0 0)
(0.00329948 0 0)
(0.00338487 0 0)
(0.00347985 0 0)
(0.00358834 0 0)
(0.00371678 0 0)
(0.00387644 0 0)
(0.00408913 0 0)
(0.00440294 0 0)
(0.00494774 0 0)
(0.00620938 0 0)
(0.00995318 0 0)
(0.0135348 0 0)
(0.0142801 0 0)
(0.0142802 0 0)
(0.0142802 0 0)
(0.0142802 0 0)
(0.0142802 0 0)
(0.0142802 0 0)
(0.0142802 0 0)
(0.0142802 0 0)
(0.0142802 0 0)
(0.0142802 0 0)
(0.0142802 0 0)
(0.0142802 0 0)
(0.0142802 0 0)
(0.0142802 0 0)
(0.0142802 0 0)
(0.0142802 0 0)
(0.0142802 0 0)
(0.0142802 0 0)
(0.0142802 0 0)
(0.0142802 0 0)
)
;

boundaryField
{
    inlet
    {
        type            fixedValue;
        value           uniform (0 0 0);
    }
    outlet
    {
        type            zeroGradient;
    }
    yzfaces
    {
        type            empty;
    }
}


// ************************************************************************* //
