/*--------------------------------*- C++ -*----------------------------------*\
  =========                 |
  \\      /  F ield         | OpenFOAM: The Open Source CFD Toolbox
   \\    /   O peration     | Website:  https://openfoam.org
    \\  /    A nd           | Version:  10
     \\/     M anipulation  |
\*---------------------------------------------------------------------------*/
FoamFile
{
    format      ascii;
    class       volVectorField;
    location    "1.31";
    object      Ua;
}
// * * * * * * * * * * * * * * * * * * * * * * * * * * * * * * * * * * * * * //

dimensions      [0 1 -1 0 0 0 0];

internalField   nonuniform List<vector> 
100
(
(0.00712408 0 0)
(0.0142322 0 0)
(0.0142001 0 0)
(0.0141675 0 0)
(0.0141347 0 0)
(0.0141019 0 0)
(0.0140691 0 0)
(0.0140364 0 0)
(0.0140037 0 0)
(0.013971 0 0)
(0.0139384 0 0)
(0.0139058 0 0)
(0.0138733 0 0)
(0.0138409 0 0)
(0.0138085 0 0)
(0.0137761 0 0)
(0.0137438 0 0)
(0.0137115 0 0)
(0.0136792 0 0)
(0.013647 0 0)
(0.0136147 0 0)
(0.0135825 0 0)
(0.0135503 0 0)
(0.0135182 0 0)
(0.013486 0 0)
(0.0134538 0 0)
(0.0134216 0 0)
(0.0133894 0 0)
(0.0133572 0 0)
(0.013325 0 0)
(0.0132928 0 0)
(0.0132606 0 0)
(0.0132283 0 0)
(0.013196 0 0)
(0.0131637 0 0)
(0.0131314 0 0)
(0.013099 0 0)
(0.0130666 0 0)
(0.0130341 0 0)
(0.0130016 0 0)
(0.0129691 0 0)
(0.0129365 0 0)
(0.0129039 0 0)
(0.0128712 0 0)
(0.0128384 0 0)
(0.0128056 0 0)
(0.0127727 0 0)
(0.0127397 0 0)
(0.0127067 0 0)
(0.0126736 0 0)
(0.0126404 0 0)
(0.0126071 0 0)
(0.0125738 0 0)
(0.0125403 0 0)
(0.0125068 0 0)
(0.0124732 0 0)
(0.0124394 0 0)
(0.0124055 0 0)
(0.0123716 0 0)
(0.0123375 0 0)
(0.0123032 0 0)
(0.0122689 0 0)
(0.0122344 0 0)
(0.0121997 0 0)
(0.0121649 0 0)
(0.0121299 0 0)
(0.0120948 0 0)
(0.0120595 0 0)
(0.0120239 0 0)
(0.0119882 0 0)
(0.0119523 0 0)
(0.0119161 0 0)
(0.0118796 0 0)
(0.0118429 0 0)
(0.0118059 0 0)
(0.0117686 0 0)
(0.0117309 0 0)
(0.0116929 0 0)
(0.0116545 0 0)
(0.0116156 0 0)
(0.0115763 0 0)
(0.0115364 0 0)
(0.0114959 0 0)
(0.0114547 0 0)
(0.0114128 0 0)
(0.01137 0 0)
(0.0113263 0 0)
(0.0112814 0 0)
(0.0112352 0 0)
(0.0111875 0 0)
(0.0111379 0 0)
(0.0110862 0 0)
(0.0110317 0 0)
(0.0109738 0 0)
(0.0109118 0 0)
(0.0108442 0 0)
(0.0107695 0 0)
(0.0106848 0 0)
(0.0105861 0 0)
(0.0104666 0 0)
)
;

boundaryField
{
    inlet
    {
        type            fixedValue;
        value           uniform (0 0 0);
    }
    outlet
    {
        type            zeroGradient;
    }
    yzfaces
    {
        type            empty;
    }
}


// ************************************************************************* //
