/*--------------------------------*- C++ -*----------------------------------*\
  =========                 |
  \\      /  F ield         | OpenFOAM: The Open Source CFD Toolbox
   \\    /   O peration     | Website:  https://openfoam.org
    \\  /    A nd           | Version:  10
     \\/     M anipulation  |
\*---------------------------------------------------------------------------*/
FoamFile
{
    format      ascii;
    class       volVectorField;
    location    "1.075";
    object      Ub;
}
// * * * * * * * * * * * * * * * * * * * * * * * * * * * * * * * * * * * * * //

dimensions      [0 1 -1 0 0 0 0];

internalField   nonuniform List<vector> 
100
(
(1.85995e-05 0 0)
(5.67523e-05 0 0)
(9.61569e-05 0 0)
(0.000135959 0 0)
(0.000175882 0 0)
(0.000215813 0 0)
(0.000255701 0 0)
(0.000295525 0 0)
(0.000335277 0 0)
(0.000374955 0 0)
(0.000414562 0 0)
(0.000454105 0 0)
(0.000493589 0 0)
(0.000533022 0 0)
(0.000572411 0 0)
(0.000611763 0 0)
(0.000651085 0 0)
(0.000690385 0 0)
(0.000729669 0 0)
(0.000768945 0 0)
(0.000808218 0 0)
(0.000847496 0 0)
(0.000886784 0 0)
(0.000926089 0 0)
(0.000965417 0 0)
(0.00100477 0 0)
(0.00104416 0 0)
(0.0010836 0 0)
(0.00112307 0 0)
(0.0011626 0 0)
(0.00120219 0 0)
(0.00124184 0 0)
(0.00128156 0 0)
(0.00132136 0 0)
(0.00136123 0 0)
(0.0014012 0 0)
(0.00144125 0 0)
(0.00148141 0 0)
(0.00152167 0 0)
(0.00156205 0 0)
(0.00160254 0 0)
(0.00164316 0 0)
(0.00168392 0 0)
(0.00172482 0 0)
(0.00176587 0 0)
(0.00180708 0 0)
(0.00184847 0 0)
(0.00189003 0 0)
(0.00193178 0 0)
(0.00197374 0 0)
(0.00201591 0 0)
(0.00205831 0 0)
(0.00210096 0 0)
(0.00214387 0 0)
(0.00218706 0 0)
(0.00223055 0 0)
(0.00227436 0 0)
(0.00231853 0 0)
(0.00236307 0 0)
(0.00240802 0 0)
(0.00245342 0 0)
(0.00249931 0 0)
(0.00254575 0 0)
(0.00259277 0 0)
(0.00264047 0 0)
(0.00268891 0 0)
(0.00273819 0 0)
(0.00278842 0 0)
(0.00283974 0 0)
(0.00289233 0 0)
(0.00294638 0 0)
(0.00300217 0 0)
(0.00306003 0 0)
(0.00312041 0 0)
(0.00318386 0 0)
(0.00325117 0 0)
(0.00332341 0 0)
(0.0034021 0 0)
(0.00348947 0 0)
(0.00358892 0 0)
(0.00370593 0 0)
(0.00384991 0 0)
(0.00403842 0 0)
(0.00430846 0 0)
(0.00475289 0 0)
(0.00568067 0 0)
(0.00848915 0 0)
(0.0124604 0 0)
(0.014274 0 0)
(0.0142796 0 0)
(0.0142796 0 0)
(0.0142796 0 0)
(0.0142796 0 0)
(0.0142796 0 0)
(0.0142796 0 0)
(0.0142796 0 0)
(0.0142796 0 0)
(0.0142796 0 0)
(0.0142796 0 0)
(0.0142796 0 0)
)
;

boundaryField
{
    inlet
    {
        type            fixedValue;
        value           uniform (0 0 0);
    }
    outlet
    {
        type            zeroGradient;
    }
    yzfaces
    {
        type            empty;
    }
}


// ************************************************************************* //
