/*--------------------------------*- C++ -*----------------------------------*\
  =========                 |
  \\      /  F ield         | OpenFOAM: The Open Source CFD Toolbox
   \\    /   O peration     | Website:  https://openfoam.org
    \\  /    A nd           | Version:  10
     \\/     M anipulation  |
\*---------------------------------------------------------------------------*/
FoamFile
{
    format      ascii;
    class       volVectorField;
    location    "0.215";
    object      Ub;
}
// * * * * * * * * * * * * * * * * * * * * * * * * * * * * * * * * * * * * * //

dimensions      [0 1 -1 0 0 0 0];

internalField   nonuniform List<vector> 
100
(
(9.89421e-05 0 0)
(0.000297642 0 0)
(0.000497366 0 0)
(0.000697783 0 0)
(0.000899578 0 0)
(0.00110363 0 0)
(0.00131093 0 0)
(0.00152266 0 0)
(0.00174031 0 0)
(0.00196584 0 0)
(0.00220206 0 0)
(0.00245317 0 0)
(0.00272602 0 0)
(0.00303255 0 0)
(0.00339608 0 0)
(0.00386877 0 0)
(0.00459546 0 0)
(0.00614148 0 0)
(0.0102545 0 0)
(0.01378 0 0)
(0.0142845 0 0)
(0.0142845 0 0)
(0.0142845 0 0)
(0.0142845 0 0)
(0.0142845 0 0)
(0.0142845 0 0)
(0.0142845 0 0)
(0.0142845 0 0)
(0.0142845 0 0)
(0.0142845 0 0)
(0.0142845 0 0)
(0.0142845 0 0)
(0.0142845 0 0)
(0.0142845 0 0)
(0.0142845 0 0)
(0.0142845 0 0)
(0.0142845 0 0)
(0.0142845 0 0)
(0.0142845 0 0)
(0.0142845 0 0)
(0.0142845 0 0)
(0.0142845 0 0)
(0.0142845 0 0)
(0.0142845 0 0)
(0.0142845 0 0)
(0.0142845 0 0)
(0.0142845 0 0)
(0.0142845 0 0)
(0.0142845 0 0)
(0.0142845 0 0)
(0.0142845 0 0)
(0.0142845 0 0)
(0.0142845 0 0)
(0.0142845 0 0)
(0.0142845 0 0)
(0.0142845 0 0)
(0.0142845 0 0)
(0.0142845 0 0)
(0.0142845 0 0)
(0.0142845 0 0)
(0.0142845 0 0)
(0.0142845 0 0)
(0.0142845 0 0)
(0.0142845 0 0)
(0.0142845 0 0)
(0.0142845 0 0)
(0.0142845 0 0)
(0.0142845 0 0)
(0.0142845 0 0)
(0.0142845 0 0)
(0.0142845 0 0)
(0.0142845 0 0)
(0.0142845 0 0)
(0.0142845 0 0)
(0.0142845 0 0)
(0.0142845 0 0)
(0.0142845 0 0)
(0.0142845 0 0)
(0.0142845 0 0)
(0.0142845 0 0)
(0.0142845 0 0)
(0.0142845 0 0)
(0.0142845 0 0)
(0.0142845 0 0)
(0.0142845 0 0)
(0.0142845 0 0)
(0.0142845 0 0)
(0.0142845 0 0)
(0.0142845 0 0)
(0.0142845 0 0)
(0.0142845 0 0)
(0.0142845 0 0)
(0.0142845 0 0)
(0.0142845 0 0)
(0.0142845 0 0)
(0.0142845 0 0)
(0.0142845 0 0)
(0.0142845 0 0)
(0.0142845 0 0)
(0.0142845 0 0)
)
;

boundaryField
{
    inlet
    {
        type            fixedValue;
        value           uniform (0 0 0);
    }
    outlet
    {
        type            zeroGradient;
    }
    yzfaces
    {
        type            empty;
    }
}


// ************************************************************************* //
