/*--------------------------------*- C++ -*----------------------------------*\
  =========                 |
  \\      /  F ield         | OpenFOAM: The Open Source CFD Toolbox
   \\    /   O peration     | Website:  https://openfoam.org
    \\  /    A nd           | Version:  10
     \\/     M anipulation  |
\*---------------------------------------------------------------------------*/
FoamFile
{
    format      ascii;
    class       volVectorField;
    location    "0.62";
    object      Ua;
}
// * * * * * * * * * * * * * * * * * * * * * * * * * * * * * * * * * * * * * //

dimensions      [0 1 -1 0 0 0 0];

internalField   nonuniform List<vector> 
100
(
(0.00710781 0 0)
(0.0141813 0 0)
(0.0141124 0 0)
(0.0140433 0 0)
(0.0139743 0 0)
(0.0139055 0 0)
(0.0138367 0 0)
(0.0137681 0 0)
(0.0136996 0 0)
(0.0136311 0 0)
(0.0135626 0 0)
(0.0134942 0 0)
(0.0134256 0 0)
(0.013357 0 0)
(0.0132883 0 0)
(0.0132194 0 0)
(0.0131504 0 0)
(0.0130811 0 0)
(0.0130116 0 0)
(0.0129418 0 0)
(0.0128716 0 0)
(0.0128011 0 0)
(0.0127302 0 0)
(0.0126589 0 0)
(0.012587 0 0)
(0.0125146 0 0)
(0.0124416 0 0)
(0.0123679 0 0)
(0.0122935 0 0)
(0.0122182 0 0)
(0.0121419 0 0)
(0.0120646 0 0)
(0.0119861 0 0)
(0.0119061 0 0)
(0.0118246 0 0)
(0.0117411 0 0)
(0.0116554 0 0)
(0.0115671 0 0)
(0.0114754 0 0)
(0.0113797 0 0)
(0.0112788 0 0)
(0.0111713 0 0)
(0.0110547 0 0)
(0.0109257 0 0)
(0.0107787 0 0)
(0.0106038 0 0)
(0.0103828 0 0)
(0.0100771 0 0)
(0.00958786 0 0)
(0.00857968 0 0)
(0.005552 0 0)
(0.00161488 0 0)
(2.86467e-06 0 0)
(9.19403e-17 0 0)
(0 0 0)
(0 0 0)
(0 0 0)
(0 0 0)
(0 0 0)
(0 0 0)
(0 0 0)
(0 0 0)
(0 0 0)
(0 0 0)
(0 0 0)
(0 0 0)
(0 0 0)
(0 0 0)
(0 0 0)
(0 0 0)
(0 0 0)
(0 0 0)
(0 0 0)
(0 0 0)
(0 0 0)
(0 0 0)
(0 0 0)
(0 0 0)
(0 0 0)
(0 0 0)
(0 0 0)
(0 0 0)
(0 0 0)
(0 0 0)
(0 0 0)
(0 0 0)
(0 0 0)
(0 0 0)
(0 0 0)
(0 0 0)
(0 0 0)
(0 0 0)
(0 0 0)
(0 0 0)
(0 0 0)
(0 0 0)
(0 0 0)
(0 0 0)
(0 0 0)
(0 0 0)
)
;

boundaryField
{
    inlet
    {
        type            fixedValue;
        value           uniform (0 0 0);
    }
    outlet
    {
        type            zeroGradient;
    }
    yzfaces
    {
        type            empty;
    }
}


// ************************************************************************* //
