/*--------------------------------*- C++ -*----------------------------------*\
  =========                 |
  \\      /  F ield         | OpenFOAM: The Open Source CFD Toolbox
   \\    /   O peration     | Website:  https://openfoam.org
    \\  /    A nd           | Version:  10
     \\/     M anipulation  |
\*---------------------------------------------------------------------------*/
FoamFile
{
    format      ascii;
    class       volVectorField;
    location    "1.295";
    object      Ua;
}
// * * * * * * * * * * * * * * * * * * * * * * * * * * * * * * * * * * * * * //

dimensions      [0 1 -1 0 0 0 0];

internalField   nonuniform List<vector> 
100
(
(0.00712393 0 0)
(0.0142317 0 0)
(0.0141992 0 0)
(0.0141662 0 0)
(0.0141331 0 0)
(0.0140999 0 0)
(0.0140667 0 0)
(0.0140336 0 0)
(0.0140005 0 0)
(0.0139675 0 0)
(0.0139345 0 0)
(0.0139016 0 0)
(0.0138687 0 0)
(0.0138359 0 0)
(0.0138031 0 0)
(0.0137704 0 0)
(0.0137377 0 0)
(0.013705 0 0)
(0.0136724 0 0)
(0.0136398 0 0)
(0.0136072 0 0)
(0.0135746 0 0)
(0.013542 0 0)
(0.0135095 0 0)
(0.0134769 0 0)
(0.0134444 0 0)
(0.0134118 0 0)
(0.0133792 0 0)
(0.0133467 0 0)
(0.0133141 0 0)
(0.0132815 0 0)
(0.0132488 0 0)
(0.0132162 0 0)
(0.0131835 0 0)
(0.0131508 0 0)
(0.0131181 0 0)
(0.0130853 0 0)
(0.0130525 0 0)
(0.0130197 0 0)
(0.0129868 0 0)
(0.0129538 0 0)
(0.0129208 0 0)
(0.0128877 0 0)
(0.0128546 0 0)
(0.0128215 0 0)
(0.0127882 0 0)
(0.0127549 0 0)
(0.0127215 0 0)
(0.0126881 0 0)
(0.0126545 0 0)
(0.0126209 0 0)
(0.0125872 0 0)
(0.0125534 0 0)
(0.0125195 0 0)
(0.0124855 0 0)
(0.0124513 0 0)
(0.0124171 0 0)
(0.0123828 0 0)
(0.0123483 0 0)
(0.0123137 0 0)
(0.012279 0 0)
(0.0122441 0 0)
(0.0122091 0 0)
(0.0121739 0 0)
(0.0121386 0 0)
(0.012103 0 0)
(0.0120673 0 0)
(0.0120314 0 0)
(0.0119953 0 0)
(0.0119589 0 0)
(0.0119223 0 0)
(0.0118855 0 0)
(0.0118484 0 0)
(0.011811 0 0)
(0.0117732 0 0)
(0.0117352 0 0)
(0.0116967 0 0)
(0.0116578 0 0)
(0.0116185 0 0)
(0.0115787 0 0)
(0.0115383 0 0)
(0.0114974 0 0)
(0.0114557 0 0)
(0.0114133 0 0)
(0.01137 0 0)
(0.0113257 0 0)
(0.0112802 0 0)
(0.0112334 0 0)
(0.0111849 0 0)
(0.0111346 0 0)
(0.011082 0 0)
(0.0110266 0 0)
(0.0109676 0 0)
(0.0109043 0 0)
(0.0108352 0 0)
(0.0107584 0 0)
(0.0106711 0 0)
(0.0105688 0 0)
(0.0104439 0 0)
(0.0102829 0 0)
)
;

boundaryField
{
    inlet
    {
        type            fixedValue;
        value           uniform (0 0 0);
    }
    outlet
    {
        type            zeroGradient;
    }
    yzfaces
    {
        type            empty;
    }
}


// ************************************************************************* //
