/*--------------------------------*- C++ -*----------------------------------*\
  =========                 |
  \\      /  F ield         | OpenFOAM: The Open Source CFD Toolbox
   \\    /   O peration     | Website:  https://openfoam.org
    \\  /    A nd           | Version:  10
     \\/     M anipulation  |
\*---------------------------------------------------------------------------*/
FoamFile
{
    format      ascii;
    class       volVectorField;
    location    "1.295";
    object      Ub;
}
// * * * * * * * * * * * * * * * * * * * * * * * * * * * * * * * * * * * * * //

dimensions      [0 1 -1 0 0 0 0];

internalField   nonuniform List<vector> 
100
(
(1.52286e-05 0 0)
(4.65762e-05 0 0)
(7.91196e-05 0 0)
(0.000112088 0 0)
(0.00014522 0 0)
(0.0001784 0 0)
(0.000211572 0 0)
(0.000244711 0 0)
(0.0002778 0 0)
(0.000310836 0 0)
(0.000343815 0 0)
(0.000376739 0 0)
(0.00040961 0 0)
(0.000442432 0 0)
(0.000475209 0 0)
(0.000507945 0 0)
(0.000540643 0 0)
(0.000573309 0 0)
(0.000605946 0 0)
(0.00063856 0 0)
(0.000671154 0 0)
(0.000703731 0 0)
(0.000736297 0 0)
(0.000768855 0 0)
(0.000801409 0 0)
(0.000833962 0 0)
(0.000866518 0 0)
(0.000899081 0 0)
(0.000931654 0 0)
(0.000964241 0 0)
(0.000996844 0 0)
(0.00102947 0 0)
(0.00106211 0 0)
(0.00109479 0 0)
(0.00112749 0 0)
(0.00116023 0 0)
(0.001193 0 0)
(0.00122581 0 0)
(0.00125867 0 0)
(0.00129157 0 0)
(0.00132451 0 0)
(0.00135752 0 0)
(0.00139057 0 0)
(0.00142369 0 0)
(0.00145686 0 0)
(0.00149011 0 0)
(0.00152342 0 0)
(0.0015568 0 0)
(0.00159026 0 0)
(0.00162381 0 0)
(0.00165743 0 0)
(0.00169115 0 0)
(0.00172495 0 0)
(0.00175886 0 0)
(0.00179286 0 0)
(0.00182698 0 0)
(0.0018612 0 0)
(0.00189554 0 0)
(0.00193001 0 0)
(0.0019646 0 0)
(0.00199934 0 0)
(0.00203421 0 0)
(0.00206923 0 0)
(0.00210442 0 0)
(0.00213977 0 0)
(0.00217529 0 0)
(0.00221101 0 0)
(0.00224692 0 0)
(0.00228304 0 0)
(0.00231939 0 0)
(0.00235598 0 0)
(0.00239282 0 0)
(0.00242994 0 0)
(0.00246735 0 0)
(0.00250509 0 0)
(0.00254316 0 0)
(0.00258162 0 0)
(0.00262048 0 0)
(0.0026598 0 0)
(0.00269961 0 0)
(0.00273997 0 0)
(0.00278094 0 0)
(0.0028226 0 0)
(0.00286503 0 0)
(0.00290834 0 0)
(0.00295265 0 0)
(0.00299813 0 0)
(0.00304496 0 0)
(0.00309338 0 0)
(0.00314371 0 0)
(0.00319633 0 0)
(0.00325175 0 0)
(0.00331067 0 0)
(0.00337403 0 0)
(0.00344314 0 0)
(0.00351991 0 0)
(0.00360721 0 0)
(0.00370955 0 0)
(0.00383445 0 0)
(0.00399541 0 0)
)
;

boundaryField
{
    inlet
    {
        type            fixedValue;
        value           uniform (0 0 0);
    }
    outlet
    {
        type            zeroGradient;
    }
    yzfaces
    {
        type            empty;
    }
}


// ************************************************************************* //
