/*--------------------------------*- C++ -*----------------------------------*\
  =========                 |
  \\      /  F ield         | OpenFOAM: The Open Source CFD Toolbox
   \\    /   O peration     | Website:  https://openfoam.org
    \\  /    A nd           | Version:  10
     \\/     M anipulation  |
\*---------------------------------------------------------------------------*/
FoamFile
{
    format      ascii;
    class       volVectorField;
    location    "1.035";
    object      Ub;
}
// * * * * * * * * * * * * * * * * * * * * * * * * * * * * * * * * * * * * * //

dimensions      [0 1 -1 0 0 0 0];

internalField   nonuniform List<vector> 
100
(
(1.93685e-05 0 0)
(5.90712e-05 0 0)
(0.000100034 0 0)
(0.000141387 0 0)
(0.000182851 0 0)
(0.000224313 0 0)
(0.000265726 0 0)
(0.000307067 0 0)
(0.000348331 0 0)
(0.000389519 0 0)
(0.000430634 0 0)
(0.000471683 0 0)
(0.000512673 0 0)
(0.000553613 0 0)
(0.000594511 0 0)
(0.000635374 0 0)
(0.000676211 0 0)
(0.000717029 0 0)
(0.000757837 0 0)
(0.000798641 0 0)
(0.000839449 0 0)
(0.000880268 0 0)
(0.000921105 0 0)
(0.000961967 0 0)
(0.00100286 0 0)
(0.00104379 0 0)
(0.00108477 0 0)
(0.00112579 0 0)
(0.00116688 0 0)
(0.00120803 0 0)
(0.00124925 0 0)
(0.00129054 0 0)
(0.00133192 0 0)
(0.00137339 0 0)
(0.00141496 0 0)
(0.00145663 0 0)
(0.00149842 0 0)
(0.00154032 0 0)
(0.00158235 0 0)
(0.00162452 0 0)
(0.00166683 0 0)
(0.00170929 0 0)
(0.00175192 0 0)
(0.00179471 0 0)
(0.0018377 0 0)
(0.00188087 0 0)
(0.00192425 0 0)
(0.00196785 0 0)
(0.00201169 0 0)
(0.00205578 0 0)
(0.00210013 0 0)
(0.00214477 0 0)
(0.00218972 0 0)
(0.00223501 0 0)
(0.00228064 0 0)
(0.00232667 0 0)
(0.00237312 0 0)
(0.00242003 0 0)
(0.00246744 0 0)
(0.00251541 0 0)
(0.00256399 0 0)
(0.00261325 0 0)
(0.00266328 0 0)
(0.00271417 0 0)
(0.00276605 0 0)
(0.00281904 0 0)
(0.00287334 0 0)
(0.00292915 0 0)
(0.00298675 0 0)
(0.0030465 0 0)
(0.00310885 0 0)
(0.0031744 0 0)
(0.00324397 0 0)
(0.00331868 0 0)
(0.00340016 0 0)
(0.00349079 0 0)
(0.00359423 0 0)
(0.00371645 0 0)
(0.0038678 0 0)
(0.00406796 0 0)
(0.00435939 0 0)
(0.00485271 0 0)
(0.00593914 0 0)
(0.00927572 0 0)
(0.0130608 0 0)
(0.0142791 0 0)
(0.0142798 0 0)
(0.0142798 0 0)
(0.0142798 0 0)
(0.0142798 0 0)
(0.0142798 0 0)
(0.0142798 0 0)
(0.0142798 0 0)
(0.0142798 0 0)
(0.0142798 0 0)
(0.0142798 0 0)
(0.0142798 0 0)
(0.0142798 0 0)
(0.0142798 0 0)
(0.0142798 0 0)
)
;

boundaryField
{
    inlet
    {
        type            fixedValue;
        value           uniform (0 0 0);
    }
    outlet
    {
        type            zeroGradient;
    }
    yzfaces
    {
        type            empty;
    }
}


// ************************************************************************* //
