/*--------------------------------*- C++ -*----------------------------------*\
  =========                 |
  \\      /  F ield         | OpenFOAM: The Open Source CFD Toolbox
   \\    /   O peration     | Website:  https://openfoam.org
    \\  /    A nd           | Version:  10
     \\/     M anipulation  |
\*---------------------------------------------------------------------------*/
FoamFile
{
    format      ascii;
    class       volVectorField;
    location    "0.65";
    object      Ua;
}
// * * * * * * * * * * * * * * * * * * * * * * * * * * * * * * * * * * * * * //

dimensions      [0 1 -1 0 0 0 0];

internalField   nonuniform List<vector> 
100
(
(0.00710933 0 0)
(0.0141859 0 0)
(0.0141203 0 0)
(0.0140544 0 0)
(0.0139885 0 0)
(0.0139228 0 0)
(0.0138572 0 0)
(0.0137917 0 0)
(0.0137264 0 0)
(0.013661 0 0)
(0.0135958 0 0)
(0.0135305 0 0)
(0.0134652 0 0)
(0.0133999 0 0)
(0.0133344 0 0)
(0.0132689 0 0)
(0.0132032 0 0)
(0.0131374 0 0)
(0.0130713 0 0)
(0.0130051 0 0)
(0.0129385 0 0)
(0.0128717 0 0)
(0.0128046 0 0)
(0.0127371 0 0)
(0.0126692 0 0)
(0.0126008 0 0)
(0.012532 0 0)
(0.0124627 0 0)
(0.0123928 0 0)
(0.0123222 0 0)
(0.0122509 0 0)
(0.0121788 0 0)
(0.0121058 0 0)
(0.0120317 0 0)
(0.0119566 0 0)
(0.0118801 0 0)
(0.0118021 0 0)
(0.0117223 0 0)
(0.0116404 0 0)
(0.0115561 0 0)
(0.0114688 0 0)
(0.0113777 0 0)
(0.011282 0 0)
(0.0111802 0 0)
(0.0110705 0 0)
(0.0109498 0 0)
(0.0108136 0 0)
(0.010654 0 0)
(0.0104568 0 0)
(0.0101935 0 0)
(0.0097969 0 0)
(0.00906595 0 0)
(0.00713494 0 0)
(0.00294749 0 0)
(0.000101855 0 0)
(3.33949e-11 0 0)
(0 0 0)
(0 0 0)
(0 0 0)
(0 0 0)
(0 0 0)
(0 0 0)
(0 0 0)
(0 0 0)
(0 0 0)
(0 0 0)
(0 0 0)
(0 0 0)
(0 0 0)
(0 0 0)
(0 0 0)
(0 0 0)
(0 0 0)
(0 0 0)
(0 0 0)
(0 0 0)
(0 0 0)
(0 0 0)
(0 0 0)
(0 0 0)
(0 0 0)
(0 0 0)
(0 0 0)
(0 0 0)
(0 0 0)
(0 0 0)
(0 0 0)
(0 0 0)
(0 0 0)
(0 0 0)
(0 0 0)
(0 0 0)
(0 0 0)
(0 0 0)
(0 0 0)
(0 0 0)
(0 0 0)
(0 0 0)
(0 0 0)
(0 0 0)
)
;

boundaryField
{
    inlet
    {
        type            fixedValue;
        value           uniform (0 0 0);
    }
    outlet
    {
        type            zeroGradient;
    }
    yzfaces
    {
        type            empty;
    }
}


// ************************************************************************* //
