/*--------------------------------*- C++ -*----------------------------------*\
  =========                 |
  \\      /  F ield         | OpenFOAM: The Open Source CFD Toolbox
   \\    /   O peration     | Website:  https://openfoam.org
    \\  /    A nd           | Version:  10
     \\/     M anipulation  |
\*---------------------------------------------------------------------------*/
FoamFile
{
    format      ascii;
    class       volVectorField;
    location    "0.65";
    object      Ub;
}
// * * * * * * * * * * * * * * * * * * * * * * * * * * * * * * * * * * * * * //

dimensions      [0 1 -1 0 0 0 0];

internalField   nonuniform List<vector> 
100
(
(3.16703e-05 0 0)
(9.60681e-05 0 0)
(0.00016174 0 0)
(0.000227637 0 0)
(0.000293487 0 0)
(0.000359213 0 0)
(0.000424803 0 0)
(0.000490273 0 0)
(0.000555647 0 0)
(0.000620956 0 0)
(0.000686228 0 0)
(0.000751495 0 0)
(0.000816786 0 0)
(0.000882131 0 0)
(0.000947559 0 0)
(0.0010131 0 0)
(0.00107878 0 0)
(0.00114463 0 0)
(0.00121067 0 0)
(0.00127695 0 0)
(0.00134348 0 0)
(0.00141029 0 0)
(0.00147743 0 0)
(0.00154493 0 0)
(0.00161283 0 0)
(0.00168116 0 0)
(0.00174997 0 0)
(0.00181931 0 0)
(0.00188924 0 0)
(0.00195982 0 0)
(0.00203113 0 0)
(0.00210323 0 0)
(0.00217624 0 0)
(0.00225027 0 0)
(0.00232544 0 0)
(0.00240193 0 0)
(0.00247994 0 0)
(0.00255971 0 0)
(0.00264157 0 0)
(0.0027259 0 0)
(0.00281325 0 0)
(0.00290431 0 0)
(0.00300004 0 0)
(0.00310179 0 0)
(0.00321152 0 0)
(0.00333217 0 0)
(0.0034684 0 0)
(0.00362802 0 0)
(0.00382519 0 0)
(0.00408849 0 0)
(0.0044851 0 0)
(0.00521605 0 0)
(0.00714706 0 0)
(0.0113345 0 0)
(0.0141801 0 0)
(0.014282 0 0)
(0.014282 0 0)
(0.014282 0 0)
(0.014282 0 0)
(0.014282 0 0)
(0.014282 0 0)
(0.014282 0 0)
(0.014282 0 0)
(0.014282 0 0)
(0.014282 0 0)
(0.014282 0 0)
(0.014282 0 0)
(0.014282 0 0)
(0.014282 0 0)
(0.014282 0 0)
(0.014282 0 0)
(0.014282 0 0)
(0.014282 0 0)
(0.014282 0 0)
(0.014282 0 0)
(0.014282 0 0)
(0.014282 0 0)
(0.014282 0 0)
(0.014282 0 0)
(0.014282 0 0)
(0.014282 0 0)
(0.014282 0 0)
(0.014282 0 0)
(0.014282 0 0)
(0.014282 0 0)
(0.014282 0 0)
(0.014282 0 0)
(0.014282 0 0)
(0.014282 0 0)
(0.014282 0 0)
(0.014282 0 0)
(0.014282 0 0)
(0.014282 0 0)
(0.014282 0 0)
(0.014282 0 0)
(0.014282 0 0)
(0.014282 0 0)
(0.014282 0 0)
(0.014282 0 0)
(0.014282 0 0)
)
;

boundaryField
{
    inlet
    {
        type            fixedValue;
        value           uniform (0 0 0);
    }
    outlet
    {
        type            zeroGradient;
    }
    yzfaces
    {
        type            empty;
    }
}


// ************************************************************************* //
