/*--------------------------------*- C++ -*----------------------------------*\
  =========                 |
  \\      /  F ield         | OpenFOAM: The Open Source CFD Toolbox
   \\    /   O peration     | Website:  https://openfoam.org
    \\  /    A nd           | Version:  10
     \\/     M anipulation  |
\*---------------------------------------------------------------------------*/
FoamFile
{
    format      ascii;
    class       volVectorField;
    location    "0.53";
    object      Ua;
}
// * * * * * * * * * * * * * * * * * * * * * * * * * * * * * * * * * * * * * //

dimensions      [0 1 -1 0 0 0 0];

internalField   nonuniform List<vector> 
100
(
(0.00710216 0 0)
(0.0141641 0 0)
(0.0140834 0 0)
(0.0140027 0 0)
(0.013922 0 0)
(0.0138416 0 0)
(0.0137612 0 0)
(0.0136809 0 0)
(0.0136007 0 0)
(0.0135205 0 0)
(0.0134402 0 0)
(0.0133597 0 0)
(0.0132791 0 0)
(0.0131982 0 0)
(0.0131171 0 0)
(0.0130355 0 0)
(0.0129536 0 0)
(0.0128712 0 0)
(0.0127883 0 0)
(0.0127048 0 0)
(0.0126206 0 0)
(0.0125356 0 0)
(0.0124497 0 0)
(0.0123629 0 0)
(0.0122749 0 0)
(0.0121857 0 0)
(0.012095 0 0)
(0.0120025 0 0)
(0.0119081 0 0)
(0.0118113 0 0)
(0.0117117 0 0)
(0.0116087 0 0)
(0.0115014 0 0)
(0.0113886 0 0)
(0.0112688 0 0)
(0.0111395 0 0)
(0.010997 0 0)
(0.0108352 0 0)
(0.0106434 0 0)
(0.0104014 0 0)
(0.0100649 0 0)
(0.00951763 0 0)
(0.00833952 0 0)
(0.00481556 0 0)
(0.00106131 0 0)
(3.6462e-07 0 0)
(0 0 0)
(0 0 0)
(0 0 0)
(0 0 0)
(0 0 0)
(0 0 0)
(0 0 0)
(0 0 0)
(0 0 0)
(0 0 0)
(0 0 0)
(0 0 0)
(0 0 0)
(0 0 0)
(0 0 0)
(0 0 0)
(0 0 0)
(0 0 0)
(0 0 0)
(0 0 0)
(0 0 0)
(0 0 0)
(0 0 0)
(0 0 0)
(0 0 0)
(0 0 0)
(0 0 0)
(0 0 0)
(0 0 0)
(0 0 0)
(0 0 0)
(0 0 0)
(0 0 0)
(0 0 0)
(0 0 0)
(0 0 0)
(0 0 0)
(0 0 0)
(0 0 0)
(0 0 0)
(0 0 0)
(0 0 0)
(0 0 0)
(0 0 0)
(0 0 0)
(0 0 0)
(0 0 0)
(0 0 0)
(0 0 0)
(0 0 0)
(0 0 0)
(0 0 0)
(0 0 0)
(0 0 0)
)
;

boundaryField
{
    inlet
    {
        type            fixedValue;
        value           uniform (0 0 0);
    }
    outlet
    {
        type            zeroGradient;
    }
    yzfaces
    {
        type            empty;
    }
}


// ************************************************************************* //
