/*--------------------------------*- C++ -*----------------------------------*\
  =========                 |
  \\      /  F ield         | OpenFOAM: The Open Source CFD Toolbox
   \\    /   O peration     | Website:  https://openfoam.org
    \\  /    A nd           | Version:  10
     \\/     M anipulation  |
\*---------------------------------------------------------------------------*/
FoamFile
{
    format      ascii;
    class       volVectorField;
    location    "0.53";
    object      Ub;
}
// * * * * * * * * * * * * * * * * * * * * * * * * * * * * * * * * * * * * * //

dimensions      [0 1 -1 0 0 0 0];

internalField   nonuniform List<vector> 
100
(
(3.91849e-05 0 0)
(0.00011861 0 0)
(0.00019925 0 0)
(0.00028001 0 0)
(0.00036065 0 0)
(0.000441132 0 0)
(0.00052148 0 0)
(0.000601739 0 0)
(0.000681963 0 0)
(0.000762207 0 0)
(0.000842525 0 0)
(0.000922972 0 0)
(0.0010036 0 0)
(0.00108447 0 0)
(0.00116563 0 0)
(0.00124714 0 0)
(0.00132906 0 0)
(0.00141144 0 0)
(0.00149436 0 0)
(0.00157789 0 0)
(0.0016621 0 0)
(0.00174709 0 0)
(0.00183294 0 0)
(0.00191979 0 0)
(0.00200776 0 0)
(0.00209701 0 0)
(0.00218773 0 0)
(0.00228015 0 0)
(0.00237457 0 0)
(0.00247134 0 0)
(0.00257094 0 0)
(0.00267398 0 0)
(0.00278131 0 0)
(0.00289405 0 0)
(0.00301386 0 0)
(0.00314316 0 0)
(0.00328569 0 0)
(0.00344753 0 0)
(0.00363931 0 0)
(0.00388133 0 0)
(0.00421776 0 0)
(0.00476506 0 0)
(0.00594317 0 0)
(0.00946712 0 0)
(0.0132214 0 0)
(0.0142823 0 0)
(0.0142827 0 0)
(0.0142827 0 0)
(0.0142827 0 0)
(0.0142827 0 0)
(0.0142827 0 0)
(0.0142827 0 0)
(0.0142827 0 0)
(0.0142827 0 0)
(0.0142827 0 0)
(0.0142827 0 0)
(0.0142827 0 0)
(0.0142827 0 0)
(0.0142827 0 0)
(0.0142827 0 0)
(0.0142827 0 0)
(0.0142827 0 0)
(0.0142827 0 0)
(0.0142827 0 0)
(0.0142827 0 0)
(0.0142827 0 0)
(0.0142827 0 0)
(0.0142827 0 0)
(0.0142827 0 0)
(0.0142827 0 0)
(0.0142827 0 0)
(0.0142827 0 0)
(0.0142827 0 0)
(0.0142827 0 0)
(0.0142827 0 0)
(0.0142827 0 0)
(0.0142827 0 0)
(0.0142827 0 0)
(0.0142827 0 0)
(0.0142827 0 0)
(0.0142827 0 0)
(0.0142827 0 0)
(0.0142827 0 0)
(0.0142827 0 0)
(0.0142827 0 0)
(0.0142827 0 0)
(0.0142827 0 0)
(0.0142827 0 0)
(0.0142827 0 0)
(0.0142827 0 0)
(0.0142827 0 0)
(0.0142827 0 0)
(0.0142827 0 0)
(0.0142827 0 0)
(0.0142827 0 0)
(0.0142827 0 0)
(0.0142827 0 0)
(0.0142827 0 0)
(0.0142827 0 0)
(0.0142827 0 0)
)
;

boundaryField
{
    inlet
    {
        type            fixedValue;
        value           uniform (0 0 0);
    }
    outlet
    {
        type            zeroGradient;
    }
    yzfaces
    {
        type            empty;
    }
}


// ************************************************************************* //
