/*--------------------------------*- C++ -*----------------------------------*\
  =========                 |
  \\      /  F ield         | OpenFOAM: The Open Source CFD Toolbox
   \\    /   O peration     | Website:  https://openfoam.org
    \\  /    A nd           | Version:  10
     \\/     M anipulation  |
\*---------------------------------------------------------------------------*/
FoamFile
{
    format      ascii;
    class       volVectorField;
    location    "0.165";
    object      Ub;
}
// * * * * * * * * * * * * * * * * * * * * * * * * * * * * * * * * * * * * * //

dimensions      [0 1 -1 0 0 0 0];

internalField   nonuniform List<vector> 
100
(
(0.000129501 0 0)
(0.000389521 0 0)
(0.000651549 0 0)
(0.000916423 0 0)
(0.00118611 0 0)
(0.00146306 0 0)
(0.00175051 0 0)
(0.00205307 0 0)
(0.00237798 0 0)
(0.00273776 0 0)
(0.00315665 0 0)
(0.00368929 0 0)
(0.00448919 0 0)
(0.0061685 0 0)
(0.0104201 0 0)
(0.0138863 0 0)
(0.0142848 0 0)
(0.0142848 0 0)
(0.0142848 0 0)
(0.0142848 0 0)
(0.0142848 0 0)
(0.0142848 0 0)
(0.0142848 0 0)
(0.0142848 0 0)
(0.0142848 0 0)
(0.0142848 0 0)
(0.0142848 0 0)
(0.0142848 0 0)
(0.0142848 0 0)
(0.0142848 0 0)
(0.0142848 0 0)
(0.0142848 0 0)
(0.0142848 0 0)
(0.0142848 0 0)
(0.0142848 0 0)
(0.0142848 0 0)
(0.0142848 0 0)
(0.0142848 0 0)
(0.0142848 0 0)
(0.0142848 0 0)
(0.0142848 0 0)
(0.0142848 0 0)
(0.0142848 0 0)
(0.0142848 0 0)
(0.0142848 0 0)
(0.0142848 0 0)
(0.0142848 0 0)
(0.0142848 0 0)
(0.0142848 0 0)
(0.0142848 0 0)
(0.0142848 0 0)
(0.0142848 0 0)
(0.0142848 0 0)
(0.0142848 0 0)
(0.0142848 0 0)
(0.0142848 0 0)
(0.0142848 0 0)
(0.0142848 0 0)
(0.0142848 0 0)
(0.0142848 0 0)
(0.0142848 0 0)
(0.0142848 0 0)
(0.0142848 0 0)
(0.0142848 0 0)
(0.0142848 0 0)
(0.0142848 0 0)
(0.0142848 0 0)
(0.0142848 0 0)
(0.0142848 0 0)
(0.0142848 0 0)
(0.0142848 0 0)
(0.0142848 0 0)
(0.0142848 0 0)
(0.0142848 0 0)
(0.0142848 0 0)
(0.0142848 0 0)
(0.0142848 0 0)
(0.0142848 0 0)
(0.0142848 0 0)
(0.0142848 0 0)
(0.0142848 0 0)
(0.0142848 0 0)
(0.0142848 0 0)
(0.0142848 0 0)
(0.0142848 0 0)
(0.0142848 0 0)
(0.0142848 0 0)
(0.0142848 0 0)
(0.0142848 0 0)
(0.0142848 0 0)
(0.0142848 0 0)
(0.0142848 0 0)
(0.0142848 0 0)
(0.0142848 0 0)
(0.0142848 0 0)
(0.0142848 0 0)
(0.0142848 0 0)
(0.0142848 0 0)
(0.0142848 0 0)
(0.0142848 0 0)
)
;

boundaryField
{
    inlet
    {
        type            fixedValue;
        value           uniform (0 0 0);
    }
    outlet
    {
        type            zeroGradient;
    }
    yzfaces
    {
        type            empty;
    }
}


// ************************************************************************* //
