/*--------------------------------*- C++ -*----------------------------------*\
  =========                 |
  \\      /  F ield         | OpenFOAM: The Open Source CFD Toolbox
   \\    /   O peration     | Website:  https://openfoam.org
    \\  /    A nd           | Version:  10
     \\/     M anipulation  |
\*---------------------------------------------------------------------------*/
FoamFile
{
    format      ascii;
    class       volVectorField;
    location    "0.345";
    object      Ub;
}
// * * * * * * * * * * * * * * * * * * * * * * * * * * * * * * * * * * * * * //

dimensions      [0 1 -1 0 0 0 0];

internalField   nonuniform List<vector> 
100
(
(6.10409e-05 0 0)
(0.000184074 0 0)
(0.000308086 0 0)
(0.000432051 0 0)
(0.000555921 0 0)
(0.000679837 0 0)
(0.000803985 0 0)
(0.000928566 0 0)
(0.00105379 0 0)
(0.00117986 0 0)
(0.00130702 0 0)
(0.00143551 0 0)
(0.00156562 0 0)
(0.00169767 0 0)
(0.00183207 0 0)
(0.0019693 0 0)
(0.00210997 0 0)
(0.0022549 0 0)
(0.00240516 0 0)
(0.0025623 0 0)
(0.00272851 0 0)
(0.00290716 0 0)
(0.0031036 0 0)
(0.00332702 0 0)
(0.00359451 0 0)
(0.00394193 0 0)
(0.00445879 0 0)
(0.00543987 0 0)
(0.00822839 0 0)
(0.0123101 0 0)
(0.0142756 0 0)
(0.0142837 0 0)
(0.0142837 0 0)
(0.0142837 0 0)
(0.0142837 0 0)
(0.0142837 0 0)
(0.0142837 0 0)
(0.0142837 0 0)
(0.0142837 0 0)
(0.0142837 0 0)
(0.0142837 0 0)
(0.0142837 0 0)
(0.0142837 0 0)
(0.0142837 0 0)
(0.0142837 0 0)
(0.0142837 0 0)
(0.0142837 0 0)
(0.0142837 0 0)
(0.0142837 0 0)
(0.0142837 0 0)
(0.0142837 0 0)
(0.0142837 0 0)
(0.0142837 0 0)
(0.0142837 0 0)
(0.0142837 0 0)
(0.0142837 0 0)
(0.0142837 0 0)
(0.0142837 0 0)
(0.0142837 0 0)
(0.0142837 0 0)
(0.0142837 0 0)
(0.0142837 0 0)
(0.0142837 0 0)
(0.0142837 0 0)
(0.0142837 0 0)
(0.0142837 0 0)
(0.0142837 0 0)
(0.0142837 0 0)
(0.0142837 0 0)
(0.0142837 0 0)
(0.0142837 0 0)
(0.0142837 0 0)
(0.0142837 0 0)
(0.0142837 0 0)
(0.0142837 0 0)
(0.0142837 0 0)
(0.0142837 0 0)
(0.0142837 0 0)
(0.0142837 0 0)
(0.0142837 0 0)
(0.0142837 0 0)
(0.0142837 0 0)
(0.0142837 0 0)
(0.0142837 0 0)
(0.0142837 0 0)
(0.0142837 0 0)
(0.0142837 0 0)
(0.0142837 0 0)
(0.0142837 0 0)
(0.0142837 0 0)
(0.0142837 0 0)
(0.0142837 0 0)
(0.0142837 0 0)
(0.0142837 0 0)
(0.0142837 0 0)
(0.0142837 0 0)
(0.0142837 0 0)
(0.0142837 0 0)
(0.0142837 0 0)
(0.0142837 0 0)
)
;

boundaryField
{
    inlet
    {
        type            fixedValue;
        value           uniform (0 0 0);
    }
    outlet
    {
        type            zeroGradient;
    }
    yzfaces
    {
        type            empty;
    }
}


// ************************************************************************* //
