/*--------------------------------*- C++ -*----------------------------------*\
  =========                 |
  \\      /  F ield         | OpenFOAM: The Open Source CFD Toolbox
   \\    /   O peration     | Website:  https://openfoam.org
    \\  /    A nd           | Version:  10
     \\/     M anipulation  |
\*---------------------------------------------------------------------------*/
FoamFile
{
    format      ascii;
    class       volVectorField;
    location    "0.915";
    object      Ua;
}
// * * * * * * * * * * * * * * * * * * * * * * * * * * * * * * * * * * * * * //

dimensions      [0 1 -1 0 0 0 0];

internalField   nonuniform List<vector> 
100
(
(0.00711816 0 0)
(0.0142132 0 0)
(0.0141668 0 0)
(0.01412 0 0)
(0.0140731 0 0)
(0.0140262 0 0)
(0.0139795 0 0)
(0.0139328 0 0)
(0.0138862 0 0)
(0.0138397 0 0)
(0.0137933 0 0)
(0.0137469 0 0)
(0.0137006 0 0)
(0.0136543 0 0)
(0.0136081 0 0)
(0.0135619 0 0)
(0.0135157 0 0)
(0.0134694 0 0)
(0.0134232 0 0)
(0.013377 0 0)
(0.0133307 0 0)
(0.0132844 0 0)
(0.013238 0 0)
(0.0131916 0 0)
(0.0131451 0 0)
(0.0130985 0 0)
(0.0130518 0 0)
(0.0130051 0 0)
(0.0129582 0 0)
(0.0129112 0 0)
(0.012864 0 0)
(0.0128168 0 0)
(0.0127693 0 0)
(0.0127218 0 0)
(0.012674 0 0)
(0.012626 0 0)
(0.0125779 0 0)
(0.0125295 0 0)
(0.0124809 0 0)
(0.0124321 0 0)
(0.0123829 0 0)
(0.0123335 0 0)
(0.0122838 0 0)
(0.0122338 0 0)
(0.0121834 0 0)
(0.0121326 0 0)
(0.0120814 0 0)
(0.0120298 0 0)
(0.0119776 0 0)
(0.0119249 0 0)
(0.0118716 0 0)
(0.0118176 0 0)
(0.0117629 0 0)
(0.0117074 0 0)
(0.0116509 0 0)
(0.0115933 0 0)
(0.0115345 0 0)
(0.0114743 0 0)
(0.0114124 0 0)
(0.0113485 0 0)
(0.0112823 0 0)
(0.0112131 0 0)
(0.0111404 0 0)
(0.011063 0 0)
(0.0109798 0 0)
(0.0108887 0 0)
(0.0107869 0 0)
(0.0106696 0 0)
(0.0105291 0 0)
(0.0103513 0 0)
(0.0101078 0 0)
(0.00973222 0 0)
(0.00902623 0 0)
(0.00713988 0 0)
(0.00297325 0 0)
(0.000109828 0 0)
(4.47548e-11 0 0)
(0 0 0)
(0 0 0)
(0 0 0)
(0 0 0)
(0 0 0)
(0 0 0)
(0 0 0)
(0 0 0)
(0 0 0)
(0 0 0)
(0 0 0)
(0 0 0)
(0 0 0)
(0 0 0)
(0 0 0)
(0 0 0)
(0 0 0)
(0 0 0)
(0 0 0)
(0 0 0)
(0 0 0)
(0 0 0)
(0 0 0)
)
;

boundaryField
{
    inlet
    {
        type            fixedValue;
        value           uniform (0 0 0);
    }
    outlet
    {
        type            zeroGradient;
    }
    yzfaces
    {
        type            empty;
    }
}


// ************************************************************************* //
