/*--------------------------------*- C++ -*----------------------------------*\
  =========                 |
  \\      /  F ield         | OpenFOAM: The Open Source CFD Toolbox
   \\    /   O peration     | Website:  https://openfoam.org
    \\  /    A nd           | Version:  10
     \\/     M anipulation  |
\*---------------------------------------------------------------------------*/
FoamFile
{
    format      ascii;
    class       volVectorField;
    location    "0.915";
    object      Ub;
}
// * * * * * * * * * * * * * * * * * * * * * * * * * * * * * * * * * * * * * //

dimensions      [0 1 -1 0 0 0 0];

internalField   nonuniform List<vector> 
100
(
(2.2084e-05 0 0)
(6.72521e-05 0 0)
(0.000113703 0 0)
(0.000160511 0 0)
(0.000207394 0 0)
(0.000254244 0 0)
(0.000301019 0 0)
(0.000347703 0 0)
(0.000394296 0 0)
(0.000440803 0 0)
(0.000487234 0 0)
(0.0005336 0 0)
(0.00057991 0 0)
(0.000626178 0 0)
(0.000672414 0 0)
(0.00071863 0 0)
(0.000764837 0 0)
(0.000811045 0 0)
(0.000857266 0 0)
(0.000903508 0 0)
(0.000949783 0 0)
(0.000996099 0 0)
(0.00104247 0 0)
(0.0010889 0 0)
(0.0011354 0 0)
(0.00118198 0 0)
(0.00122865 0 0)
(0.00127542 0 0)
(0.00132231 0 0)
(0.00136931 0 0)
(0.00141644 0 0)
(0.00146371 0 0)
(0.00151114 0 0)
(0.00155873 0 0)
(0.00160649 0 0)
(0.00165445 0 0)
(0.0017026 0 0)
(0.00175097 0 0)
(0.00179958 0 0)
(0.00184843 0 0)
(0.00189754 0 0)
(0.00194695 0 0)
(0.00199666 0 0)
(0.0020467 0 0)
(0.00209709 0 0)
(0.00214788 0 0)
(0.00219908 0 0)
(0.00225074 0 0)
(0.00230289 0 0)
(0.00235559 0 0)
(0.0024089 0 0)
(0.00246287 0 0)
(0.00251759 0 0)
(0.00257313 0 0)
(0.00262962 0 0)
(0.00268719 0 0)
(0.00274598 0 0)
(0.0028062 0 0)
(0.00286809 0 0)
(0.00293196 0 0)
(0.00299821 0 0)
(0.00306737 0 0)
(0.00314013 0 0)
(0.00321745 0 0)
(0.00330068 0 0)
(0.00339175 0 0)
(0.00349362 0 0)
(0.00361092 0 0)
(0.00375143 0 0)
(0.00392923 0 0)
(0.00417267 0 0)
(0.00454827 0 0)
(0.00525425 0 0)
(0.00714061 0 0)
(0.0113072 0 0)
(0.0141707 0 0)
(0.0142805 0 0)
(0.0142805 0 0)
(0.0142805 0 0)
(0.0142805 0 0)
(0.0142805 0 0)
(0.0142805 0 0)
(0.0142805 0 0)
(0.0142805 0 0)
(0.0142805 0 0)
(0.0142805 0 0)
(0.0142805 0 0)
(0.0142805 0 0)
(0.0142805 0 0)
(0.0142805 0 0)
(0.0142805 0 0)
(0.0142805 0 0)
(0.0142805 0 0)
(0.0142805 0 0)
(0.0142805 0 0)
(0.0142805 0 0)
(0.0142805 0 0)
(0.0142805 0 0)
(0.0142805 0 0)
(0.0142805 0 0)
)
;

boundaryField
{
    inlet
    {
        type            fixedValue;
        value           uniform (0 0 0);
    }
    outlet
    {
        type            zeroGradient;
    }
    yzfaces
    {
        type            empty;
    }
}


// ************************************************************************* //
