/*--------------------------------*- C++ -*----------------------------------*\
  =========                 |
  \\      /  F ield         | OpenFOAM: The Open Source CFD Toolbox
   \\    /   O peration     | Website:  https://openfoam.org
    \\  /    A nd           | Version:  10
     \\/     M anipulation  |
\*---------------------------------------------------------------------------*/
FoamFile
{
    format      ascii;
    class       volVectorField;
    location    "0.51";
    object      Ua;
}
// * * * * * * * * * * * * * * * * * * * * * * * * * * * * * * * * * * * * * //

dimensions      [0 1 -1 0 0 0 0];

internalField   nonuniform List<vector> 
100
(
(0.00710062 0 0)
(0.0141594 0 0)
(0.0140756 0 0)
(0.0139917 0 0)
(0.0139079 0 0)
(0.0138243 0 0)
(0.0137408 0 0)
(0.0136574 0 0)
(0.0135739 0 0)
(0.0134905 0 0)
(0.0134069 0 0)
(0.0133232 0 0)
(0.0132392 0 0)
(0.013155 0 0)
(0.0130703 0 0)
(0.0129853 0 0)
(0.0128998 0 0)
(0.0128137 0 0)
(0.0127269 0 0)
(0.0126395 0 0)
(0.0125512 0 0)
(0.012462 0 0)
(0.0123717 0 0)
(0.0122801 0 0)
(0.0121872 0 0)
(0.0120927 0 0)
(0.0119963 0 0)
(0.0118977 0 0)
(0.0117964 0 0)
(0.011692 0 0)
(0.0115837 0 0)
(0.0114704 0 0)
(0.0113507 0 0)
(0.0112227 0 0)
(0.0110832 0 0)
(0.0109272 0 0)
(0.0107463 0 0)
(0.0105253 0 0)
(0.0102325 0 0)
(0.00979179 0 0)
(0.00896617 0 0)
(0.00669559 0 0)
(0.00252751 0 0)
(3.76753e-05 0 0)
(8.6856e-13 0 0)
(0 0 0)
(0 0 0)
(0 0 0)
(0 0 0)
(0 0 0)
(0 0 0)
(0 0 0)
(0 0 0)
(0 0 0)
(0 0 0)
(0 0 0)
(0 0 0)
(0 0 0)
(0 0 0)
(0 0 0)
(0 0 0)
(0 0 0)
(0 0 0)
(0 0 0)
(0 0 0)
(0 0 0)
(0 0 0)
(0 0 0)
(0 0 0)
(0 0 0)
(0 0 0)
(0 0 0)
(0 0 0)
(0 0 0)
(0 0 0)
(0 0 0)
(0 0 0)
(0 0 0)
(0 0 0)
(0 0 0)
(0 0 0)
(0 0 0)
(0 0 0)
(0 0 0)
(0 0 0)
(0 0 0)
(0 0 0)
(0 0 0)
(0 0 0)
(0 0 0)
(0 0 0)
(0 0 0)
(0 0 0)
(0 0 0)
(0 0 0)
(0 0 0)
(0 0 0)
(0 0 0)
(0 0 0)
(0 0 0)
)
;

boundaryField
{
    inlet
    {
        type            fixedValue;
        value           uniform (0 0 0);
    }
    outlet
    {
        type            zeroGradient;
    }
    yzfaces
    {
        type            empty;
    }
}


// ************************************************************************* //
