/*--------------------------------*- C++ -*----------------------------------*\
  =========                 |
  \\      /  F ield         | OpenFOAM: The Open Source CFD Toolbox
   \\    /   O peration     | Website:  https://openfoam.org
    \\  /    A nd           | Version:  10
     \\/     M anipulation  |
\*---------------------------------------------------------------------------*/
FoamFile
{
    format      ascii;
    class       volVectorField;
    location    "0.51";
    object      Ub;
}
// * * * * * * * * * * * * * * * * * * * * * * * * * * * * * * * * * * * * * //

dimensions      [0 1 -1 0 0 0 0];

internalField   nonuniform List<vector> 
100
(
(4.07823e-05 0 0)
(0.000123399 0 0)
(0.000207213 0 0)
(0.000291127 0 0)
(0.000374911 0 0)
(0.000458534 0 0)
(0.000542031 0 0)
(0.000625453 0 0)
(0.000708861 0 0)
(0.000792318 0 0)
(0.000875884 0 0)
(0.00095962 0 0)
(0.00104359 0 0)
(0.00112785 0 0)
(0.00121247 0 0)
(0.00129751 0 0)
(0.00138304 0 0)
(0.00146913 0 0)
(0.00155586 0 0)
(0.00164333 0 0)
(0.00173162 0 0)
(0.00182085 0 0)
(0.00191115 0 0)
(0.00200266 0 0)
(0.00209557 0 0)
(0.0021901 0 0)
(0.0022865 0 0)
(0.00238511 0 0)
(0.00248636 0 0)
(0.00259079 0 0)
(0.00269915 0 0)
(0.00281244 0 0)
(0.00293206 0 0)
(0.00306009 0 0)
(0.00319962 0 0)
(0.00335562 0 0)
(0.00353645 0 0)
(0.00375751 0 0)
(0.00405034 0 0)
(0.00449102 0 0)
(0.00531664 0 0)
(0.00758721 0 0)
(0.0117553 0 0)
(0.0142451 0 0)
(0.0142828 0 0)
(0.0142828 0 0)
(0.0142828 0 0)
(0.0142828 0 0)
(0.0142828 0 0)
(0.0142828 0 0)
(0.0142828 0 0)
(0.0142828 0 0)
(0.0142828 0 0)
(0.0142828 0 0)
(0.0142828 0 0)
(0.0142828 0 0)
(0.0142828 0 0)
(0.0142828 0 0)
(0.0142828 0 0)
(0.0142828 0 0)
(0.0142828 0 0)
(0.0142828 0 0)
(0.0142828 0 0)
(0.0142828 0 0)
(0.0142828 0 0)
(0.0142828 0 0)
(0.0142828 0 0)
(0.0142828 0 0)
(0.0142828 0 0)
(0.0142828 0 0)
(0.0142828 0 0)
(0.0142828 0 0)
(0.0142828 0 0)
(0.0142828 0 0)
(0.0142828 0 0)
(0.0142828 0 0)
(0.0142828 0 0)
(0.0142828 0 0)
(0.0142828 0 0)
(0.0142828 0 0)
(0.0142828 0 0)
(0.0142828 0 0)
(0.0142828 0 0)
(0.0142828 0 0)
(0.0142828 0 0)
(0.0142828 0 0)
(0.0142828 0 0)
(0.0142828 0 0)
(0.0142828 0 0)
(0.0142828 0 0)
(0.0142828 0 0)
(0.0142828 0 0)
(0.0142828 0 0)
(0.0142828 0 0)
(0.0142828 0 0)
(0.0142828 0 0)
(0.0142828 0 0)
(0.0142828 0 0)
(0.0142828 0 0)
(0.0142828 0 0)
)
;

boundaryField
{
    inlet
    {
        type            fixedValue;
        value           uniform (0 0 0);
    }
    outlet
    {
        type            zeroGradient;
    }
    yzfaces
    {
        type            empty;
    }
}


// ************************************************************************* //
