/*--------------------------------*- C++ -*----------------------------------*\
  =========                 |
  \\      /  F ield         | OpenFOAM: The Open Source CFD Toolbox
   \\    /   O peration     | Website:  https://openfoam.org
    \\  /    A nd           | Version:  10
     \\/     M anipulation  |
\*---------------------------------------------------------------------------*/
FoamFile
{
    format      ascii;
    class       volVectorField;
    location    "0.48";
    object      Ub;
}
// * * * * * * * * * * * * * * * * * * * * * * * * * * * * * * * * * * * * * //

dimensions      [0 1 -1 0 0 0 0];

internalField   nonuniform List<vector> 
100
(
(4.34285e-05 0 0)
(0.000131329 0 0)
(0.000220399 0 0)
(0.000309537 0 0)
(0.00039853 0 0)
(0.000487365 0 0)
(0.00057609 0 0)
(0.000664771 0 0)
(0.000753483 0 0)
(0.000842298 0 0)
(0.000931291 0 0)
(0.00102054 0 0)
(0.00111011 0 0)
(0.00120008 0 0)
(0.00129053 0 0)
(0.00138155 0 0)
(0.00147322 0 0)
(0.00156564 0 0)
(0.00165892 0 0)
(0.00175318 0 0)
(0.00184857 0 0)
(0.00194524 0 0)
(0.0020434 0 0)
(0.00214329 0 0)
(0.00224519 0 0)
(0.00234948 0 0)
(0.00245662 0 0)
(0.00256724 0 0)
(0.00268216 0 0)
(0.00280254 0 0)
(0.00292999 0 0)
(0.00306693 0 0)
(0.00321706 0 0)
(0.00338639 0 0)
(0.00358542 0 0)
(0.00383417 0 0)
(0.00417602 0 0)
(0.00472491 0 0)
(0.0058885 0 0)
(0.00936213 0 0)
(0.0131507 0 0)
(0.0142825 0 0)
(0.014283 0 0)
(0.014283 0 0)
(0.014283 0 0)
(0.014283 0 0)
(0.014283 0 0)
(0.014283 0 0)
(0.014283 0 0)
(0.014283 0 0)
(0.014283 0 0)
(0.014283 0 0)
(0.014283 0 0)
(0.014283 0 0)
(0.014283 0 0)
(0.014283 0 0)
(0.014283 0 0)
(0.014283 0 0)
(0.014283 0 0)
(0.014283 0 0)
(0.014283 0 0)
(0.014283 0 0)
(0.014283 0 0)
(0.014283 0 0)
(0.014283 0 0)
(0.014283 0 0)
(0.014283 0 0)
(0.014283 0 0)
(0.014283 0 0)
(0.014283 0 0)
(0.014283 0 0)
(0.014283 0 0)
(0.014283 0 0)
(0.014283 0 0)
(0.014283 0 0)
(0.014283 0 0)
(0.014283 0 0)
(0.014283 0 0)
(0.014283 0 0)
(0.014283 0 0)
(0.014283 0 0)
(0.014283 0 0)
(0.014283 0 0)
(0.014283 0 0)
(0.014283 0 0)
(0.014283 0 0)
(0.014283 0 0)
(0.014283 0 0)
(0.014283 0 0)
(0.014283 0 0)
(0.014283 0 0)
(0.014283 0 0)
(0.014283 0 0)
(0.014283 0 0)
(0.014283 0 0)
(0.014283 0 0)
(0.014283 0 0)
(0.014283 0 0)
(0.014283 0 0)
(0.014283 0 0)
)
;

boundaryField
{
    inlet
    {
        type            fixedValue;
        value           uniform (0 0 0);
    }
    outlet
    {
        type            zeroGradient;
    }
    yzfaces
    {
        type            empty;
    }
}


// ************************************************************************* //
