/*--------------------------------*- C++ -*----------------------------------*\
  =========                 |
  \\      /  F ield         | OpenFOAM: The Open Source CFD Toolbox
   \\    /   O peration     | Website:  https://openfoam.org
    \\  /    A nd           | Version:  10
     \\/     M anipulation  |
\*---------------------------------------------------------------------------*/
FoamFile
{
    format      ascii;
    class       volVectorField;
    location    "1.23";
    object      Ub;
}
// * * * * * * * * * * * * * * * * * * * * * * * * * * * * * * * * * * * * * //

dimensions      [0 1 -1 0 0 0 0];

internalField   nonuniform List<vector> 
100
(
(1.60973e-05 0 0)
(4.92007e-05 0 0)
(8.35173e-05 0 0)
(0.000118253 0 0)
(0.000153142 0 0)
(0.000188068 0 0)
(0.000222978 0 0)
(0.000257846 0 0)
(0.000292658 0 0)
(0.00032741 0 0)
(0.000362102 0 0)
(0.000396735 0 0)
(0.000431314 0 0)
(0.000465842 0 0)
(0.000500324 0 0)
(0.000534764 0 0)
(0.000569169 0 0)
(0.000603542 0 0)
(0.00063789 0 0)
(0.000672216 0 0)
(0.000706525 0 0)
(0.000740823 0 0)
(0.000775113 0 0)
(0.000809399 0 0)
(0.000843688 0 0)
(0.000877981 0 0)
(0.000912284 0 0)
(0.000946601 0 0)
(0.000980935 0 0)
(0.00101529 0 0)
(0.00104967 0 0)
(0.00108408 0 0)
(0.00111852 0 0)
(0.001153 0 0)
(0.00118752 0 0)
(0.00122208 0 0)
(0.00125669 0 0)
(0.00129136 0 0)
(0.00132607 0 0)
(0.00136085 0 0)
(0.00139569 0 0)
(0.0014306 0 0)
(0.00146558 0 0)
(0.00150063 0 0)
(0.00153576 0 0)
(0.00157098 0 0)
(0.00160628 0 0)
(0.00164168 0 0)
(0.00167717 0 0)
(0.00171277 0 0)
(0.00174848 0 0)
(0.0017843 0 0)
(0.00182023 0 0)
(0.0018563 0 0)
(0.00189249 0 0)
(0.00192883 0 0)
(0.00196531 0 0)
(0.00200194 0 0)
(0.00203874 0 0)
(0.00207571 0 0)
(0.00211286 0 0)
(0.0021502 0 0)
(0.00218775 0 0)
(0.00222551 0 0)
(0.0022635 0 0)
(0.00230174 0 0)
(0.00234025 0 0)
(0.00237903 0 0)
(0.00241812 0 0)
(0.00245754 0 0)
(0.00249731 0 0)
(0.00253747 0 0)
(0.00257805 0 0)
(0.00261909 0 0)
(0.00266064 0 0)
(0.00270275 0 0)
(0.00274549 0 0)
(0.00278894 0 0)
(0.00283318 0 0)
(0.00287832 0 0)
(0.00292449 0 0)
(0.00297185 0 0)
(0.00302061 0 0)
(0.00307101 0 0)
(0.00312336 0 0)
(0.00317807 0 0)
(0.00323568 0 0)
(0.00329691 0 0)
(0.00336273 0 0)
(0.00343454 0 0)
(0.00351434 0 0)
(0.00360517 0 0)
(0.00371187 0 0)
(0.00384254 0 0)
(0.004012 0 0)
(0.00425035 0 0)
(0.00462922 0 0)
(0.00536715 0 0)
(0.00742367 0 0)
(0.0115669 0 0)
)
;

boundaryField
{
    inlet
    {
        type            fixedValue;
        value           uniform (0 0 0);
    }
    outlet
    {
        type            zeroGradient;
    }
    yzfaces
    {
        type            empty;
    }
}


// ************************************************************************* //
