/*--------------------------------*- C++ -*----------------------------------*\
  =========                 |
  \\      /  F ield         | OpenFOAM: The Open Source CFD Toolbox
   \\    /   O peration     | Website:  https://openfoam.org
    \\  /    A nd           | Version:  10
     \\/     M anipulation  |
\*---------------------------------------------------------------------------*/
FoamFile
{
    format      ascii;
    class       volVectorField;
    location    "0.555";
    object      Ua;
}
// * * * * * * * * * * * * * * * * * * * * * * * * * * * * * * * * * * * * * //

dimensions      [0 1 -1 0 0 0 0];

internalField   nonuniform List<vector> 
100
(
(0.00710392 0 0)
(0.0141694 0 0)
(0.0140924 0 0)
(0.0140153 0 0)
(0.0139383 0 0)
(0.0138614 0 0)
(0.0137847 0 0)
(0.013708 0 0)
(0.0136314 0 0)
(0.0135549 0 0)
(0.0134783 0 0)
(0.0134016 0 0)
(0.0133247 0 0)
(0.0132477 0 0)
(0.0131705 0 0)
(0.0130929 0 0)
(0.0130151 0 0)
(0.0129369 0 0)
(0.0128582 0 0)
(0.0127791 0 0)
(0.0126994 0 0)
(0.0126191 0 0)
(0.0125381 0 0)
(0.0124563 0 0)
(0.0123737 0 0)
(0.0122901 0 0)
(0.0122053 0 0)
(0.0121193 0 0)
(0.0120318 0 0)
(0.0119426 0 0)
(0.0118515 0 0)
(0.011758 0 0)
(0.0116617 0 0)
(0.0115619 0 0)
(0.0114579 0 0)
(0.0113484 0 0)
(0.0112319 0 0)
(0.0111059 0 0)
(0.0109667 0 0)
(0.010808 0 0)
(0.0106193 0 0)
(0.01038 0 0)
(0.0100456 0 0)
(0.00949798 0 0)
(0.00831004 0 0)
(0.00475654 0 0)
(0.00102138 0 0)
(3.06908e-07 0 0)
(0 0 0)
(0 0 0)
(0 0 0)
(0 0 0)
(0 0 0)
(0 0 0)
(0 0 0)
(0 0 0)
(0 0 0)
(0 0 0)
(0 0 0)
(0 0 0)
(0 0 0)
(0 0 0)
(0 0 0)
(0 0 0)
(0 0 0)
(0 0 0)
(0 0 0)
(0 0 0)
(0 0 0)
(0 0 0)
(0 0 0)
(0 0 0)
(0 0 0)
(0 0 0)
(0 0 0)
(0 0 0)
(0 0 0)
(0 0 0)
(0 0 0)
(0 0 0)
(0 0 0)
(0 0 0)
(0 0 0)
(0 0 0)
(0 0 0)
(0 0 0)
(0 0 0)
(0 0 0)
(0 0 0)
(0 0 0)
(0 0 0)
(0 0 0)
(0 0 0)
(0 0 0)
(0 0 0)
(0 0 0)
(0 0 0)
(0 0 0)
(0 0 0)
(0 0 0)
)
;

boundaryField
{
    inlet
    {
        type            fixedValue;
        value           uniform (0 0 0);
    }
    outlet
    {
        type            zeroGradient;
    }
    yzfaces
    {
        type            empty;
    }
}


// ************************************************************************* //
