/*--------------------------------*- C++ -*----------------------------------*\
  =========                 |
  \\      /  F ield         | OpenFOAM: The Open Source CFD Toolbox
   \\    /   O peration     | Website:  https://openfoam.org
    \\  /    A nd           | Version:  10
     \\/     M anipulation  |
\*---------------------------------------------------------------------------*/
FoamFile
{
    format      ascii;
    class       volVectorField;
    location    "0.555";
    object      Ub;
}
// * * * * * * * * * * * * * * * * * * * * * * * * * * * * * * * * * * * * * //

dimensions      [0 1 -1 0 0 0 0];

internalField   nonuniform List<vector> 
100
(
(3.73505e-05 0 0)
(0.00011311 0 0)
(0.000190101 0 0)
(0.000267237 0 0)
(0.000344268 0 0)
(0.000421146 0 0)
(0.000497884 0 0)
(0.000574521 0 0)
(0.000651101 0 0)
(0.000727674 0 0)
(0.000804286 0 0)
(0.000880985 0 0)
(0.00095782 0 0)
(0.00103484 0 0)
(0.00111208 0 0)
(0.0011896 0 0)
(0.00126745 0 0)
(0.00134567 0 0)
(0.00142432 0 0)
(0.00150345 0 0)
(0.00158314 0 0)
(0.00166344 0 0)
(0.00174444 0 0)
(0.00182621 0 0)
(0.00190885 0 0)
(0.00199248 0 0)
(0.00207723 0 0)
(0.00216325 0 0)
(0.00225074 0 0)
(0.00233991 0 0)
(0.00243107 0 0)
(0.00252458 0 0)
(0.00262089 0 0)
(0.00272064 0 0)
(0.00282466 0 0)
(0.0029341 0 0)
(0.0030506 0 0)
(0.0031766 0 0)
(0.00331586 0 0)
(0.0034745 0 0)
(0.00366323 0 0)
(0.00390252 0 0)
(0.00423697 0 0)
(0.00478457 0 0)
(0.00597251 0 0)
(0.00952601 0 0)
(0.0132612 0 0)
(0.0142822 0 0)
(0.0142825 0 0)
(0.0142825 0 0)
(0.0142825 0 0)
(0.0142825 0 0)
(0.0142825 0 0)
(0.0142825 0 0)
(0.0142825 0 0)
(0.0142825 0 0)
(0.0142825 0 0)
(0.0142825 0 0)
(0.0142825 0 0)
(0.0142825 0 0)
(0.0142825 0 0)
(0.0142825 0 0)
(0.0142825 0 0)
(0.0142825 0 0)
(0.0142825 0 0)
(0.0142825 0 0)
(0.0142825 0 0)
(0.0142825 0 0)
(0.0142825 0 0)
(0.0142825 0 0)
(0.0142825 0 0)
(0.0142825 0 0)
(0.0142825 0 0)
(0.0142825 0 0)
(0.0142825 0 0)
(0.0142825 0 0)
(0.0142825 0 0)
(0.0142825 0 0)
(0.0142825 0 0)
(0.0142825 0 0)
(0.0142825 0 0)
(0.0142825 0 0)
(0.0142825 0 0)
(0.0142825 0 0)
(0.0142825 0 0)
(0.0142825 0 0)
(0.0142825 0 0)
(0.0142825 0 0)
(0.0142825 0 0)
(0.0142825 0 0)
(0.0142825 0 0)
(0.0142825 0 0)
(0.0142825 0 0)
(0.0142825 0 0)
(0.0142825 0 0)
(0.0142825 0 0)
(0.0142825 0 0)
(0.0142825 0 0)
(0.0142825 0 0)
(0.0142825 0 0)
)
;

boundaryField
{
    inlet
    {
        type            fixedValue;
        value           uniform (0 0 0);
    }
    outlet
    {
        type            zeroGradient;
    }
    yzfaces
    {
        type            empty;
    }
}


// ************************************************************************* //
