/*--------------------------------*- C++ -*----------------------------------*\
  =========                 |
  \\      /  F ield         | OpenFOAM: The Open Source CFD Toolbox
   \\    /   O peration     | Website:  https://openfoam.org
    \\  /    A nd           | Version:  10
     \\/     M anipulation  |
\*---------------------------------------------------------------------------*/
FoamFile
{
    format      ascii;
    class       volVectorField;
    location    "0.935";
    object      Ua;
}
// * * * * * * * * * * * * * * * * * * * * * * * * * * * * * * * * * * * * * //

dimensions      [0 1 -1 0 0 0 0];

internalField   nonuniform List<vector> 
100
(
(0.0071186 0 0)
(0.0142146 0 0)
(0.0141692 0 0)
(0.0141234 0 0)
(0.0140775 0 0)
(0.0140316 0 0)
(0.0139859 0 0)
(0.0139402 0 0)
(0.0138946 0 0)
(0.013849 0 0)
(0.0138036 0 0)
(0.0137582 0 0)
(0.0137129 0 0)
(0.0136676 0 0)
(0.0136223 0 0)
(0.0135771 0 0)
(0.0135319 0 0)
(0.0134867 0 0)
(0.0134415 0 0)
(0.0133962 0 0)
(0.013351 0 0)
(0.0133057 0 0)
(0.0132604 0 0)
(0.013215 0 0)
(0.0131695 0 0)
(0.013124 0 0)
(0.0130784 0 0)
(0.0130327 0 0)
(0.0129869 0 0)
(0.012941 0 0)
(0.012895 0 0)
(0.0128488 0 0)
(0.0128025 0 0)
(0.0127561 0 0)
(0.0127095 0 0)
(0.0126627 0 0)
(0.0126158 0 0)
(0.0125687 0 0)
(0.0125213 0 0)
(0.0124737 0 0)
(0.0124259 0 0)
(0.0123779 0 0)
(0.0123296 0 0)
(0.0122809 0 0)
(0.012232 0 0)
(0.0121827 0 0)
(0.0121331 0 0)
(0.012083 0 0)
(0.0120325 0 0)
(0.0119816 0 0)
(0.0119301 0 0)
(0.0118781 0 0)
(0.0118255 0 0)
(0.0117721 0 0)
(0.011718 0 0)
(0.011663 0 0)
(0.011607 0 0)
(0.0115499 0 0)
(0.0114915 0 0)
(0.0114316 0 0)
(0.0113699 0 0)
(0.011306 0 0)
(0.0112396 0 0)
(0.01117 0 0)
(0.0110965 0 0)
(0.0110179 0 0)
(0.0109327 0 0)
(0.0108385 0 0)
(0.0107319 0 0)
(0.0106072 0 0)
(0.0104544 0 0)
(0.0102551 0 0)
(0.00996961 0 0)
(0.00949696 0 0)
(0.00849075 0 0)
(0.00541561 0 0)
(0.00152472 0 0)
(2.17177e-06 0 0)
(3.46945e-17 0 0)
(0 0 0)
(0 0 0)
(0 0 0)
(0 0 0)
(0 0 0)
(0 0 0)
(0 0 0)
(0 0 0)
(0 0 0)
(0 0 0)
(0 0 0)
(0 0 0)
(0 0 0)
(0 0 0)
(0 0 0)
(0 0 0)
(0 0 0)
(0 0 0)
(0 0 0)
(0 0 0)
(0 0 0)
)
;

boundaryField
{
    inlet
    {
        type            fixedValue;
        value           uniform (0 0 0);
    }
    outlet
    {
        type            zeroGradient;
    }
    yzfaces
    {
        type            empty;
    }
}


// ************************************************************************* //
