/*--------------------------------*- C++ -*----------------------------------*\
  =========                 |
  \\      /  F ield         | OpenFOAM: The Open Source CFD Toolbox
   \\    /   O peration     | Website:  https://openfoam.org
    \\  /    A nd           | Version:  10
     \\/     M anipulation  |
\*---------------------------------------------------------------------------*/
FoamFile
{
    format      ascii;
    class       volVectorField;
    location    "0.935";
    object      Ub;
}
// * * * * * * * * * * * * * * * * * * * * * * * * * * * * * * * * * * * * * //

dimensions      [0 1 -1 0 0 0 0];

internalField   nonuniform List<vector> 
100
(
(2.15825e-05 0 0)
(6.5742e-05 0 0)
(0.000111181 0 0)
(0.000156984 0 0)
(0.000202869 0 0)
(0.000248726 0 0)
(0.000294512 0 0)
(0.000340211 0 0)
(0.000385821 0 0)
(0.000431346 0 0)
(0.000476796 0 0)
(0.000522179 0 0)
(0.000567507 0 0)
(0.00061279 0 0)
(0.000658038 0 0)
(0.000703263 0 0)
(0.000748475 0 0)
(0.000793684 0 0)
(0.0008389 0 0)
(0.000884133 0 0)
(0.000929391 0 0)
(0.000974686 0 0)
(0.00102002 0 0)
(0.00106542 0 0)
(0.00111087 0 0)
(0.0011564 0 0)
(0.001202 0 0)
(0.0012477 0 0)
(0.0012935 0 0)
(0.0013394 0 0)
(0.00138542 0 0)
(0.00143157 0 0)
(0.00147785 0 0)
(0.00152428 0 0)
(0.00157087 0 0)
(0.00161764 0 0)
(0.00166458 0 0)
(0.00171171 0 0)
(0.00175906 0 0)
(0.00180663 0 0)
(0.00185443 0 0)
(0.00190249 0 0)
(0.00195082 0 0)
(0.00199945 0 0)
(0.00204839 0 0)
(0.00209767 0 0)
(0.00214731 0 0)
(0.00219736 0 0)
(0.00224783 0 0)
(0.00229877 0 0)
(0.00235023 0 0)
(0.00240226 0 0)
(0.0024549 0 0)
(0.00250824 0 0)
(0.00256236 0 0)
(0.00261735 0 0)
(0.00267333 0 0)
(0.00273043 0 0)
(0.00278884 0 0)
(0.00284877 0 0)
(0.00291048 0 0)
(0.00297433 0 0)
(0.00304075 0 0)
(0.00311033 0 0)
(0.00318388 0 0)
(0.00326248 0 0)
(0.0033477 0 0)
(0.00344185 0 0)
(0.00354844 0 0)
(0.0036732 0 0)
(0.00382597 0 0)
(0.00402531 0 0)
(0.00431076 0 0)
(0.00478341 0 0)
(0.00578962 0 0)
(0.00886477 0 0)
(0.0127557 0 0)
(0.0142782 0 0)
(0.0142804 0 0)
(0.0142804 0 0)
(0.0142804 0 0)
(0.0142804 0 0)
(0.0142804 0 0)
(0.0142804 0 0)
(0.0142804 0 0)
(0.0142804 0 0)
(0.0142804 0 0)
(0.0142804 0 0)
(0.0142804 0 0)
(0.0142804 0 0)
(0.0142804 0 0)
(0.0142804 0 0)
(0.0142804 0 0)
(0.0142804 0 0)
(0.0142804 0 0)
(0.0142804 0 0)
(0.0142804 0 0)
(0.0142804 0 0)
(0.0142804 0 0)
(0.0142804 0 0)
)
;

boundaryField
{
    inlet
    {
        type            fixedValue;
        value           uniform (0 0 0);
    }
    outlet
    {
        type            zeroGradient;
    }
    yzfaces
    {
        type            empty;
    }
}


// ************************************************************************* //
