/*--------------------------------*- C++ -*----------------------------------*\
  =========                 |
  \\      /  F ield         | OpenFOAM: The Open Source CFD Toolbox
   \\    /   O peration     | Website:  https://openfoam.org
    \\  /    A nd           | Version:  10
     \\/     M anipulation  |
\*---------------------------------------------------------------------------*/
FoamFile
{
    format      ascii;
    class       volVectorField;
    location    "1.45";
    object      Ub;
}
// * * * * * * * * * * * * * * * * * * * * * * * * * * * * * * * * * * * * * //

dimensions      [0 1 -1 0 0 0 0];

internalField   nonuniform List<vector> 
100
(
(1.34761e-05 0 0)
(4.12763e-05 0 0)
(7.02301e-05 0 0)
(9.96181e-05 0 0)
(0.000129188 0 0)
(0.000158826 0 0)
(0.000188477 0 0)
(0.000218109 0 0)
(0.000247708 0 0)
(0.000277264 0 0)
(0.000306774 0 0)
(0.000336238 0 0)
(0.000365654 0 0)
(0.000395026 0 0)
(0.000424355 0 0)
(0.000453645 0 0)
(0.000482898 0 0)
(0.000512118 0 0)
(0.000541306 0 0)
(0.000570468 0 0)
(0.000599605 0 0)
(0.000628722 0 0)
(0.00065782 0 0)
(0.000686903 0 0)
(0.000715974 0 0)
(0.000745035 0 0)
(0.000774089 0 0)
(0.00080314 0 0)
(0.000832189 0 0)
(0.000861239 0 0)
(0.000890293 0 0)
(0.000919353 0 0)
(0.000948422 0 0)
(0.000977501 0 0)
(0.00100659 0 0)
(0.0010357 0 0)
(0.00106483 0 0)
(0.00109398 0 0)
(0.00112314 0 0)
(0.00115234 0 0)
(0.00118156 0 0)
(0.00121081 0 0)
(0.00124009 0 0)
(0.0012694 0 0)
(0.00129875 0 0)
(0.00132814 0 0)
(0.00135757 0 0)
(0.00138704 0 0)
(0.00141655 0 0)
(0.00144611 0 0)
(0.00147572 0 0)
(0.00150539 0 0)
(0.0015351 0 0)
(0.00156488 0 0)
(0.00159471 0 0)
(0.00162461 0 0)
(0.00165457 0 0)
(0.00168459 0 0)
(0.00171469 0 0)
(0.00174486 0 0)
(0.00177511 0 0)
(0.00180544 0 0)
(0.00183585 0 0)
(0.00186635 0 0)
(0.00189693 0 0)
(0.00192762 0 0)
(0.0019584 0 0)
(0.00198928 0 0)
(0.00202027 0 0)
(0.00205137 0 0)
(0.00208259 0 0)
(0.00211394 0 0)
(0.00214541 0 0)
(0.00217702 0 0)
(0.00220877 0 0)
(0.00224067 0 0)
(0.00227273 0 0)
(0.00230495 0 0)
(0.00233735 0 0)
(0.00236994 0 0)
(0.00240273 0 0)
(0.00243573 0 0)
(0.00246896 0 0)
(0.00250243 0 0)
(0.00253616 0 0)
(0.00257017 0 0)
(0.00260448 0 0)
(0.00263912 0 0)
(0.00267412 0 0)
(0.0027095 0 0)
(0.00274532 0 0)
(0.0027816 0 0)
(0.00281841 0 0)
(0.0028558 0 0)
(0.00289384 0 0)
(0.00293262 0 0)
(0.00297224 0 0)
(0.00301281 0 0)
(0.00305449 0 0)
(0.00309746 0 0)
)
;

boundaryField
{
    inlet
    {
        type            fixedValue;
        value           uniform (0 0 0);
    }
    outlet
    {
        type            zeroGradient;
    }
    yzfaces
    {
        type            empty;
    }
}


// ************************************************************************* //
