/*--------------------------------*- C++ -*----------------------------------*\
  =========                 |
  \\      /  F ield         | OpenFOAM: The Open Source CFD Toolbox
   \\    /   O peration     | Website:  https://openfoam.org
    \\  /    A nd           | Version:  10
     \\/     M anipulation  |
\*---------------------------------------------------------------------------*/
FoamFile
{
    format      ascii;
    class       volVectorField;
    location    "0.86";
    object      Ua;
}
// * * * * * * * * * * * * * * * * * * * * * * * * * * * * * * * * * * * * * //

dimensions      [0 1 -1 0 0 0 0];

internalField   nonuniform List<vector> 
100
(
(0.00711682 0 0)
(0.014209 0 0)
(0.0141596 0 0)
(0.0141097 0 0)
(0.0140599 0 0)
(0.0140101 0 0)
(0.0139603 0 0)
(0.0139107 0 0)
(0.0138612 0 0)
(0.0138117 0 0)
(0.0137624 0 0)
(0.0137131 0 0)
(0.0136638 0 0)
(0.0136146 0 0)
(0.0135654 0 0)
(0.0135162 0 0)
(0.013467 0 0)
(0.0134178 0 0)
(0.0133686 0 0)
(0.0133193 0 0)
(0.0132699 0 0)
(0.0132205 0 0)
(0.0131711 0 0)
(0.0131215 0 0)
(0.0130718 0 0)
(0.0130221 0 0)
(0.0129722 0 0)
(0.0129221 0 0)
(0.0128719 0 0)
(0.0128216 0 0)
(0.0127711 0 0)
(0.0127204 0 0)
(0.0126694 0 0)
(0.0126183 0 0)
(0.0125669 0 0)
(0.0125153 0 0)
(0.0124634 0 0)
(0.0124112 0 0)
(0.0123587 0 0)
(0.0123058 0 0)
(0.0122526 0 0)
(0.0121989 0 0)
(0.0121449 0 0)
(0.0120903 0 0)
(0.0120352 0 0)
(0.0119796 0 0)
(0.0119233 0 0)
(0.0118663 0 0)
(0.0118085 0 0)
(0.0117499 0 0)
(0.0116902 0 0)
(0.0116294 0 0)
(0.0115673 0 0)
(0.0115037 0 0)
(0.0114383 0 0)
(0.0113707 0 0)
(0.0113006 0 0)
(0.0112274 0 0)
(0.0111502 0 0)
(0.011068 0 0)
(0.0109793 0 0)
(0.0108818 0 0)
(0.0107721 0 0)
(0.0106447 0 0)
(0.01049 0 0)
(0.0102903 0 0)
(0.0100078 0 0)
(0.00954772 0 0)
(0.00859164 0 0)
(0.00570406 0 0)
(0.00174482 0 0)
(4.40959e-06 0 0)
(4.23273e-16 0 0)
(0 0 0)
(0 0 0)
(0 0 0)
(0 0 0)
(0 0 0)
(0 0 0)
(0 0 0)
(0 0 0)
(0 0 0)
(0 0 0)
(0 0 0)
(0 0 0)
(0 0 0)
(0 0 0)
(0 0 0)
(0 0 0)
(0 0 0)
(0 0 0)
(0 0 0)
(0 0 0)
(0 0 0)
(0 0 0)
(0 0 0)
(0 0 0)
(0 0 0)
(0 0 0)
(0 0 0)
)
;

boundaryField
{
    inlet
    {
        type            fixedValue;
        value           uniform (0 0 0);
    }
    outlet
    {
        type            zeroGradient;
    }
    yzfaces
    {
        type            empty;
    }
}


// ************************************************************************* //
