/*--------------------------------*- C++ -*----------------------------------*\
  =========                 |
  \\      /  F ield         | OpenFOAM: The Open Source CFD Toolbox
   \\    /   O peration     | Website:  https://openfoam.org
    \\  /    A nd           | Version:  10
     \\/     M anipulation  |
\*---------------------------------------------------------------------------*/
FoamFile
{
    format      ascii;
    class       volVectorField;
    location    "0.86";
    object      Ub;
}
// * * * * * * * * * * * * * * * * * * * * * * * * * * * * * * * * * * * * * //

dimensions      [0 1 -1 0 0 0 0];

internalField   nonuniform List<vector> 
100
(
(2.35845e-05 0 0)
(7.17686e-05 0 0)
(0.000121242 0 0)
(0.000171053 0 0)
(0.00022092 0 0)
(0.000270736 0 0)
(0.000320464 0 0)
(0.000370093 0 0)
(0.000419625 0 0)
(0.000469069 0 0)
(0.000518437 0 0)
(0.000567742 0 0)
(0.000616998 0 0)
(0.000666218 0 0)
(0.000715416 0 0)
(0.000764606 0 0)
(0.0008138 0 0)
(0.00086301 0 0)
(0.00091225 0 0)
(0.000961531 0 0)
(0.00101087 0 0)
(0.00106026 0 0)
(0.00110974 0 0)
(0.0011593 0 0)
(0.00120897 0 0)
(0.00125874 0 0)
(0.00130864 0 0)
(0.00135868 0 0)
(0.00140887 0 0)
(0.00145921 0 0)
(0.00150974 0 0)
(0.00156045 0 0)
(0.00161136 0 0)
(0.0016625 0 0)
(0.00171388 0 0)
(0.00176551 0 0)
(0.00181741 0 0)
(0.00186961 0 0)
(0.00192213 0 0)
(0.00197499 0 0)
(0.00202823 0 0)
(0.00208187 0 0)
(0.00213595 0 0)
(0.0021905 0 0)
(0.00224558 0 0)
(0.00230123 0 0)
(0.00235752 0 0)
(0.00241451 0 0)
(0.00247229 0 0)
(0.00253095 0 0)
(0.00259061 0 0)
(0.0026514 0 0)
(0.00271351 0 0)
(0.00277713 0 0)
(0.00284255 0 0)
(0.00291009 0 0)
(0.00298019 0 0)
(0.00305344 0 0)
(0.00313062 0 0)
(0.00321279 0 0)
(0.00330149 0 0)
(0.00339897 0 0)
(0.00350866 0 0)
(0.00363608 0 0)
(0.00379077 0 0)
(0.00399053 0 0)
(0.00427299 0 0)
(0.00473308 0 0)
(0.00568916 0 0)
(0.00857675 0 0)
(0.012536 0 0)
(0.0142764 0 0)
(0.0142808 0 0)
(0.0142808 0 0)
(0.0142808 0 0)
(0.0142808 0 0)
(0.0142808 0 0)
(0.0142808 0 0)
(0.0142808 0 0)
(0.0142808 0 0)
(0.0142808 0 0)
(0.0142808 0 0)
(0.0142808 0 0)
(0.0142808 0 0)
(0.0142808 0 0)
(0.0142808 0 0)
(0.0142808 0 0)
(0.0142808 0 0)
(0.0142808 0 0)
(0.0142808 0 0)
(0.0142808 0 0)
(0.0142808 0 0)
(0.0142808 0 0)
(0.0142808 0 0)
(0.0142808 0 0)
(0.0142808 0 0)
(0.0142808 0 0)
(0.0142808 0 0)
(0.0142808 0 0)
(0.0142808 0 0)
)
;

boundaryField
{
    inlet
    {
        type            fixedValue;
        value           uniform (0 0 0);
    }
    outlet
    {
        type            zeroGradient;
    }
    yzfaces
    {
        type            empty;
    }
}


// ************************************************************************* //
