/*--------------------------------*- C++ -*----------------------------------*\
  =========                 |
  \\      /  F ield         | OpenFOAM: The Open Source CFD Toolbox
   \\    /   O peration     | Website:  https://openfoam.org
    \\  /    A nd           | Version:  10
     \\/     M anipulation  |
\*---------------------------------------------------------------------------*/
FoamFile
{
    format      ascii;
    class       volVectorField;
    location    "1.165";
    object      Ua;
}
// * * * * * * * * * * * * * * * * * * * * * * * * * * * * * * * * * * * * * //

dimensions      [0 1 -1 0 0 0 0];

internalField   nonuniform List<vector> 
100
(
(0.00712247 0 0)
(0.0142269 0 0)
(0.0141907 0 0)
(0.014154 0 0)
(0.0141171 0 0)
(0.0140803 0 0)
(0.0140434 0 0)
(0.0140066 0 0)
(0.0139699 0 0)
(0.0139332 0 0)
(0.0138966 0 0)
(0.0138601 0 0)
(0.0138236 0 0)
(0.0137872 0 0)
(0.0137508 0 0)
(0.0137145 0 0)
(0.0136782 0 0)
(0.0136419 0 0)
(0.0136057 0 0)
(0.0135694 0 0)
(0.0135332 0 0)
(0.013497 0 0)
(0.0134608 0 0)
(0.0134246 0 0)
(0.0133883 0 0)
(0.0133521 0 0)
(0.0133158 0 0)
(0.0132795 0 0)
(0.0132432 0 0)
(0.0132069 0 0)
(0.0131705 0 0)
(0.0131341 0 0)
(0.0130976 0 0)
(0.0130611 0 0)
(0.0130246 0 0)
(0.0129879 0 0)
(0.0129513 0 0)
(0.0129145 0 0)
(0.0128777 0 0)
(0.0128408 0 0)
(0.0128038 0 0)
(0.0127667 0 0)
(0.0127295 0 0)
(0.0126923 0 0)
(0.0126549 0 0)
(0.0126174 0 0)
(0.0125799 0 0)
(0.0125422 0 0)
(0.0125043 0 0)
(0.0124663 0 0)
(0.0124282 0 0)
(0.01239 0 0)
(0.0123516 0 0)
(0.012313 0 0)
(0.0122742 0 0)
(0.0122353 0 0)
(0.0121961 0 0)
(0.0121568 0 0)
(0.0121172 0 0)
(0.0120774 0 0)
(0.0120373 0 0)
(0.011997 0 0)
(0.0119564 0 0)
(0.0119154 0 0)
(0.0118742 0 0)
(0.0118325 0 0)
(0.0117905 0 0)
(0.011748 0 0)
(0.0117051 0 0)
(0.0116616 0 0)
(0.0116176 0 0)
(0.0115729 0 0)
(0.0115275 0 0)
(0.0114812 0 0)
(0.0114341 0 0)
(0.0113858 0 0)
(0.0113364 0 0)
(0.0112855 0 0)
(0.011233 0 0)
(0.0111784 0 0)
(0.0111214 0 0)
(0.0110614 0 0)
(0.0109976 0 0)
(0.0109291 0 0)
(0.0108544 0 0)
(0.0107713 0 0)
(0.0106766 0 0)
(0.0105652 0 0)
(0.0104283 0 0)
(0.0102495 0 0)
(0.00999546 0 0)
(0.0095838 0 0)
(0.008752 0 0)
(0.00631284 0 0)
(0.00224157 0 0)
(1.88481e-05 0 0)
(7.41976e-14 0 0)
(0 0 0)
(0 0 0)
(0 0 0)
)
;

boundaryField
{
    inlet
    {
        type            fixedValue;
        value           uniform (0 0 0);
    }
    outlet
    {
        type            zeroGradient;
    }
    yzfaces
    {
        type            empty;
    }
}


// ************************************************************************* //
