/*--------------------------------*- C++ -*----------------------------------*\
  =========                 |
  \\      /  F ield         | OpenFOAM: The Open Source CFD Toolbox
   \\    /   O peration     | Website:  https://openfoam.org
    \\  /    A nd           | Version:  10
     \\/     M anipulation  |
\*---------------------------------------------------------------------------*/
FoamFile
{
    format      ascii;
    class       volVectorField;
    location    "1.165";
    object      Ub;
}
// * * * * * * * * * * * * * * * * * * * * * * * * * * * * * * * * * * * * * //

dimensions      [0 1 -1 0 0 0 0];

internalField   nonuniform List<vector> 
100
(
(1.70644e-05 0 0)
(5.21209e-05 0 0)
(8.84073e-05 0 0)
(0.000125106 0 0)
(0.000161944 0 0)
(0.000198809 0 0)
(0.000235648 0 0)
(0.000272435 0 0)
(0.00030916 0 0)
(0.000345819 0 0)
(0.000382414 0 0)
(0.000418947 0 0)
(0.000455423 0 0)
(0.000491848 0 0)
(0.000528226 0 0)
(0.000564565 0 0)
(0.000600869 0 0)
(0.000637145 0 0)
(0.000673398 0 0)
(0.000709633 0 0)
(0.000745857 0 0)
(0.000782074 0 0)
(0.000818289 0 0)
(0.000854508 0 0)
(0.000890735 0 0)
(0.000926976 0 0)
(0.000963235 0 0)
(0.000999516 0 0)
(0.00103582 0 0)
(0.00107216 0 0)
(0.00110854 0 0)
(0.00114496 0 0)
(0.00118142 0 0)
(0.00121793 0 0)
(0.0012545 0 0)
(0.00129112 0 0)
(0.00132781 0 0)
(0.00136456 0 0)
(0.00140139 0 0)
(0.00143829 0 0)
(0.00147528 0 0)
(0.00151235 0 0)
(0.00154952 0 0)
(0.00158678 0 0)
(0.00162414 0 0)
(0.00166161 0 0)
(0.0016992 0 0)
(0.00173691 0 0)
(0.00177474 0 0)
(0.00181271 0 0)
(0.00185082 0 0)
(0.00188908 0 0)
(0.0019275 0 0)
(0.00196608 0 0)
(0.00200484 0 0)
(0.00204378 0 0)
(0.00208292 0 0)
(0.00212227 0 0)
(0.00216185 0 0)
(0.00220166 0 0)
(0.00224172 0 0)
(0.00228206 0 0)
(0.00232268 0 0)
(0.00236362 0 0)
(0.00240489 0 0)
(0.00244653 0 0)
(0.00248857 0 0)
(0.00253104 0 0)
(0.00257399 0 0)
(0.00261745 0 0)
(0.0026615 0 0)
(0.00270619 0 0)
(0.00275161 0 0)
(0.00279784 0 0)
(0.00284499 0 0)
(0.00289321 0 0)
(0.00294265 0 0)
(0.00299352 0 0)
(0.00304608 0 0)
(0.00310066 0 0)
(0.00315767 0 0)
(0.00321767 0 0)
(0.00328141 0 0)
(0.00334993 0 0)
(0.00342467 0 0)
(0.00350776 0 0)
(0.00360243 0 0)
(0.00371385 0 0)
(0.00385081 0 0)
(0.00402952 0 0)
(0.0042836 0 0)
(0.00469526 0 0)
(0.00552706 0 0)
(0.00796622 0 0)
(0.0120375 0 0)
(0.0142602 0 0)
(0.0142791 0 0)
(0.0142791 0 0)
(0.0142791 0 0)
(0.0142791 0 0)
)
;

boundaryField
{
    inlet
    {
        type            fixedValue;
        value           uniform (0 0 0);
    }
    outlet
    {
        type            zeroGradient;
    }
    yzfaces
    {
        type            empty;
    }
}


// ************************************************************************* //
