/*--------------------------------*- C++ -*----------------------------------*\
  =========                 |
  \\      /  F ield         | OpenFOAM: The Open Source CFD Toolbox
   \\    /   O peration     | Website:  https://openfoam.org
    \\  /    A nd           | Version:  10
     \\/     M anipulation  |
\*---------------------------------------------------------------------------*/
FoamFile
{
    format      ascii;
    class       volVectorField;
    location    "1.495";
    object      Ua;
}
// * * * * * * * * * * * * * * * * * * * * * * * * * * * * * * * * * * * * * //

dimensions      [0 1 -1 0 0 0 0];

internalField   nonuniform List<vector> 
100
(
(0.00712555 0 0)
(0.0142372 0 0)
(0.0142092 0 0)
(0.0141807 0 0)
(0.014152 0 0)
(0.0141233 0 0)
(0.0140945 0 0)
(0.0140658 0 0)
(0.014037 0 0)
(0.0140084 0 0)
(0.0139797 0 0)
(0.0139511 0 0)
(0.0139226 0 0)
(0.0138941 0 0)
(0.0138656 0 0)
(0.0138372 0 0)
(0.0138088 0 0)
(0.0137805 0 0)
(0.0137521 0 0)
(0.0137238 0 0)
(0.0136956 0 0)
(0.0136673 0 0)
(0.0136391 0 0)
(0.0136109 0 0)
(0.0135827 0 0)
(0.0135545 0 0)
(0.0135263 0 0)
(0.0134981 0 0)
(0.01347 0 0)
(0.0134418 0 0)
(0.0134136 0 0)
(0.0133855 0 0)
(0.0133573 0 0)
(0.0133291 0 0)
(0.0133009 0 0)
(0.0132727 0 0)
(0.0132445 0 0)
(0.0132162 0 0)
(0.013188 0 0)
(0.0131597 0 0)
(0.0131314 0 0)
(0.0131031 0 0)
(0.0130747 0 0)
(0.0130463 0 0)
(0.0130179 0 0)
(0.0129895 0 0)
(0.012961 0 0)
(0.0129325 0 0)
(0.0129039 0 0)
(0.0128753 0 0)
(0.0128467 0 0)
(0.012818 0 0)
(0.0127893 0 0)
(0.0127605 0 0)
(0.0127317 0 0)
(0.0127028 0 0)
(0.0126739 0 0)
(0.0126449 0 0)
(0.0126158 0 0)
(0.0125867 0 0)
(0.0125575 0 0)
(0.0125283 0 0)
(0.0124989 0 0)
(0.0124695 0 0)
(0.0124401 0 0)
(0.0124105 0 0)
(0.0123809 0 0)
(0.0123511 0 0)
(0.0123213 0 0)
(0.0122914 0 0)
(0.0122614 0 0)
(0.0122313 0 0)
(0.012201 0 0)
(0.0121707 0 0)
(0.0121402 0 0)
(0.0121096 0 0)
(0.0120789 0 0)
(0.0120481 0 0)
(0.0120171 0 0)
(0.0119859 0 0)
(0.0119546 0 0)
(0.0119231 0 0)
(0.0118915 0 0)
(0.0118596 0 0)
(0.0118276 0 0)
(0.0117953 0 0)
(0.0117628 0 0)
(0.0117301 0 0)
(0.0116971 0 0)
(0.0116638 0 0)
(0.0116302 0 0)
(0.0115962 0 0)
(0.0115619 0 0)
(0.0115272 0 0)
(0.0114921 0 0)
(0.0114564 0 0)
(0.0114202 0 0)
(0.0113834 0 0)
(0.0113459 0 0)
(0.0113077 0 0)
)
;

boundaryField
{
    inlet
    {
        type            fixedValue;
        value           uniform (0 0 0);
    }
    outlet
    {
        type            zeroGradient;
    }
    yzfaces
    {
        type            empty;
    }
}


// ************************************************************************* //
