/*--------------------------------*- C++ -*----------------------------------*\
  =========                 |
  \\      /  F ield         | OpenFOAM: The Open Source CFD Toolbox
   \\    /   O peration     | Website:  https://openfoam.org
    \\  /    A nd           | Version:  10
     \\/     M anipulation  |
\*---------------------------------------------------------------------------*/
FoamFile
{
    format      ascii;
    class       volVectorField;
    location    "0.78";
    object      Ua;
}
// * * * * * * * * * * * * * * * * * * * * * * * * * * * * * * * * * * * * * //

dimensions      [0 1 -1 0 0 0 0];

internalField   nonuniform List<vector> 
100
(
(0.00711448 0 0)
(0.0142018 0 0)
(0.0141472 0 0)
(0.0140922 0 0)
(0.0140373 0 0)
(0.0139824 0 0)
(0.0139276 0 0)
(0.013873 0 0)
(0.0138184 0 0)
(0.013764 0 0)
(0.0137096 0 0)
(0.0136553 0 0)
(0.0136009 0 0)
(0.0135467 0 0)
(0.0134924 0 0)
(0.0134381 0 0)
(0.0133837 0 0)
(0.0133293 0 0)
(0.0132749 0 0)
(0.0132203 0 0)
(0.0131657 0 0)
(0.0131109 0 0)
(0.013056 0 0)
(0.013001 0 0)
(0.0129458 0 0)
(0.0128904 0 0)
(0.0128348 0 0)
(0.012779 0 0)
(0.012723 0 0)
(0.0126667 0 0)
(0.0126101 0 0)
(0.0125532 0 0)
(0.012496 0 0)
(0.0124385 0 0)
(0.0123805 0 0)
(0.0123221 0 0)
(0.0122633 0 0)
(0.0122039 0 0)
(0.012144 0 0)
(0.0120835 0 0)
(0.0120223 0 0)
(0.0119604 0 0)
(0.0118976 0 0)
(0.0118339 0 0)
(0.0117692 0 0)
(0.0117032 0 0)
(0.0116358 0 0)
(0.0115668 0 0)
(0.0114959 0 0)
(0.0114226 0 0)
(0.0113466 0 0)
(0.0112672 0 0)
(0.0111836 0 0)
(0.0110944 0 0)
(0.010998 0 0)
(0.0108918 0 0)
(0.0107719 0 0)
(0.0106315 0 0)
(0.010459 0 0)
(0.0102319 0 0)
(0.00989973 0 0)
(0.00932481 0 0)
(0.00798082 0 0)
(0.00410799 0 0)
(0.000602712 0 0)
(3.19824e-08 0 0)
(0 0 0)
(0 0 0)
(0 0 0)
(0 0 0)
(0 0 0)
(0 0 0)
(0 0 0)
(0 0 0)
(0 0 0)
(0 0 0)
(0 0 0)
(0 0 0)
(0 0 0)
(0 0 0)
(0 0 0)
(0 0 0)
(0 0 0)
(0 0 0)
(0 0 0)
(0 0 0)
(0 0 0)
(0 0 0)
(0 0 0)
(0 0 0)
(0 0 0)
(0 0 0)
(0 0 0)
(0 0 0)
(0 0 0)
(0 0 0)
(0 0 0)
(0 0 0)
(0 0 0)
(0 0 0)
)
;

boundaryField
{
    inlet
    {
        type            fixedValue;
        value           uniform (0 0 0);
    }
    outlet
    {
        type            zeroGradient;
    }
    yzfaces
    {
        type            empty;
    }
}


// ************************************************************************* //
