/*--------------------------------*- C++ -*----------------------------------*\
  =========                 |
  \\      /  F ield         | OpenFOAM: The Open Source CFD Toolbox
   \\    /   O peration     | Website:  https://openfoam.org
    \\  /    A nd           | Version:  10
     \\/     M anipulation  |
\*---------------------------------------------------------------------------*/
FoamFile
{
    format      ascii;
    class       volVectorField;
    location    "0.78";
    object      Ub;
}
// * * * * * * * * * * * * * * * * * * * * * * * * * * * * * * * * * * * * * //

dimensions      [0 1 -1 0 0 0 0];

internalField   nonuniform List<vector> 
100
(
(2.61482e-05 0 0)
(7.94794e-05 0 0)
(0.000134103 0 0)
(0.000189031 0 0)
(0.000243979 0 0)
(0.00029885 0 0)
(0.000353614 0 0)
(0.000408266 0 0)
(0.000462816 0 0)
(0.000517279 0 0)
(0.00057167 0 0)
(0.000626009 0 0)
(0.000680314 0 0)
(0.000734601 0 0)
(0.000788889 0 0)
(0.000843196 0 0)
(0.000897537 0 0)
(0.000951929 0 0)
(0.00100639 0 0)
(0.00106093 0 0)
(0.00111557 0 0)
(0.00117033 0 0)
(0.00122522 0 0)
(0.00128026 0 0)
(0.00133546 0 0)
(0.00139084 0 0)
(0.00144642 0 0)
(0.00150222 0 0)
(0.00155826 0 0)
(0.00161455 0 0)
(0.00167113 0 0)
(0.00172801 0 0)
(0.00178522 0 0)
(0.00184279 0 0)
(0.00190075 0 0)
(0.00195913 0 0)
(0.00201798 0 0)
(0.00207732 0 0)
(0.00213722 0 0)
(0.00219773 0 0)
(0.00225892 0 0)
(0.00232085 0 0)
(0.00238361 0 0)
(0.00244732 0 0)
(0.00251209 0 0)
(0.00257807 0 0)
(0.00264546 0 0)
(0.00271447 0 0)
(0.0027854 0 0)
(0.00285862 0 0)
(0.00293461 0 0)
(0.00301401 0 0)
(0.00309769 0 0)
(0.00318685 0 0)
(0.00328323 0 0)
(0.00338941 0 0)
(0.00350941 0 0)
(0.00364981 0 0)
(0.00382227 0 0)
(0.0040494 0 0)
(0.00438153 0 0)
(0.00495645 0 0)
(0.00630044 0 0)
(0.0101733 0 0)
(0.0136785 0 0)
(0.0142812 0 0)
(0.0142813 0 0)
(0.0142813 0 0)
(0.0142813 0 0)
(0.0142813 0 0)
(0.0142813 0 0)
(0.0142813 0 0)
(0.0142813 0 0)
(0.0142813 0 0)
(0.0142813 0 0)
(0.0142813 0 0)
(0.0142813 0 0)
(0.0142813 0 0)
(0.0142813 0 0)
(0.0142813 0 0)
(0.0142813 0 0)
(0.0142813 0 0)
(0.0142813 0 0)
(0.0142813 0 0)
(0.0142813 0 0)
(0.0142813 0 0)
(0.0142813 0 0)
(0.0142813 0 0)
(0.0142813 0 0)
(0.0142813 0 0)
(0.0142813 0 0)
(0.0142813 0 0)
(0.0142813 0 0)
(0.0142813 0 0)
(0.0142813 0 0)
(0.0142813 0 0)
(0.0142813 0 0)
(0.0142813 0 0)
(0.0142813 0 0)
(0.0142813 0 0)
)
;

boundaryField
{
    inlet
    {
        type            fixedValue;
        value           uniform (0 0 0);
    }
    outlet
    {
        type            zeroGradient;
    }
    yzfaces
    {
        type            empty;
    }
}


// ************************************************************************* //
