/*--------------------------------*- C++ -*----------------------------------*\
  =========                 |
  \\      /  F ield         | OpenFOAM: The Open Source CFD Toolbox
   \\    /   O peration     | Website:  https://openfoam.org
    \\  /    A nd           | Version:  10
     \\/     M anipulation  |
\*---------------------------------------------------------------------------*/
FoamFile
{
    format      ascii;
    class       volVectorField;
    location    "0.905";
    object      Ua;
}
// * * * * * * * * * * * * * * * * * * * * * * * * * * * * * * * * * * * * * //

dimensions      [0 1 -1 0 0 0 0];

internalField   nonuniform List<vector> 
100
(
(0.00711793 0 0)
(0.0142125 0 0)
(0.0141655 0 0)
(0.0141182 0 0)
(0.0140708 0 0)
(0.0140235 0 0)
(0.0139762 0 0)
(0.013929 0 0)
(0.0138819 0 0)
(0.0138349 0 0)
(0.0137879 0 0)
(0.013741 0 0)
(0.0136942 0 0)
(0.0136475 0 0)
(0.0136007 0 0)
(0.013554 0 0)
(0.0135073 0 0)
(0.0134605 0 0)
(0.0134138 0 0)
(0.013367 0 0)
(0.0133202 0 0)
(0.0132734 0 0)
(0.0132265 0 0)
(0.0131795 0 0)
(0.0131325 0 0)
(0.0130853 0 0)
(0.0130381 0 0)
(0.0129908 0 0)
(0.0129433 0 0)
(0.0128958 0 0)
(0.012848 0 0)
(0.0128002 0 0)
(0.0127522 0 0)
(0.012704 0 0)
(0.0126556 0 0)
(0.012607 0 0)
(0.0125582 0 0)
(0.0125092 0 0)
(0.01246 0 0)
(0.0124104 0 0)
(0.0123606 0 0)
(0.0123105 0 0)
(0.0122601 0 0)
(0.0122093 0 0)
(0.0121581 0 0)
(0.0121065 0 0)
(0.0120545 0 0)
(0.012002 0 0)
(0.0119489 0 0)
(0.0118953 0 0)
(0.011841 0 0)
(0.0117859 0 0)
(0.0117301 0 0)
(0.0116733 0 0)
(0.0116155 0 0)
(0.0115565 0 0)
(0.0114961 0 0)
(0.0114341 0 0)
(0.0113702 0 0)
(0.0113039 0 0)
(0.0112349 0 0)
(0.0111625 0 0)
(0.0110857 0 0)
(0.0110033 0 0)
(0.0109136 0 0)
(0.0108138 0 0)
(0.0106997 0 0)
(0.0105643 0 0)
(0.0103955 0 0)
(0.0101688 0 0)
(0.00982941 0 0)
(0.00922354 0 0)
(0.00774086 0 0)
(0.00371287 0 0)
(0.000384587 0 0)
(5.25285e-09 0 0)
(0 0 0)
(0 0 0)
(0 0 0)
(0 0 0)
(0 0 0)
(0 0 0)
(0 0 0)
(0 0 0)
(0 0 0)
(0 0 0)
(0 0 0)
(0 0 0)
(0 0 0)
(0 0 0)
(0 0 0)
(0 0 0)
(0 0 0)
(0 0 0)
(0 0 0)
(0 0 0)
(0 0 0)
(0 0 0)
(0 0 0)
(0 0 0)
)
;

boundaryField
{
    inlet
    {
        type            fixedValue;
        value           uniform (0 0 0);
    }
    outlet
    {
        type            zeroGradient;
    }
    yzfaces
    {
        type            empty;
    }
}


// ************************************************************************* //
