/*--------------------------------*- C++ -*----------------------------------*\
  =========                 |
  \\      /  F ield         | OpenFOAM: The Open Source CFD Toolbox
   \\    /   O peration     | Website:  https://openfoam.org
    \\  /    A nd           | Version:  10
     \\/     M anipulation  |
\*---------------------------------------------------------------------------*/
FoamFile
{
    format      ascii;
    class       volVectorField;
    location    "0.905";
    object      Ub;
}
// * * * * * * * * * * * * * * * * * * * * * * * * * * * * * * * * * * * * * //

dimensions      [0 1 -1 0 0 0 0];

internalField   nonuniform List<vector> 
100
(
(2.23431e-05 0 0)
(6.80322e-05 0 0)
(0.000115005 0 0)
(0.000162333 0 0)
(0.000209732 0 0)
(0.000257095 0 0)
(0.000304379 0 0)
(0.000351572 0 0)
(0.000398673 0 0)
(0.000445688 0 0)
(0.000492626 0 0)
(0.000539499 0 0)
(0.000586318 0 0)
(0.000633095 0 0)
(0.000679842 0 0)
(0.000726571 0 0)
(0.000773292 0 0)
(0.000820017 0 0)
(0.000866757 0 0)
(0.000913523 0 0)
(0.000960323 0 0)
(0.00100717 0 0)
(0.00105407 0 0)
(0.00110104 0 0)
(0.00114808 0 0)
(0.00119521 0 0)
(0.00124244 0 0)
(0.00128977 0 0)
(0.00133722 0 0)
(0.00138479 0 0)
(0.0014325 0 0)
(0.00148036 0 0)
(0.00152838 0 0)
(0.00157657 0 0)
(0.00162495 0 0)
(0.00167353 0 0)
(0.00172231 0 0)
(0.00177133 0 0)
(0.00182059 0 0)
(0.00187012 0 0)
(0.00191993 0 0)
(0.00197004 0 0)
(0.00202047 0 0)
(0.00207126 0 0)
(0.00212243 0 0)
(0.00217401 0 0)
(0.00222604 0 0)
(0.00227856 0 0)
(0.00233162 0 0)
(0.00238527 0 0)
(0.00243958 0 0)
(0.00249461 0 0)
(0.00255046 0 0)
(0.00260723 0 0)
(0.00266504 0 0)
(0.00272405 0 0)
(0.00278445 0 0)
(0.00284646 0 0)
(0.00291039 0 0)
(0.00297661 0 0)
(0.00304561 0 0)
(0.00311805 0 0)
(0.00319484 0 0)
(0.0032772 0 0)
(0.00336696 0 0)
(0.00346678 0 0)
(0.00358088 0 0)
(0.0037162 0 0)
(0.00388508 0 0)
(0.00411179 0 0)
(0.00445114 0 0)
(0.005057 0 0)
(0.00653968 0 0)
(0.0105677 0 0)
(0.013896 0 0)
(0.0142805 0 0)
(0.0142805 0 0)
(0.0142805 0 0)
(0.0142805 0 0)
(0.0142805 0 0)
(0.0142805 0 0)
(0.0142805 0 0)
(0.0142805 0 0)
(0.0142805 0 0)
(0.0142805 0 0)
(0.0142805 0 0)
(0.0142805 0 0)
(0.0142805 0 0)
(0.0142805 0 0)
(0.0142805 0 0)
(0.0142805 0 0)
(0.0142805 0 0)
(0.0142805 0 0)
(0.0142805 0 0)
(0.0142805 0 0)
(0.0142805 0 0)
(0.0142805 0 0)
(0.0142805 0 0)
(0.0142805 0 0)
(0.0142805 0 0)
)
;

boundaryField
{
    inlet
    {
        type            fixedValue;
        value           uniform (0 0 0);
    }
    outlet
    {
        type            zeroGradient;
    }
    yzfaces
    {
        type            empty;
    }
}


// ************************************************************************* //
