/*--------------------------------*- C++ -*----------------------------------*\
  =========                 |
  \\      /  F ield         | OpenFOAM: The Open Source CFD Toolbox
   \\    /   O peration     | Website:  https://openfoam.org
    \\  /    A nd           | Version:  10
     \\/     M anipulation  |
\*---------------------------------------------------------------------------*/
FoamFile
{
    format      ascii;
    class       volVectorField;
    location    "0.63";
    object      Ua;
}
// * * * * * * * * * * * * * * * * * * * * * * * * * * * * * * * * * * * * * //

dimensions      [0 1 -1 0 0 0 0];

internalField   nonuniform List<vector> 
100
(
(0.00710834 0 0)
(0.0141829 0 0)
(0.0141151 0 0)
(0.0140471 0 0)
(0.0139792 0 0)
(0.0139114 0 0)
(0.0138438 0 0)
(0.0137762 0 0)
(0.0137088 0 0)
(0.0136414 0 0)
(0.013574 0 0)
(0.0135067 0 0)
(0.0134393 0 0)
(0.0133718 0 0)
(0.0133042 0 0)
(0.0132365 0 0)
(0.0131686 0 0)
(0.0131005 0 0)
(0.0130322 0 0)
(0.0129636 0 0)
(0.0128947 0 0)
(0.0128255 0 0)
(0.0127559 0 0)
(0.0126859 0 0)
(0.0126154 0 0)
(0.0125444 0 0)
(0.0124729 0 0)
(0.0124007 0 0)
(0.0123278 0 0)
(0.0122542 0 0)
(0.0121797 0 0)
(0.0121042 0 0)
(0.0120277 0 0)
(0.0119498 0 0)
(0.0118706 0 0)
(0.0117897 0 0)
(0.0117068 0 0)
(0.0116216 0 0)
(0.0115336 0 0)
(0.0114422 0 0)
(0.0113466 0 0)
(0.0112455 0 0)
(0.0111374 0 0)
(0.0110197 0 0)
(0.0108885 0 0)
(0.0107378 0 0)
(0.0105564 0 0)
(0.0103233 0 0)
(0.00999237 0 0)
(0.00944022 0 0)
(0.00821344 0 0)
(0.0045593 0 0)
(0.00088905 0 0)
(1.66088e-07 0 0)
(0 0 0)
(0 0 0)
(0 0 0)
(0 0 0)
(0 0 0)
(0 0 0)
(0 0 0)
(0 0 0)
(0 0 0)
(0 0 0)
(0 0 0)
(0 0 0)
(0 0 0)
(0 0 0)
(0 0 0)
(0 0 0)
(0 0 0)
(0 0 0)
(0 0 0)
(0 0 0)
(0 0 0)
(0 0 0)
(0 0 0)
(0 0 0)
(0 0 0)
(0 0 0)
(0 0 0)
(0 0 0)
(0 0 0)
(0 0 0)
(0 0 0)
(0 0 0)
(0 0 0)
(0 0 0)
(0 0 0)
(0 0 0)
(0 0 0)
(0 0 0)
(0 0 0)
(0 0 0)
(0 0 0)
(0 0 0)
(0 0 0)
(0 0 0)
(0 0 0)
(0 0 0)
)
;

boundaryField
{
    inlet
    {
        type            fixedValue;
        value           uniform (0 0 0);
    }
    outlet
    {
        type            zeroGradient;
    }
    yzfaces
    {
        type            empty;
    }
}


// ************************************************************************* //
