/*--------------------------------*- C++ -*----------------------------------*\
  =========                 |
  \\      /  F ield         | OpenFOAM: The Open Source CFD Toolbox
   \\    /   O peration     | Website:  https://openfoam.org
    \\  /    A nd           | Version:  10
     \\/     M anipulation  |
\*---------------------------------------------------------------------------*/
FoamFile
{
    format      ascii;
    class       volVectorField;
    location    "0.63";
    object      Ub;
}
// * * * * * * * * * * * * * * * * * * * * * * * * * * * * * * * * * * * * * //

dimensions      [0 1 -1 0 0 0 0];

internalField   nonuniform List<vector> 
100
(
(3.27232e-05 0 0)
(9.92286e-05 0 0)
(0.000167002 0 0)
(0.000234985 0 0)
(0.000302909 0 0)
(0.000370702 0 0)
(0.000438357 0 0)
(0.000505892 0 0)
(0.000573336 0 0)
(0.000640722 0 0)
(0.000708083 0 0)
(0.000775452 0 0)
(0.000842862 0 0)
(0.000910344 0 0)
(0.000977932 0 0)
(0.00104566 0 0)
(0.00111355 0 0)
(0.00118164 0 0)
(0.00124996 0 0)
(0.00131854 0 0)
(0.00138743 0 0)
(0.00145665 0 0)
(0.00152625 0 0)
(0.00159626 0 0)
(0.00166673 0 0)
(0.00173771 0 0)
(0.00180925 0 0)
(0.00188142 0 0)
(0.00195428 0 0)
(0.00202792 0 0)
(0.00210242 0 0)
(0.00217789 0 0)
(0.00225446 0 0)
(0.00233228 0 0)
(0.00241154 0 0)
(0.00249247 0 0)
(0.00257534 0 0)
(0.00266053 0 0)
(0.00274851 0 0)
(0.0028399 0 0)
(0.00293554 0 0)
(0.0030366 0 0)
(0.00314475 0 0)
(0.00326246 0 0)
(0.00339357 0 0)
(0.00354434 0 0)
(0.00372572 0 0)
(0.0039588 0 0)
(0.00428975 0 0)
(0.00484189 0 0)
(0.00606868 0 0)
(0.00972282 0 0)
(0.0133931 0 0)
(0.014282 0 0)
(0.0142821 0 0)
(0.0142821 0 0)
(0.0142821 0 0)
(0.0142821 0 0)
(0.0142821 0 0)
(0.0142821 0 0)
(0.0142821 0 0)
(0.0142821 0 0)
(0.0142821 0 0)
(0.0142821 0 0)
(0.0142821 0 0)
(0.0142821 0 0)
(0.0142821 0 0)
(0.0142821 0 0)
(0.0142821 0 0)
(0.0142821 0 0)
(0.0142821 0 0)
(0.0142821 0 0)
(0.0142821 0 0)
(0.0142821 0 0)
(0.0142821 0 0)
(0.0142821 0 0)
(0.0142821 0 0)
(0.0142821 0 0)
(0.0142821 0 0)
(0.0142821 0 0)
(0.0142821 0 0)
(0.0142821 0 0)
(0.0142821 0 0)
(0.0142821 0 0)
(0.0142821 0 0)
(0.0142821 0 0)
(0.0142821 0 0)
(0.0142821 0 0)
(0.0142821 0 0)
(0.0142821 0 0)
(0.0142821 0 0)
(0.0142821 0 0)
(0.0142821 0 0)
(0.0142821 0 0)
(0.0142821 0 0)
(0.0142821 0 0)
(0.0142821 0 0)
(0.0142821 0 0)
(0.0142821 0 0)
(0.0142821 0 0)
)
;

boundaryField
{
    inlet
    {
        type            fixedValue;
        value           uniform (0 0 0);
    }
    outlet
    {
        type            zeroGradient;
    }
    yzfaces
    {
        type            empty;
    }
}


// ************************************************************************* //
