/*--------------------------------*- C++ -*----------------------------------*\
  =========                 |
  \\      /  F ield         | OpenFOAM: The Open Source CFD Toolbox
   \\    /   O peration     | Website:  https://openfoam.org
    \\  /    A nd           | Version:  10
     \\/     M anipulation  |
\*---------------------------------------------------------------------------*/
FoamFile
{
    format      ascii;
    class       volVectorField;
    location    "1.37";
    object      Ua;
}
// * * * * * * * * * * * * * * * * * * * * * * * * * * * * * * * * * * * * * //

dimensions      [0 1 -1 0 0 0 0];

internalField   nonuniform List<vector> 
100
(
(0.00712461 0 0)
(0.014234 0 0)
(0.0142033 0 0)
(0.0141722 0 0)
(0.0141409 0 0)
(0.0141095 0 0)
(0.0140781 0 0)
(0.0140468 0 0)
(0.0140155 0 0)
(0.0139842 0 0)
(0.013953 0 0)
(0.0139219 0 0)
(0.0138908 0 0)
(0.0138597 0 0)
(0.0138287 0 0)
(0.0137977 0 0)
(0.0137668 0 0)
(0.0137359 0 0)
(0.013705 0 0)
(0.0136742 0 0)
(0.0136434 0 0)
(0.0136126 0 0)
(0.0135818 0 0)
(0.013551 0 0)
(0.0135202 0 0)
(0.0134895 0 0)
(0.0134587 0 0)
(0.013428 0 0)
(0.0133972 0 0)
(0.0133664 0 0)
(0.0133357 0 0)
(0.0133049 0 0)
(0.0132741 0 0)
(0.0132432 0 0)
(0.0132124 0 0)
(0.0131815 0 0)
(0.0131506 0 0)
(0.0131197 0 0)
(0.0130888 0 0)
(0.0130578 0 0)
(0.0130267 0 0)
(0.0129957 0 0)
(0.0129646 0 0)
(0.0129334 0 0)
(0.0129022 0 0)
(0.012871 0 0)
(0.0128397 0 0)
(0.0128083 0 0)
(0.0127769 0 0)
(0.0127454 0 0)
(0.0127139 0 0)
(0.0126823 0 0)
(0.0126506 0 0)
(0.0126188 0 0)
(0.012587 0 0)
(0.0125551 0 0)
(0.0125231 0 0)
(0.012491 0 0)
(0.0124588 0 0)
(0.0124266 0 0)
(0.0123942 0 0)
(0.0123617 0 0)
(0.0123291 0 0)
(0.0122964 0 0)
(0.0122636 0 0)
(0.0122306 0 0)
(0.0121975 0 0)
(0.0121643 0 0)
(0.0121309 0 0)
(0.0120974 0 0)
(0.0120637 0 0)
(0.0120298 0 0)
(0.0119957 0 0)
(0.0119615 0 0)
(0.011927 0 0)
(0.0118923 0 0)
(0.0118574 0 0)
(0.0118222 0 0)
(0.0117868 0 0)
(0.0117511 0 0)
(0.011715 0 0)
(0.0116786 0 0)
(0.0116418 0 0)
(0.0116047 0 0)
(0.0115671 0 0)
(0.0115289 0 0)
(0.0114903 0 0)
(0.011451 0 0)
(0.0114111 0 0)
(0.0113703 0 0)
(0.0113287 0 0)
(0.0112861 0 0)
(0.0112423 0 0)
(0.0111972 0 0)
(0.0111504 0 0)
(0.0111018 0 0)
(0.0110508 0 0)
(0.0109969 0 0)
(0.0109395 0 0)
(0.0108777 0 0)
)
;

boundaryField
{
    inlet
    {
        type            fixedValue;
        value           uniform (0 0 0);
    }
    outlet
    {
        type            zeroGradient;
    }
    yzfaces
    {
        type            empty;
    }
}


// ************************************************************************* //
