/*--------------------------------*- C++ -*----------------------------------*\
  =========                 |
  \\      /  F ield         | OpenFOAM: The Open Source CFD Toolbox
   \\    /   O peration     | Website:  https://openfoam.org
    \\  /    A nd           | Version:  10
     \\/     M anipulation  |
\*---------------------------------------------------------------------------*/
FoamFile
{
    format      ascii;
    class       volVectorField;
    location    "1.37";
    object      Ub;
}
// * * * * * * * * * * * * * * * * * * * * * * * * * * * * * * * * * * * * * //

dimensions      [0 1 -1 0 0 0 0];

internalField   nonuniform List<vector> 
100
(
(1.43302e-05 0 0)
(4.38603e-05 0 0)
(7.45658e-05 0 0)
(0.000105702 0 0)
(0.000137011 0 0)
(0.000168378 0 0)
(0.000199749 0 0)
(0.000231093 0 0)
(0.000262396 0 0)
(0.000293651 0 0)
(0.000324854 0 0)
(0.000356006 0 0)
(0.000387109 0 0)
(0.000418164 0 0)
(0.000449175 0 0)
(0.000480146 0 0)
(0.000511079 0 0)
(0.000541979 0 0)
(0.000572849 0 0)
(0.000603693 0 0)
(0.000634514 0 0)
(0.000665317 0 0)
(0.000696104 0 0)
(0.000726878 0 0)
(0.000757645 0 0)
(0.000788405 0 0)
(0.000819163 0 0)
(0.000849922 0 0)
(0.000880684 0 0)
(0.000911453 0 0)
(0.000942232 0 0)
(0.000973023 0 0)
(0.00100383 0 0)
(0.00103465 0 0)
(0.0010655 0 0)
(0.00109636 0 0)
(0.00112726 0 0)
(0.00115818 0 0)
(0.00118913 0 0)
(0.00122012 0 0)
(0.00125115 0 0)
(0.00128221 0 0)
(0.00131332 0 0)
(0.00134447 0 0)
(0.00137566 0 0)
(0.00140691 0 0)
(0.00143821 0 0)
(0.00146957 0 0)
(0.00150098 0 0)
(0.00153246 0 0)
(0.001564 0 0)
(0.00159561 0 0)
(0.00162729 0 0)
(0.00165904 0 0)
(0.00169088 0 0)
(0.00172279 0 0)
(0.00175479 0 0)
(0.00178687 0 0)
(0.00181905 0 0)
(0.00185133 0 0)
(0.0018837 0 0)
(0.00191619 0 0)
(0.00194878 0 0)
(0.00198149 0 0)
(0.00201432 0 0)
(0.00204728 0 0)
(0.00208037 0 0)
(0.00211361 0 0)
(0.00214699 0 0)
(0.00218053 0 0)
(0.00221423 0 0)
(0.0022481 0 0)
(0.00228216 0 0)
(0.00231642 0 0)
(0.00235088 0 0)
(0.00238557 0 0)
(0.00242049 0 0)
(0.00245566 0 0)
(0.0024911 0 0)
(0.00252684 0 0)
(0.00256289 0 0)
(0.00259928 0 0)
(0.00263604 0 0)
(0.00267322 0 0)
(0.00271083 0 0)
(0.00274895 0 0)
(0.00278761 0 0)
(0.00282687 0 0)
(0.00286683 0 0)
(0.00290756 0 0)
(0.00294916 0 0)
(0.00299178 0 0)
(0.00303556 0 0)
(0.00308071 0 0)
(0.00312746 0 0)
(0.00317613 0 0)
(0.00322712 0 0)
(0.00328096 0 0)
(0.00333834 0 0)
(0.00340023 0 0)
)
;

boundaryField
{
    inlet
    {
        type            fixedValue;
        value           uniform (0 0 0);
    }
    outlet
    {
        type            zeroGradient;
    }
    yzfaces
    {
        type            empty;
    }
}


// ************************************************************************* //
