/*--------------------------------*- C++ -*----------------------------------*\
  =========                 |
  \\      /  F ield         | OpenFOAM: The Open Source CFD Toolbox
   \\    /   O peration     | Website:  https://openfoam.org
    \\  /    A nd           | Version:  10
     \\/     M anipulation  |
\*---------------------------------------------------------------------------*/
FoamFile
{
    format      ascii;
    class       volVectorField;
    location    "1.415";
    object      Ua;
}
// * * * * * * * * * * * * * * * * * * * * * * * * * * * * * * * * * * * * * //

dimensions      [0 1 -1 0 0 0 0];

internalField   nonuniform List<vector> 
100
(
(0.00712498 0 0)
(0.0142353 0 0)
(0.0142056 0 0)
(0.0141754 0 0)
(0.0141451 0 0)
(0.0141148 0 0)
(0.0140844 0 0)
(0.014054 0 0)
(0.0140237 0 0)
(0.0139934 0 0)
(0.0139632 0 0)
(0.013933 0 0)
(0.0139029 0 0)
(0.0138728 0 0)
(0.0138428 0 0)
(0.0138128 0 0)
(0.0137828 0 0)
(0.0137529 0 0)
(0.013723 0 0)
(0.0136931 0 0)
(0.0136632 0 0)
(0.0136334 0 0)
(0.0136036 0 0)
(0.0135738 0 0)
(0.013544 0 0)
(0.0135142 0 0)
(0.0134845 0 0)
(0.0134547 0 0)
(0.0134249 0 0)
(0.0133951 0 0)
(0.0133653 0 0)
(0.0133356 0 0)
(0.0133058 0 0)
(0.0132759 0 0)
(0.0132461 0 0)
(0.0132163 0 0)
(0.0131864 0 0)
(0.0131565 0 0)
(0.0131266 0 0)
(0.0130966 0 0)
(0.0130666 0 0)
(0.0130366 0 0)
(0.0130066 0 0)
(0.0129765 0 0)
(0.0129464 0 0)
(0.0129162 0 0)
(0.012886 0 0)
(0.0128557 0 0)
(0.0128254 0 0)
(0.012795 0 0)
(0.0127646 0 0)
(0.0127341 0 0)
(0.0127036 0 0)
(0.012673 0 0)
(0.0126423 0 0)
(0.0126116 0 0)
(0.0125807 0 0)
(0.0125499 0 0)
(0.0125189 0 0)
(0.0124878 0 0)
(0.0124567 0 0)
(0.0124255 0 0)
(0.0123941 0 0)
(0.0123627 0 0)
(0.0123312 0 0)
(0.0122996 0 0)
(0.0122678 0 0)
(0.012236 0 0)
(0.012204 0 0)
(0.0121719 0 0)
(0.0121396 0 0)
(0.0121072 0 0)
(0.0120747 0 0)
(0.012042 0 0)
(0.0120092 0 0)
(0.0119761 0 0)
(0.0119429 0 0)
(0.0119095 0 0)
(0.0118758 0 0)
(0.011842 0 0)
(0.0118079 0 0)
(0.0117735 0 0)
(0.0117389 0 0)
(0.011704 0 0)
(0.0116687 0 0)
(0.0116331 0 0)
(0.0115971 0 0)
(0.0115607 0 0)
(0.0115238 0 0)
(0.0114864 0 0)
(0.0114485 0 0)
(0.0114099 0 0)
(0.0113706 0 0)
(0.0113304 0 0)
(0.0112894 0 0)
(0.0112472 0 0)
(0.0112039 0 0)
(0.011159 0 0)
(0.0111125 0 0)
(0.0110638 0 0)
)
;

boundaryField
{
    inlet
    {
        type            fixedValue;
        value           uniform (0 0 0);
    }
    outlet
    {
        type            zeroGradient;
    }
    yzfaces
    {
        type            empty;
    }
}


// ************************************************************************* //
