/*--------------------------------*- C++ -*----------------------------------*\
  =========                 |
  \\      /  F ield         | OpenFOAM: The Open Source CFD Toolbox
   \\    /   O peration     | Website:  https://openfoam.org
    \\  /    A nd           | Version:  10
     \\/     M anipulation  |
\*---------------------------------------------------------------------------*/
FoamFile
{
    format      ascii;
    class       volVectorField;
    location    "1.415";
    object      Ub;
}
// * * * * * * * * * * * * * * * * * * * * * * * * * * * * * * * * * * * * * //

dimensions      [0 1 -1 0 0 0 0];

internalField   nonuniform List<vector> 
100
(
(1.38377e-05 0 0)
(4.23704e-05 0 0)
(7.20663e-05 0 0)
(0.000102195 0 0)
(0.000132502 0 0)
(0.000162873 0 0)
(0.000193252 0 0)
(0.00022361 0 0)
(0.000253931 0 0)
(0.000284207 0 0)
(0.000314435 0 0)
(0.000344614 0 0)
(0.000374745 0 0)
(0.00040483 0 0)
(0.000434871 0 0)
(0.000464873 0 0)
(0.000494838 0 0)
(0.000524768 0 0)
(0.000554669 0 0)
(0.000584543 0 0)
(0.000614393 0 0)
(0.000644223 0 0)
(0.000674036 0 0)
(0.000703835 0 0)
(0.000733623 0 0)
(0.000763403 0 0)
(0.000793178 0 0)
(0.000822951 0 0)
(0.000852725 0 0)
(0.000882502 0 0)
(0.000912284 0 0)
(0.000942076 0 0)
(0.000971879 0 0)
(0.0010017 0 0)
(0.00103153 0 0)
(0.00106138 0 0)
(0.00109125 0 0)
(0.00112115 0 0)
(0.00115107 0 0)
(0.00118102 0 0)
(0.001211 0 0)
(0.00124102 0 0)
(0.00127107 0 0)
(0.00130115 0 0)
(0.00133128 0 0)
(0.00136145 0 0)
(0.00139167 0 0)
(0.00142193 0 0)
(0.00145225 0 0)
(0.00148261 0 0)
(0.00151304 0 0)
(0.00154352 0 0)
(0.00157406 0 0)
(0.00160466 0 0)
(0.00163534 0 0)
(0.00166608 0 0)
(0.00169689 0 0)
(0.00172778 0 0)
(0.00175875 0 0)
(0.0017898 0 0)
(0.00182094 0 0)
(0.00185217 0 0)
(0.00188349 0 0)
(0.00191491 0 0)
(0.00194643 0 0)
(0.00197806 0 0)
(0.0020098 0 0)
(0.00204166 0 0)
(0.00207364 0 0)
(0.00210575 0 0)
(0.002138 0 0)
(0.00217038 0 0)
(0.00220292 0 0)
(0.00223562 0 0)
(0.00226848 0 0)
(0.00230152 0 0)
(0.00233474 0 0)
(0.00236816 0 0)
(0.00240179 0 0)
(0.00243565 0 0)
(0.00246975 0 0)
(0.00250411 0 0)
(0.00253874 0 0)
(0.00257367 0 0)
(0.00260893 0 0)
(0.00264453 0 0)
(0.00268052 0 0)
(0.00271694 0 0)
(0.00275381 0 0)
(0.0027912 0 0)
(0.00282916 0 0)
(0.00286775 0 0)
(0.00290707 0 0)
(0.0029472 0 0)
(0.00298825 0 0)
(0.00303039 0 0)
(0.00307376 0 0)
(0.0031186 0 0)
(0.00316517 0 0)
(0.00321381 0 0)
)
;

boundaryField
{
    inlet
    {
        type            fixedValue;
        value           uniform (0 0 0);
    }
    outlet
    {
        type            zeroGradient;
    }
    yzfaces
    {
        type            empty;
    }
}


// ************************************************************************* //
