/*--------------------------------*- C++ -*----------------------------------*\
  =========                 |
  \\      /  F ield         | OpenFOAM: The Open Source CFD Toolbox
   \\    /   O peration     | Website:  https://openfoam.org
    \\  /    A nd           | Version:  10
     \\/     M anipulation  |
\*---------------------------------------------------------------------------*/
FoamFile
{
    format      ascii;
    class       volVectorField;
    location    "0.605";
    object      Ua;
}
// * * * * * * * * * * * * * * * * * * * * * * * * * * * * * * * * * * * * * //

dimensions      [0 1 -1 0 0 0 0];

internalField   nonuniform List<vector> 
100
(
(0.00710699 0 0)
(0.0141788 0 0)
(0.0141082 0 0)
(0.0140374 0 0)
(0.0139667 0 0)
(0.0138961 0 0)
(0.0138257 0 0)
(0.0137554 0 0)
(0.0136852 0 0)
(0.013615 0 0)
(0.0135448 0 0)
(0.0134746 0 0)
(0.0134043 0 0)
(0.013334 0 0)
(0.0132634 0 0)
(0.0131928 0 0)
(0.0131219 0 0)
(0.0130507 0 0)
(0.0129793 0 0)
(0.0129076 0 0)
(0.0128355 0 0)
(0.012763 0 0)
(0.01269 0 0)
(0.0126165 0 0)
(0.0125425 0 0)
(0.0124678 0 0)
(0.0123925 0 0)
(0.0123164 0 0)
(0.0122394 0 0)
(0.0121614 0 0)
(0.0120823 0 0)
(0.012002 0 0)
(0.0119202 0 0)
(0.0118367 0 0)
(0.0117513 0 0)
(0.0116636 0 0)
(0.011573 0 0)
(0.0114791 0 0)
(0.0113809 0 0)
(0.0112772 0 0)
(0.0111665 0 0)
(0.0110463 0 0)
(0.0109127 0 0)
(0.0107596 0 0)
(0.010576 0 0)
(0.0103412 0 0)
(0.0100094 0 0)
(0.00945935 0 0)
(0.00824702 0 0)
(0.00462799 0 0)
(0.000934838 0 0)
(2.07062e-07 0 0)
(0 0 0)
(0 0 0)
(0 0 0)
(0 0 0)
(0 0 0)
(0 0 0)
(0 0 0)
(0 0 0)
(0 0 0)
(0 0 0)
(0 0 0)
(0 0 0)
(0 0 0)
(0 0 0)
(0 0 0)
(0 0 0)
(0 0 0)
(0 0 0)
(0 0 0)
(0 0 0)
(0 0 0)
(0 0 0)
(0 0 0)
(0 0 0)
(0 0 0)
(0 0 0)
(0 0 0)
(0 0 0)
(0 0 0)
(0 0 0)
(0 0 0)
(0 0 0)
(0 0 0)
(0 0 0)
(0 0 0)
(0 0 0)
(0 0 0)
(0 0 0)
(0 0 0)
(0 0 0)
(0 0 0)
(0 0 0)
(0 0 0)
(0 0 0)
(0 0 0)
(0 0 0)
(0 0 0)
(0 0 0)
)
;

boundaryField
{
    inlet
    {
        type            fixedValue;
        value           uniform (0 0 0);
    }
    outlet
    {
        type            zeroGradient;
    }
    yzfaces
    {
        type            empty;
    }
}


// ************************************************************************* //
