/*--------------------------------*- C++ -*----------------------------------*\
  =========                 |
  \\      /  F ield         | OpenFOAM: The Open Source CFD Toolbox
   \\    /   O peration     | Website:  https://openfoam.org
    \\  /    A nd           | Version:  10
     \\/     M anipulation  |
\*---------------------------------------------------------------------------*/
FoamFile
{
    format      ascii;
    class       volVectorField;
    location    "0.605";
    object      Ub;
}
// * * * * * * * * * * * * * * * * * * * * * * * * * * * * * * * * * * * * * //

dimensions      [0 1 -1 0 0 0 0];

internalField   nonuniform List<vector> 
100
(
(3.41377e-05 0 0)
(0.000103473 0 0)
(0.000174067 0 0)
(0.00024485 0 0)
(0.000315559 0 0)
(0.000386129 0 0)
(0.000456558 0 0)
(0.000526871 0 0)
(0.000597101 0 0)
(0.000667285 0 0)
(0.00073746 0 0)
(0.000807664 0 0)
(0.000877934 0 0)
(0.000948306 0 0)
(0.00101881 0 0)
(0.0010895 0 0)
(0.00116039 0 0)
(0.00123152 0 0)
(0.00130294 0 0)
(0.00137468 0 0)
(0.00144679 0 0)
(0.0015193 0 0)
(0.00159227 0 0)
(0.00166574 0 0)
(0.00173977 0 0)
(0.00181443 0 0)
(0.00188978 0 0)
(0.00196591 0 0)
(0.00204291 0 0)
(0.00212088 0 0)
(0.00219996 0 0)
(0.0022803 0 0)
(0.00236208 0 0)
(0.00244554 0 0)
(0.00253096 0 0)
(0.0026187 0 0)
(0.00270924 0 0)
(0.00280319 0 0)
(0.0029014 0 0)
(0.00300502 0 0)
(0.00311572 0 0)
(0.00323596 0 0)
(0.00336954 0 0)
(0.00352268 0 0)
(0.00370625 0 0)
(0.0039411 0 0)
(0.00427285 0 0)
(0.00482291 0 0)
(0.00603524 0 0)
(0.00965427 0 0)
(0.0133474 0 0)
(0.0142821 0 0)
(0.0142823 0 0)
(0.0142823 0 0)
(0.0142823 0 0)
(0.0142823 0 0)
(0.0142823 0 0)
(0.0142823 0 0)
(0.0142823 0 0)
(0.0142823 0 0)
(0.0142823 0 0)
(0.0142823 0 0)
(0.0142823 0 0)
(0.0142823 0 0)
(0.0142823 0 0)
(0.0142823 0 0)
(0.0142823 0 0)
(0.0142823 0 0)
(0.0142823 0 0)
(0.0142823 0 0)
(0.0142823 0 0)
(0.0142823 0 0)
(0.0142823 0 0)
(0.0142823 0 0)
(0.0142823 0 0)
(0.0142823 0 0)
(0.0142823 0 0)
(0.0142823 0 0)
(0.0142823 0 0)
(0.0142823 0 0)
(0.0142823 0 0)
(0.0142823 0 0)
(0.0142823 0 0)
(0.0142823 0 0)
(0.0142823 0 0)
(0.0142823 0 0)
(0.0142823 0 0)
(0.0142823 0 0)
(0.0142823 0 0)
(0.0142823 0 0)
(0.0142823 0 0)
(0.0142823 0 0)
(0.0142823 0 0)
(0.0142823 0 0)
(0.0142823 0 0)
(0.0142823 0 0)
(0.0142823 0 0)
(0.0142823 0 0)
(0.0142823 0 0)
(0.0142823 0 0)
)
;

boundaryField
{
    inlet
    {
        type            fixedValue;
        value           uniform (0 0 0);
    }
    outlet
    {
        type            zeroGradient;
    }
    yzfaces
    {
        type            empty;
    }
}


// ************************************************************************* //
