/*--------------------------------*- C++ -*----------------------------------*\
  =========                 |
  \\      /  F ield         | OpenFOAM: The Open Source CFD Toolbox
   \\    /   O peration     | Website:  https://openfoam.org
    \\  /    A nd           | Version:  10
     \\/     M anipulation  |
\*---------------------------------------------------------------------------*/
FoamFile
{
    format      ascii;
    class       volVectorField;
    location    "1.18";
    object      Ua;
}
// * * * * * * * * * * * * * * * * * * * * * * * * * * * * * * * * * * * * * //

dimensions      [0 1 -1 0 0 0 0];

internalField   nonuniform List<vector> 
100
(
(0.00712266 0 0)
(0.0142276 0 0)
(0.0141917 0 0)
(0.0141555 0 0)
(0.0141191 0 0)
(0.0140827 0 0)
(0.0140464 0 0)
(0.01401 0 0)
(0.0139738 0 0)
(0.0139376 0 0)
(0.0139014 0 0)
(0.0138654 0 0)
(0.0138293 0 0)
(0.0137934 0 0)
(0.0137575 0 0)
(0.0137216 0 0)
(0.0136857 0 0)
(0.0136499 0 0)
(0.0136141 0 0)
(0.0135783 0 0)
(0.0135426 0 0)
(0.0135068 0 0)
(0.0134711 0 0)
(0.0134353 0 0)
(0.0133996 0 0)
(0.0133638 0 0)
(0.013328 0 0)
(0.0132922 0 0)
(0.0132564 0 0)
(0.0132205 0 0)
(0.0131846 0 0)
(0.0131487 0 0)
(0.0131127 0 0)
(0.0130767 0 0)
(0.0130406 0 0)
(0.0130045 0 0)
(0.0129683 0 0)
(0.0129321 0 0)
(0.0128957 0 0)
(0.0128594 0 0)
(0.0128229 0 0)
(0.0127863 0 0)
(0.0127497 0 0)
(0.012713 0 0)
(0.0126762 0 0)
(0.0126392 0 0)
(0.0126022 0 0)
(0.0125651 0 0)
(0.0125278 0 0)
(0.0124904 0 0)
(0.0124529 0 0)
(0.0124152 0 0)
(0.0123774 0 0)
(0.0123395 0 0)
(0.0123013 0 0)
(0.012263 0 0)
(0.0122245 0 0)
(0.0121859 0 0)
(0.012147 0 0)
(0.0121079 0 0)
(0.0120685 0 0)
(0.012029 0 0)
(0.0119891 0 0)
(0.011949 0 0)
(0.0119085 0 0)
(0.0118677 0 0)
(0.0118266 0 0)
(0.0117851 0 0)
(0.0117431 0 0)
(0.0117007 0 0)
(0.0116578 0 0)
(0.0116143 0 0)
(0.0115702 0 0)
(0.0115254 0 0)
(0.0114797 0 0)
(0.0114332 0 0)
(0.0113857 0 0)
(0.0113369 0 0)
(0.0112868 0 0)
(0.011235 0 0)
(0.0111813 0 0)
(0.0111253 0 0)
(0.0110663 0 0)
(0.0110038 0 0)
(0.0109367 0 0)
(0.0108638 0 0)
(0.0107829 0 0)
(0.0106912 0 0)
(0.0105839 0 0)
(0.0104531 0 0)
(0.0102844 0 0)
(0.0100489 0 0)
(0.00967794 0 0)
(0.00896573 0 0)
(0.00702077 0 0)
(0.00286666 0 0)
(8.8396e-05 0 0)
(2.02309e-11 0 0)
(0 0 0)
(0 0 0)
)
;

boundaryField
{
    inlet
    {
        type            fixedValue;
        value           uniform (0 0 0);
    }
    outlet
    {
        type            zeroGradient;
    }
    yzfaces
    {
        type            empty;
    }
}


// ************************************************************************* //
