/*--------------------------------*- C++ -*----------------------------------*\
  =========                 |
  \\      /  F ield         | OpenFOAM: The Open Source CFD Toolbox
   \\    /   O peration     | Website:  https://openfoam.org
    \\  /    A nd           | Version:  10
     \\/     M anipulation  |
\*---------------------------------------------------------------------------*/
FoamFile
{
    format      ascii;
    class       volVectorField;
    location    "1.18";
    object      Ub;
}
// * * * * * * * * * * * * * * * * * * * * * * * * * * * * * * * * * * * * * //

dimensions      [0 1 -1 0 0 0 0];

internalField   nonuniform List<vector> 
100
(
(1.68317e-05 0 0)
(5.14182e-05 0 0)
(8.72309e-05 0 0)
(0.000123457 0 0)
(0.000159827 0 0)
(0.000196226 0 0)
(0.000232601 0 0)
(0.000268927 0 0)
(0.000305191 0 0)
(0.000341392 0 0)
(0.000377529 0 0)
(0.000413605 0 0)
(0.000449625 0 0)
(0.000485593 0 0)
(0.000521515 0 0)
(0.000557397 0 0)
(0.000593244 0 0)
(0.000629062 0 0)
(0.000664856 0 0)
(0.000700631 0 0)
(0.000736394 0 0)
(0.000772148 0 0)
(0.0008079 0 0)
(0.000843653 0 0)
(0.000879412 0 0)
(0.000915183 0 0)
(0.00095097 0 0)
(0.000986777 0 0)
(0.00102261 0 0)
(0.00105847 0 0)
(0.00109436 0 0)
(0.0011303 0 0)
(0.00116627 0 0)
(0.00120229 0 0)
(0.00123836 0 0)
(0.00127449 0 0)
(0.00131067 0 0)
(0.00134692 0 0)
(0.00138323 0 0)
(0.00141962 0 0)
(0.00145609 0 0)
(0.00149263 0 0)
(0.00152927 0 0)
(0.00156599 0 0)
(0.00160281 0 0)
(0.00163973 0 0)
(0.00167677 0 0)
(0.00171391 0 0)
(0.00175117 0 0)
(0.00178856 0 0)
(0.00182608 0 0)
(0.00186374 0 0)
(0.00190155 0 0)
(0.00193952 0 0)
(0.00197764 0 0)
(0.00201595 0 0)
(0.00205443 0 0)
(0.00209311 0 0)
(0.00213199 0 0)
(0.0021711 0 0)
(0.00221043 0 0)
(0.00225002 0 0)
(0.00228987 0 0)
(0.00233001 0 0)
(0.00237046 0 0)
(0.00241123 0 0)
(0.00245237 0 0)
(0.00249389 0 0)
(0.00253584 0 0)
(0.00257825 0 0)
(0.00262118 0 0)
(0.00266467 0 0)
(0.00270879 0 0)
(0.00275362 0 0)
(0.00279924 0 0)
(0.00284576 0 0)
(0.00289331 0 0)
(0.00294206 0 0)
(0.00299219 0 0)
(0.00304395 0 0)
(0.00309766 0 0)
(0.00315372 0 0)
(0.00321265 0 0)
(0.00327517 0 0)
(0.00334223 0 0)
(0.0034152 0 0)
(0.00349606 0 0)
(0.00358779 0 0)
(0.0036951 0 0)
(0.0038259 0 0)
(0.00399456 0 0)
(0.00423011 0 0)
(0.00460103 0 0)
(0.00531325 0 0)
(0.0072582 0 0)
(0.0114123 0 0)
(0.0141906 0 0)
(0.014279 0 0)
(0.014279 0 0)
(0.014279 0 0)
)
;

boundaryField
{
    inlet
    {
        type            fixedValue;
        value           uniform (0 0 0);
    }
    outlet
    {
        type            zeroGradient;
    }
    yzfaces
    {
        type            empty;
    }
}


// ************************************************************************* //
