/*--------------------------------*- C++ -*----------------------------------*\
  =========                 |
  \\      /  F ield         | OpenFOAM: The Open Source CFD Toolbox
   \\    /   O peration     | Website:  https://openfoam.org
    \\  /    A nd           | Version:  10
     \\/     M anipulation  |
\*---------------------------------------------------------------------------*/
FoamFile
{
    format      ascii;
    class       volVectorField;
    location    "0.925";
    object      Ua;
}
// * * * * * * * * * * * * * * * * * * * * * * * * * * * * * * * * * * * * * //

dimensions      [0 1 -1 0 0 0 0];

internalField   nonuniform List<vector> 
100
(
(0.00711839 0 0)
(0.0142139 0 0)
(0.014168 0 0)
(0.0141217 0 0)
(0.0140753 0 0)
(0.014029 0 0)
(0.0139827 0 0)
(0.0139365 0 0)
(0.0138904 0 0)
(0.0138444 0 0)
(0.0137985 0 0)
(0.0137526 0 0)
(0.0137068 0 0)
(0.013661 0 0)
(0.0136153 0 0)
(0.0135696 0 0)
(0.0135239 0 0)
(0.0134782 0 0)
(0.0134324 0 0)
(0.0133867 0 0)
(0.013341 0 0)
(0.0132952 0 0)
(0.0132493 0 0)
(0.0132034 0 0)
(0.0131574 0 0)
(0.0131114 0 0)
(0.0130653 0 0)
(0.013019 0 0)
(0.0129727 0 0)
(0.0129262 0 0)
(0.0128797 0 0)
(0.012833 0 0)
(0.0127861 0 0)
(0.0127391 0 0)
(0.012692 0 0)
(0.0126446 0 0)
(0.0125971 0 0)
(0.0125493 0 0)
(0.0125014 0 0)
(0.0124532 0 0)
(0.0124047 0 0)
(0.012356 0 0)
(0.012307 0 0)
(0.0122577 0 0)
(0.012208 0 0)
(0.012158 0 0)
(0.0121076 0 0)
(0.0120568 0 0)
(0.0120055 0 0)
(0.0119537 0 0)
(0.0119013 0 0)
(0.0118483 0 0)
(0.0117947 0 0)
(0.0117403 0 0)
(0.011685 0 0)
(0.0116288 0 0)
(0.0115715 0 0)
(0.0115129 0 0)
(0.0114528 0 0)
(0.011391 0 0)
(0.0113272 0 0)
(0.0112608 0 0)
(0.0111915 0 0)
(0.0111184 0 0)
(0.0110404 0 0)
(0.0109563 0 0)
(0.0108637 0 0)
(0.0107596 0 0)
(0.0106388 0 0)
(0.0104925 0 0)
(0.0103046 0 0)
(0.0100418 0 0)
(0.00962244 0 0)
(0.00878697 0 0)
(0.0063619 0 0)
(0.00227481 0 0)
(2.03955e-05 0 0)
(9.77361e-14 0 0)
(0 0 0)
(0 0 0)
(0 0 0)
(0 0 0)
(0 0 0)
(0 0 0)
(0 0 0)
(0 0 0)
(0 0 0)
(0 0 0)
(0 0 0)
(0 0 0)
(0 0 0)
(0 0 0)
(0 0 0)
(0 0 0)
(0 0 0)
(0 0 0)
(0 0 0)
(0 0 0)
(0 0 0)
(0 0 0)
)
;

boundaryField
{
    inlet
    {
        type            fixedValue;
        value           uniform (0 0 0);
    }
    outlet
    {
        type            zeroGradient;
    }
    yzfaces
    {
        type            empty;
    }
}


// ************************************************************************* //
