/*--------------------------------*- C++ -*----------------------------------*\
  =========                 |
  \\      /  F ield         | OpenFOAM: The Open Source CFD Toolbox
   \\    /   O peration     | Website:  https://openfoam.org
    \\  /    A nd           | Version:  10
     \\/     M anipulation  |
\*---------------------------------------------------------------------------*/
FoamFile
{
    format      ascii;
    class       volVectorField;
    location    "0.925";
    object      Ub;
}
// * * * * * * * * * * * * * * * * * * * * * * * * * * * * * * * * * * * * * //

dimensions      [0 1 -1 0 0 0 0];

internalField   nonuniform List<vector> 
100
(
(2.18305e-05 0 0)
(6.64888e-05 0 0)
(0.000112428 0 0)
(0.000158729 0 0)
(0.000205107 0 0)
(0.000251455 0 0)
(0.00029773 0 0)
(0.000343916 0 0)
(0.000390013 0 0)
(0.000436024 0 0)
(0.000481959 0 0)
(0.000527828 0 0)
(0.000573642 0 0)
(0.000619411 0 0)
(0.000665148 0 0)
(0.000710863 0 0)
(0.000756567 0 0)
(0.00080227 0 0)
(0.000847982 0 0)
(0.000893714 0 0)
(0.000939475 0 0)
(0.000985274 0 0)
(0.00103112 0 0)
(0.00107703 0 0)
(0.001123 0 0)
(0.00116905 0 0)
(0.00121518 0 0)
(0.00126141 0 0)
(0.00130774 0 0)
(0.00135418 0 0)
(0.00140075 0 0)
(0.00144745 0 0)
(0.0014943 0 0)
(0.0015413 0 0)
(0.00158847 0 0)
(0.00163582 0 0)
(0.00168336 0 0)
(0.00173111 0 0)
(0.00177907 0 0)
(0.00182727 0 0)
(0.00187572 0 0)
(0.00192444 0 0)
(0.00197345 0 0)
(0.00202277 0 0)
(0.00207242 0 0)
(0.00212244 0 0)
(0.00217285 0 0)
(0.00222368 0 0)
(0.00227498 0 0)
(0.00232678 0 0)
(0.00237913 0 0)
(0.0024321 0 0)
(0.00248575 0 0)
(0.00254016 0 0)
(0.00259543 0 0)
(0.00265165 0 0)
(0.00270898 0 0)
(0.00276757 0 0)
(0.00282764 0 0)
(0.00288943 0 0)
(0.00295327 0 0)
(0.00301959 0 0)
(0.00308894 0 0)
(0.00316207 0 0)
(0.00323999 0 0)
(0.00332416 0 0)
(0.0034167 0 0)
(0.00352082 0 0)
(0.00364166 0 0)
(0.00378796 0 0)
(0.00397584 0 0)
(0.00423867 0 0)
(0.00465799 0 0)
(0.00549346 0 0)
(0.00791853 0 0)
(0.0120056 0 0)
(0.01426 0 0)
(0.0142804 0 0)
(0.0142804 0 0)
(0.0142804 0 0)
(0.0142804 0 0)
(0.0142804 0 0)
(0.0142804 0 0)
(0.0142804 0 0)
(0.0142804 0 0)
(0.0142804 0 0)
(0.0142804 0 0)
(0.0142804 0 0)
(0.0142804 0 0)
(0.0142804 0 0)
(0.0142804 0 0)
(0.0142804 0 0)
(0.0142804 0 0)
(0.0142804 0 0)
(0.0142804 0 0)
(0.0142804 0 0)
(0.0142804 0 0)
(0.0142804 0 0)
(0.0142804 0 0)
(0.0142804 0 0)
)
;

boundaryField
{
    inlet
    {
        type            fixedValue;
        value           uniform (0 0 0);
    }
    outlet
    {
        type            zeroGradient;
    }
    yzfaces
    {
        type            empty;
    }
}


// ************************************************************************* //
