/*--------------------------------*- C++ -*----------------------------------*\
  =========                 |
  \\      /  F ield         | OpenFOAM: The Open Source CFD Toolbox
   \\    /   O peration     | Website:  https://openfoam.org
    \\  /    A nd           | Version:  10
     \\/     M anipulation  |
\*---------------------------------------------------------------------------*/
FoamFile
{
    format      ascii;
    class       volVectorField;
    location    "0.39";
    object      Ub;
}
// * * * * * * * * * * * * * * * * * * * * * * * * * * * * * * * * * * * * * //

dimensions      [0 1 -1 0 0 0 0];

internalField   nonuniform List<vector> 
100
(
(5.38139e-05 0 0)
(0.000162436 0 0)
(0.000272111 0 0)
(0.000381761 0 0)
(0.000491261 0 0)
(0.000600679 0 0)
(0.000710135 0 0)
(0.000819764 0 0)
(0.000929706 0 0)
(0.0010401 0 0)
(0.00115109 0 0)
(0.00126283 0 0)
(0.00137548 0 0)
(0.00148922 0 0)
(0.00160425 0 0)
(0.0017208 0 0)
(0.00183913 0 0)
(0.00195958 0 0)
(0.00208256 0 0)
(0.00220856 0 0)
(0.00233827 0 0)
(0.00247257 0 0)
(0.00261269 0 0)
(0.00276038 0 0)
(0.00291823 0 0)
(0.00309026 0 0)
(0.00328307 0 0)
(0.00350833 0 0)
(0.00378873 0 0)
(0.00417484 0 0)
(0.00480558 0 0)
(0.00621402 0 0)
(0.0101635 0 0)
(0.0136952 0 0)
(0.0142835 0 0)
(0.0142835 0 0)
(0.0142835 0 0)
(0.0142835 0 0)
(0.0142835 0 0)
(0.0142835 0 0)
(0.0142835 0 0)
(0.0142835 0 0)
(0.0142835 0 0)
(0.0142835 0 0)
(0.0142835 0 0)
(0.0142835 0 0)
(0.0142835 0 0)
(0.0142835 0 0)
(0.0142835 0 0)
(0.0142835 0 0)
(0.0142835 0 0)
(0.0142835 0 0)
(0.0142835 0 0)
(0.0142835 0 0)
(0.0142835 0 0)
(0.0142835 0 0)
(0.0142835 0 0)
(0.0142835 0 0)
(0.0142835 0 0)
(0.0142835 0 0)
(0.0142835 0 0)
(0.0142835 0 0)
(0.0142835 0 0)
(0.0142835 0 0)
(0.0142835 0 0)
(0.0142835 0 0)
(0.0142835 0 0)
(0.0142835 0 0)
(0.0142835 0 0)
(0.0142835 0 0)
(0.0142835 0 0)
(0.0142835 0 0)
(0.0142835 0 0)
(0.0142835 0 0)
(0.0142835 0 0)
(0.0142835 0 0)
(0.0142835 0 0)
(0.0142835 0 0)
(0.0142835 0 0)
(0.0142835 0 0)
(0.0142835 0 0)
(0.0142835 0 0)
(0.0142835 0 0)
(0.0142835 0 0)
(0.0142835 0 0)
(0.0142835 0 0)
(0.0142835 0 0)
(0.0142835 0 0)
(0.0142835 0 0)
(0.0142835 0 0)
(0.0142835 0 0)
(0.0142835 0 0)
(0.0142835 0 0)
(0.0142835 0 0)
(0.0142835 0 0)
(0.0142835 0 0)
(0.0142835 0 0)
(0.0142835 0 0)
(0.0142835 0 0)
(0.0142835 0 0)
)
;

boundaryField
{
    inlet
    {
        type            fixedValue;
        value           uniform (0 0 0);
    }
    outlet
    {
        type            zeroGradient;
    }
    yzfaces
    {
        type            empty;
    }
}


// ************************************************************************* //
